values
	0.0080574,-15.56906,-4.581999,44.45195,31.80003,306.3744,0,0,0,1,
	0.0145351,-15.56906,-4.581999,44.45195,31.80003,304.8743,0,0,0,1,
	0.0207831,-15.56906,-4.581999,44.45195,31.80003,303.7494,0,0,0,1,
	0.0262966,-15.74921,-4.506399,44.54922,31.80003,302.8494,0,0,0,1,
	0.0308187,-15.74921,-4.506399,44.54922,31.80003,301.8744,0,0,0,1,
	0.0375219,-15.74921,-4.506399,44.54922,31.80003,301.3494,0,0,0,1,
	0.0432787,-15.93366,-4.435999,44.63941,31.80003,300.5244,0,0,0,1,
	0.0487024,-15.93366,-4.435999,44.63941,31.80003,299.9994,0,0,0,1,
	0.0537977,-15.93366,-4.435999,44.63941,31.80003,299.5493,0,0,0,1,
	0.0575859,-15.93366,-4.435999,44.63941,31.80003,299.3243,0,0,0,1,
	0.0622367,-16.12051,-4.370799,44.7254,31.80003,299.1743,0,0,0,1,
	0.0678804,-16.12051,-4.370799,44.7254,31.80003,299.0993,0,0,0,0,
	0.0754064,-16.12051,-4.370799,44.7254,31.72503,299.0993,0,0,1,0,
	0.0827422,-16.30016,-4.310799,44.82431,31.72503,299.0993,0,0,1,0,
	0.0885794,-16.30016,-4.310799,44.82431,31.65003,299.2493,0,0,1,0,
	0.0939485,-16.30016,-4.310799,44.82431,31.50003,299.5493,0,0,1,0,
	0.0999329,-16.30016,-4.310799,44.82431,31.42502,299.7743,0,0,1,0,
	0.1097404,-16.46952,-4.255999,44.94149,31.20003,300.2243,0,0,1,0,
	0.1177388,-16.46952,-4.255999,44.94149,30.82503,301.3493,0,0,1,0,
	0.1228583,-16.63431,-4.206399,45.06598,30.52502,302.6243,0,0,1,0,
	0.12982,-16.63431,-4.206399,45.06598,30.37503,303.2993,0,0,1,0,
	0.1337797,-16.63431,-4.206399,45.06598,30.07503,304.4993,0,0,1,0,
	0.1396863,-16.63431,-4.206399,45.06598,29.85003,305.3243,0,0,1,0,
	0.1455722,-16.79136,-4.161999,45.20153,29.62503,306.3743,0,0,1,0,
	0.1513791,-16.79136,-4.161999,45.20153,29.40003,307.5743,0,0,1,0,
	0.1561564,-16.79136,-4.161999,45.20153,29.17503,309.0743,0,0,1,0,
	0.1605923,-16.79136,-4.161999,45.20153,29.02503,310.1243,0,0,1,0,
	0.1669094,-16.93719,-4.122799,45.3507,28.87503,311.2493,0,0,1,0,
	0.1752103,-16.93719,-4.122799,45.3507,28.65003,312.5993,0,0,1,0,
	0.1816583,-16.93719,-4.122799,45.3507,28.35003,315.0743,0,0,1,0,
	0.1867893,-17.06895,-4.088799,45.51398,28.20003,316.7243,0,0,1,0,
	0.1939251,-17.06895,-4.088799,45.51398,28.05003,318.1493,0,0,1,0,
	0.2003054,-17.06895,-4.088799,45.51398,27.90003,320.0243,0,0,1,0,
	0.2075484,-17.18616,-4.059999,45.68938,27.82503,321.8993,0,0,1,0,
	0.2141107,-17.18616,-4.059999,45.68938,27.82503,323.6993,0,0,1,0,
	0.2184357,-17.18616,-4.059999,45.68938,27.75003,325.3493,0,0,1,0,
	0.2285934,-17.2905,-4.036399,45.87385,27.75003,326.1743,0,0,0,1,
	0.2369627,-17.2905,-4.036399,45.87385,27.75003,328.3493,0,0,0,1,
	0.2434344,-17.41215,-4.017999,46.04765,27.75003,330.2243,0,0,0,1,
	0.2506855,-17.41215,-4.017999,46.04765,27.82503,331.4993,0,0,0,1,
	0.2609763,-17.41215,-4.017999,46.04765,27.90003,332.6993,0,0,0,1,
	0.2819301,-17.53379,-4.004799,46.22146,28.05003,334.2743,0,0,0,1,
	0.2882406,-17.65543,-3.996799,46.39526,28.35003,336.2993,0,0,0,1,
	0.2934913,-17.65543,-3.996799,46.39526,28.42503,336.5993,0,0,0,1,
	0.2983955,-17.65543,-3.996799,46.39526,28.50003,336.7493,0,0,0,1,
	0.3011694,-17.65543,-3.996799,46.39526,28.50003,336.8243,0,0,0,1,
	0.3047985,-17.77708,-3.993999,46.56907,28.50003,336.8243,0,0,0,1,
	0.3080112,-17.77708,-3.993999,46.56907,28.50003,336.8243,0,0,0,1,
	0.3123903,-17.77708,-3.993999,46.56907,28.50003,336.8243,0,0,0,1,
	0.3196292,-17.77708,-3.993999,46.56907,28.57503,336.8243,0,0,0,1,
	0.3246113,-17.89872,-3.996399,46.74287,28.65003,336.6743,0,0,0,1,
	0.3289793,-17.89872,-3.996399,46.74287,28.72503,336.5993,0,0,0,1,
	0.3349968,-17.89872,-3.996399,46.74287,28.80004,336.4493,0,0,0,1,
	0.3399123,-17.89872,-3.996399,46.74287,28.87503,336.2243,0,0,0,1,
	0.346437,-18.02036,-4.003999,46.91668,28.95004,335.9993,0,0,0,1,
	0.3527856,-18.02036,-4.003999,46.91668,29.10003,335.5493,0,0,0,1,
	0.3565435,-18.02036,-4.003999,46.91668,29.17503,335.1743,0,0,0,1,
	0.3623899,-18.14201,-4.016799,47.09048,29.32504,334.8743,0,0,0,1,
	0.3692132,-18.14201,-4.016799,47.09048,29.47504,334.3493,0,0,0,1,
	0.3756821,-18.14201,-4.016799,47.09048,29.70004,333.5993,0,0,0,1,
	0.3817474,-18.14201,-4.016799,47.09048,29.85004,332.9993,0,0,0,1,
	0.3867691,-18.26365,-4.034799,47.26429,30.00003,332.3993,0,0,0,1,
	0.3929131,-18.26365,-4.034799,47.26429,30.15003,331.7993,0,0,0,1,
	0.3977379,-18.26365,-4.034799,47.26429,30.37504,330.9743,0,0,0,1,
	0.4034181,-18.38529,-4.057999,47.4381,30.52503,330.3743,0,0,0,1,
	0.4091647,-18.38529,-4.057999,47.4381,30.67504,329.5493,0,0,0,1,
	0.4143649,-18.38529,-4.057999,47.4381,30.90004,328.5742,0,0,0,1,
	0.4192452,-18.38529,-4.057999,47.4381,31.05003,327.7492,0,0,0,1,
	0.4249333,-18.51425,-4.086399,47.60729,31.12503,326.9992,0,0,0,1,
	0.4303071,-18.51425,-4.086399,47.60729,31.27503,326.1742,0,0,0,1,
	0.4357586,-18.51425,-4.086399,47.60729,31.42504,325.0492,0,0,0,1,
	0.4428859,-18.65165,-4.119999,47.77061,31.50003,324.2242,0,0,0,1,
	0.4511754,-18.65165,-4.119999,47.77061,31.57503,323.0242,0,0,0,1,
	0.457196,-18.65165,-4.119999,47.77061,31.72503,321.3742,0,0,0,1,
	0.4623452,-18.8,-4.158799,47.92527,31.72503,320.4742,0,0,0,1,
	0.4686206,-18.8,-4.158799,47.92527,31.80004,319.5742,0,0,0,1,
	0.4742528,-18.8,-4.158799,47.92527,31.80004,318.4492,0,0,0,1,
	0.4803654,-18.8,-4.158799,47.92527,31.80004,317.3992,0,0,0,1,
	0.4855398,-18.9598,-4.202799,48.06959,31.80004,316.3492,0,0,0,1,
	0.492334,-18.9598,-4.202799,48.06959,31.80004,315.5242,0,0,0,1,
	0.4986278,-18.9598,-4.202799,48.06959,31.80004,314.0992,0,0,0,1,
	0.5034516,-19.12821,-4.251999,48.20502,31.80004,313.0493,0,0,0,1,
	0.509582,-19.12821,-4.251999,48.20502,31.80003,312.1493,0,0,0,1,
	0.5169001,-19.12821,-4.251999,48.20502,31.80003,310.9492,0,0,0,1,
	0.5258492,-19.30476,-4.306399,48.33104,31.80004,309.7492,0,0,0,1,
	0.5359014,-19.30476,-4.306399,48.33104,31.72504,307.9492,0,0,0,1,
	0.5434171,-19.48919,-4.365999,48.44666,31.57503,306.2993,0,0,0,1,
	0.5514476,-19.48919,-4.365999,48.44666,31.42504,304.9492,0,0,0,1,
	0.5595452,-19.48919,-4.365999,48.44666,31.35004,303.8993,0,0,0,1,
	0.5654073,-19.68079,-4.368928,48.55166,31.20004,302.9243,0,0,0,1,
	0.5718169,-19.68079,-4.368928,48.55166,31.12503,302.4742,0,0,0,1,
	0.5763283,-19.68079,-4.368928,48.55166,31.05003,302.0242,0,0,0,1,
	0.5817325,-19.68079,-4.368928,48.55166,30.97503,301.7992,0,0,0,1,
	0.5858003,-19.87497,-4.288128,48.65256,30.90003,301.6492,0,0,0,1,
	0.5908423,-19.87497,-4.288128,48.65256,30.82503,301.4992,0,0,0,1,
	0.5958791,-19.87497,-4.288128,48.65256,30.75003,301.4992,0,0,0,0,
	0.6034149,-20.06945,-4.212528,48.75296,30.75003,301.4992,0,0,1,0,
	0.6105968,-20.06945,-4.212528,48.75296,30.60003,301.4992,0,0,1,0,
	0.6150561,-20.06945,-4.212528,48.75296,30.52502,301.4992,0,0,1,0,
	0.6197368,-20.06945,-4.212528,48.75296,30.45003,301.5742,0,0,1,0,
	0.6257599,-20.24691,-4.142128,48.88114,30.30003,301.6493,0,0,1,0,
	0.6320959,-20.24691,-4.142128,48.88114,30.15003,301.8742,0,0,1,0,
	0.6375719,-20.24691,-4.142128,48.88114,30.00003,302.0993,0,0,1,0,
	0.6417401,-20.24691,-4.142128,48.88114,29.85003,302.3992,0,0,1,0,
	0.6466804,-20.42238,-4.076928,49.01246,29.70003,302.6243,0,0,1,0,
	0.6522981,-20.42238,-4.076928,49.01246,29.55003,302.9993,0,0,1,0,
	0.6568801,-20.42238,-4.076928,49.01246,29.32503,303.5992,0,0,1,0,
	0.6617288,-20.42238,-4.076928,49.01246,29.17503,304.1243,0,0,1,0,
	0.6675256,-20.5937,-4.016928,49.14997,29.10003,304.5743,0,0,1,0,
	0.6743964,-20.5937,-4.016928,49.14997,28.87503,305.3243,0,0,1,0,
	0.6814928,-20.5937,-4.016928,49.14997,28.72503,306.2993,0,0,1,0,
	0.6874036,-20.75853,-3.962128,49.29625,28.57503,307.4243,0,0,1,0,
	0.6937679,-20.75853,-3.962128,49.29625,28.50003,308.3243,0,0,1,0,
	0.6977806,-20.75853,-3.962128,49.29625,28.35003,309.2243,0,0,1,0,
	0.7022453,-20.917,-3.912528,49.45035,28.27503,310.0493,0,0,1,0,
	0.7073227,-20.917,-3.912528,49.45035,28.20003,310.7993,0,0,1,0,
	0.7135565,-20.917,-3.912528,49.45035,28.12503,311.6243,0,0,1,0,
	0.7181098,-20.917,-3.912528,49.45035,28.05003,312.6743,0,0,1,0,
	0.7242364,-21.06632,-3.868128,49.6145,27.97503,313.5743,0,0,1,0,
	0.7317617,-21.06632,-3.868128,49.6145,27.90002,314.5493,0,0,1,0,
	0.7395907,-21.06632,-3.868128,49.6145,27.82503,315.9743,0,0,1,0,
	0.7468521,-21.20519,-3.828928,49.78872,27.75003,317.3243,0,0,1,0,
	0.7536863,-21.20519,-3.828928,49.78872,27.67503,318.7493,0,0,1,0,
	0.7595847,-21.20519,-3.828928,49.78872,27.60002,319.9493,0,0,1,0,
	0.7653937,-21.33269,-3.794928,49.97252,27.52502,321.1493,0,0,1,0,
	0.7711987,-21.33269,-3.794928,49.97252,27.52502,322.1993,0,0,1,0,
	0.7765852,-21.33269,-3.794928,49.97252,27.45002,323.4743,0,0,1,0,
	0.7815794,-21.33269,-3.794928,49.97252,27.45002,324.0743,0,0,1,0,
	0.7874264,-21.44721,-3.766128,50.16584,27.45002,325.2743,0,0,1,0,
	0.7937903,-21.44721,-3.766128,50.16584,27.37502,326.2493,0,0,1,0,
	0.8004795,-21.44721,-3.766128,50.16584,27.37502,327.2993,0,0,1,0,
	0.8065031,-21.55082,-3.742528,50.3661,27.37502,328.5743,0,0,1,0,
	0.8137996,-21.55082,-3.742528,50.3661,27.37502,329.6243,0,0,1,0,
	0.8203447,-21.55082,-3.742528,50.3661,27.37502,330.8243,0,0,1,0,
	0.8267173,-21.64259,-3.724128,50.57297,27.37502,332.0243,0,0,1,0,
	0.8328519,-21.64259,-3.724128,50.57297,27.37502,332.9993,0,0,1,0,
	0.8409531,-21.64259,-3.724128,50.57297,27.37502,334.1243,0,0,1,0,
	0.8468676,-21.72262,-3.710928,50.7855,27.37502,335.3243,0,0,1,0,
	0.8562391,-21.72262,-3.710928,50.7855,27.37502,336.4493,0,0,1,0,
	0.8638009,-21.79279,-3.702928,51.00214,27.45002,338.0243,0,0,1,0,
	0.8705102,-21.79279,-3.702928,51.00214,27.45002,339.2243,0,0,1,0,
	0.8767251,-21.79279,-3.702928,51.00214,27.52502,340.3493,0,0,1,0,
	0.8844475,-21.85091,-3.700128,51.22313,27.60002,341.2493,0,0,1,0,
	0.8918814,-21.85091,-3.700128,51.22313,27.67503,342.5243,0,0,1,0,
	0.8991718,-21.85091,-3.700128,51.22313,27.75003,343.7243,0,0,1,0,
	0.9058411,-21.89469,-3.702528,51.44829,27.90002,344.9993,0,0,1,0,
	0.9123699,-21.89469,-3.702528,51.44829,27.97503,346.1243,0,0,1,0,
	0.9185645,-21.89469,-3.702528,51.44829,28.12502,347.3243,0,0,1,0,
	0.9263931,-21.92558,-3.710128,51.67638,28.20002,348.2993,0,0,1,0,
	0.9326219,-21.92558,-3.710128,51.67638,28.27503,349.6494,0,0,1,0,
	0.938808,-21.92558,-3.710128,51.67638,28.35003,350.6993,0,0,1,0,
	0.9447211,-21.94312,-3.722928,51.9067,28.42503,351.6743,0,0,1,0,
	0.9505425,-21.94312,-3.722928,51.9067,28.50003,352.5743,0,0,1,0,
	0.9559414,-21.94312,-3.722928,51.9067,28.57503,353.4743,0,0,1,0,
	0.9604774,-21.94312,-3.722928,51.9067,28.65003,354.4493,0,0,1,0,
	0.9661663,-21.94653,-3.740928,52.13852,28.65003,355.1993,0,0,1,0,
	0.9722507,-21.94653,-3.740928,52.13852,28.72503,356.1743,0,0,1,0,
	0.9779515,-21.94653,-3.740928,52.13852,28.80003,357.2243,0,0,1,0,
	0.9824103,-21.93844,-3.764128,52.37093,28.87503,358.0493,0,0,1,0,
	0.9883742,-21.93844,-3.764128,52.37093,28.95003,358.7993,0,0,1,0,
	0.9936718,-21.93844,-3.764128,52.37093,29.02504,359.9243,0,0,1,0,
	0.9999096,-21.93844,-3.764128,52.37093,29.10003,0.8993546,0,0,1,0,
	1.006307,-21.91392,-3.792528,52.60317,29.17503,2.099364,0,0,1,0,
	1.013542,-21.91392,-3.792528,52.60317,29.17503,3.224351,0,0,1,0,
	1.017646,-21.91392,-3.792528,52.60317,29.25003,4.424388,0,0,1,0,
	1.022567,-21.8766,-3.826128,52.83447,29.25004,5.249393,0,0,1,0,
	1.028437,-21.8766,-3.826128,52.83447,29.25004,6.299384,0,0,1,0,
	1.033733,-21.8766,-3.826128,52.83447,29.25003,7.574362,0,0,1,0,
	1.039059,-21.8766,-3.826128,52.83447,29.32504,8.77437,0,0,1,0,
	1.04536,-21.82016,-3.864928,53.063,29.32504,9.974381,0,0,1,0,
	1.05063,-21.82016,-3.864928,53.063,29.32503,11.62439,0,0,1,0,
	1.056226,-21.82016,-3.864928,53.063,29.40004,12.8244,0,0,1,0,
	1.062216,-21.74571,-3.908928,53.28738,29.47504,14.47438,0,0,1,0,
	1.066822,-21.74571,-3.908928,53.28738,29.55004,16.27438,0,0,1,0,
	1.072642,-21.74571,-3.908928,53.28738,29.62504,17.17439,0,0,1,0,
	1.077672,-21.74571,-3.908928,53.28738,29.77504,18.82437,0,0,1,0,
	1.084905,-21.64978,-3.958128,53.50481,29.92504,19.94938,0,0,1,0,
	1.09142,-21.64978,-3.958128,53.50481,30.07504,21.67439,0,0,1,0,
	1.097359,-21.64978,-3.958128,53.50481,30.22504,23.02439,0,0,1,0,
	1.107619,-21.53863,-4.012528,53.71588,30.30004,23.92438,0,0,1,0,
	1.111726,-21.53863,-4.012528,53.71588,30.37504,24.67437,0,0,1,0,
	1.114828,-21.53863,-4.012528,53.71588,30.37504,24.67437,0,0,1,0,
	1.117849,-21.53863,-4.012528,53.71588,30.37504,24.67437,0,0,1,0,
	1.121295,-21.53863,-4.012528,53.71588,30.37504,24.67437,0,0,1,0,
	1.124554,-21.42465,-4.014666,53.92566,30.37504,24.67437,0,0,1,0,
	1.127822,-21.42465,-4.014666,53.92566,30.37504,24.67437,0,0,1,0,
	1.13127,-21.42465,-4.014666,53.92566,30.37504,24.67437,0,0,1,0,
	1.134187,-21.42465,-4.014666,53.92566,30.37504,24.67437,0,0,1,0,
	1.139646,-21.42465,-4.014666,53.92566,30.37504,24.67437,0,0,1,0,
	1.143749,-21.31067,-3.933866,54.13543,30.37504,24.67437,0,0,1,0,
	1.147857,-21.31067,-3.933866,54.13543,30.37504,24.67437,0,0,1,0,
	1.151485,-21.31067,-3.933866,54.13543,30.37504,24.67437,0,0,1,0,
	1.155255,-21.31067,-3.933866,54.13543,30.37504,24.67437,0,0,1,0,
	1.159218,-21.31067,-3.933866,54.13543,30.37504,24.67437,0,0,1,0,
	1.162443,-21.19669,-3.858266,54.3452,30.37504,24.67437,0,0,1,0,
	1.168578,-21.19669,-3.858266,54.3452,30.37504,24.67437,0,0,1,0,
	1.173281,-21.19669,-3.858266,54.3452,30.37504,24.67437,0,0,1,0,
	1.176302,-21.19669,-3.858266,54.3452,30.37504,24.67437,0,0,1,0,
	1.179947,-21.19669,-3.858266,54.3452,30.37504,24.67437,0,0,1,0,
	1.183867,-21.08271,-3.787866,54.55498,30.37504,24.67437,0,0,1,0,
	1.188513,-21.08271,-3.787866,54.55498,30.37504,24.67437,0,0,1,0,
	1.191747,-21.08271,-3.787866,54.55498,30.37504,24.67437,0,0,1,0,
	1.195662,-21.08271,-3.787866,54.55498,30.37504,24.67437,0,0,1,0,
	1.200453,-21.08271,-3.787866,54.55498,30.37504,24.67437,0,0,1,0,
	1.20394,-20.96873,-3.722666,54.76475,30.37504,24.67437,0,0,1,0,
	1.208086,-20.96873,-3.722666,54.76475,30.37504,24.67437,0,0,1,0,
	1.21093,-20.96873,-3.722666,54.76475,30.37504,24.67437,0,0,1,0,
	1.214412,-20.96873,-3.722666,54.76475,30.37504,24.67437,0,0,1,0,
	1.217261,-20.96873,-3.722666,54.76475,30.37504,24.67437,0,0,1,0,
	1.220304,-20.96873,-3.722666,54.76475,30.37504,24.67437,0,0,1,0,
	1.223477,-20.85475,-3.662666,54.97453,30.37504,24.67437,0,0,1,0,
	1.228502,-20.85475,-3.662666,54.97453,30.37504,24.67437,0,0,1,0,
	1.232677,-20.85475,-3.662666,54.97453,30.37504,24.67437,0,0,1,0,
	1.235806,-20.85475,-3.662666,54.97453,30.37504,24.67437,0,0,1,0,
	1.238775,-20.85475,-3.662666,54.97453,30.37504,24.67437,0,0,1,0,
	1.242383,-20.74077,-3.607866,55.1843,30.37504,24.67437,0,0,1,0,
	1.247292,-20.74077,-3.607866,55.1843,30.37504,24.67437,0,0,1,0,
	1.25113,-20.74077,-3.607866,55.1843,30.37504,24.67437,0,0,1,0,
	1.254401,-20.74077,-3.607866,55.1843,30.37504,24.67437,0,0,1,0,
	1.25825,-20.74077,-3.607866,55.1843,30.37504,24.67437,0,0,1,0,
	1.261918,-20.74077,-3.607866,55.1843,30.37504,24.67437,0,0,1,0,
	1.265147,-20.62679,-3.558266,55.39407,30.37504,24.67437,0,0,1,0,
	1.269019,-20.62679,-3.558266,55.39407,30.37504,24.67437,0,0,1,0,
	1.272249,-20.62679,-3.558266,55.39407,30.37504,24.67437,0,0,1,0,
	1.27615,-20.62679,-3.558266,55.39407,30.37504,24.67437,0,0,1,0,
	1.279166,-20.62679,-3.558266,55.39407,30.37504,24.67437,0,0,1,0,
	1.282045,-20.51282,-3.513866,55.60385,30.37504,24.67437,0,0,1,0,
	1.285609,-20.51282,-3.513866,55.60385,30.37504,24.67437,0,0,1,0,
	1.288445,-20.51282,-3.513866,55.60385,30.37504,24.67437,0,0,1,0,
	1.291719,-20.51282,-3.513866,55.60385,30.37504,24.67437,0,0,1,0,
	1.294466,-20.51282,-3.513866,55.60385,30.37504,24.67437,0,0,1,0,
	1.29772,-20.51282,-3.513866,55.60385,30.37504,24.67437,0,0,1,0,
	1.300734,-20.51282,-3.513866,55.60385,30.37504,24.67437,0,0,1,0,
	1.304179,-20.39884,-3.474666,55.81362,30.37504,24.67437,0,0,1,0,
	1.308979,-20.39884,-3.474666,55.81362,30.37504,24.67437,0,0,1,0,
	1.312925,-20.39884,-3.474666,55.81362,30.37504,24.67437,0,0,1,0,
	1.316125,-20.39884,-3.474666,55.81362,30.37504,24.67437,0,0,1,0,
	1.319662,-20.39884,-3.474666,55.81362,30.37504,24.67437,0,0,1,0,
	1.322981,-20.28486,-3.440666,56.0234,30.37504,24.67437,0,0,1,0,
	1.327055,-20.28486,-3.440666,56.0234,30.37504,24.67437,0,0,1,0,
	1.330871,-20.28486,-3.440666,56.0234,30.37504,24.67437,0,0,1,0,
	1.343617,-20.17088,-3.411866,56.23317,30.30004,24.67437,0,0,1,0,
	1.34966,-20.17088,-3.411866,56.23317,29.77504,24.97435,0,0,1,0,
	1.354122,-20.17088,-3.411866,56.23317,29.70004,25.04938,0,0,1,0,
	1.357711,-20.17088,-3.411866,56.23317,29.62504,25.1244,0,0,1,0,
	1.362248,-20.05464,-3.388266,56.44189,29.62504,25.27439,0,0,1,0,
	1.373997,-20.05464,-3.388266,56.44189,29.55004,25.42438,0,0,1,0,
	1.379783,-20.05464,-3.388266,56.44189,29.55004,26.17439,0,0,1,0,
	1.385567,-19.93336,-3.369866,56.64812,29.55003,26.62439,0,0,1,0,
	1.39111,-19.93336,-3.369866,56.64812,29.55004,27.22441,0,0,1,0,
	1.396349,-19.93336,-3.369866,56.64812,29.55004,27.97439,0,0,1,0,
	1.403382,-19.80489,-3.356666,56.85054,29.55003,28.5744,0,0,1,0,
	1.409605,-19.80489,-3.356666,56.85054,29.55004,29.5494,0,0,1,0,
	1.418334,-19.80489,-3.356666,56.85054,29.62504,30.29942,0,0,1,0,
	1.424403,-19.66563,-3.348666,57.04658,29.62504,31.57439,0,0,1,0,
	1.432678,-19.66563,-3.348666,57.04658,29.70004,32.3244,0,0,1,0,
	1.438365,-19.66563,-3.348666,57.04658,29.77504,33.44938,0,0,1,0,
	1.444389,-19.51665,-3.345866,57.23621,29.85004,34.34939,0,0,1,0,
	1.450362,-19.51665,-3.345866,57.23621,29.85004,35.0994,0,0,1,0,
	1.454538,-19.51665,-3.345866,57.23621,29.92504,35.84941,0,0,1,0,
	1.459156,-19.51665,-3.345866,57.23621,29.92504,36.37437,0,0,1,0,
	1.46434,-19.35875,-3.348266,57.41935,30.00004,36.97439,0,0,1,0,
	1.469341,-19.35875,-3.348266,57.41935,30.00004,37.4244,0,0,1,0,
	1.475137,-19.35875,-3.348266,57.41935,30.00004,38.1744,0,0,1,0,
	1.482664,-19.19464,-3.355866,57.5976,30.07504,38.84938,0,0,1,0,
	1.488058,-19.19464,-3.355866,57.5976,30.07504,39.5994,0,0,1,0,
	1.494522,-19.19464,-3.355866,57.5976,30.15005,40.34938,0,0,1,0,
	1.500321,-19.19464,-3.355866,57.5976,30.15005,41.09939,0,0,1,0,
	1.506137,-19.02092,-3.368666,57.76757,30.22504,41.8494,0,0,1,0,
	1.513751,-19.02092,-3.368666,57.76757,30.22505,42.37439,0,0,1,0,
	1.521358,-19.02092,-3.368666,57.76757,30.30005,43.34939,0,0,1,0,
	1.529227,-18.83915,-3.386666,57.92987,30.30005,44.4744,0,0,1,0,
	1.536477,-18.83915,-3.386666,57.92987,30.37505,45.44941,0,0,1,0,
	1.545909,-18.65183,-3.409866,58.08645,30.37504,46.3494,0,0,1,0,
	1.556577,-18.65183,-3.409866,58.08645,30.37504,47.54941,0,0,1,0,
	1.562666,-18.45628,-3.438266,58.2337,30.37504,49.27442,0,0,1,0,
	1.567931,-18.45628,-3.438266,58.2337,30.45005,50.0244,0,0,1,0,
	1.576212,-18.45628,-3.438266,58.2337,30.45005,50.77441,0,0,1,0,
	1.592309,-18.25291,-3.471866,58.3712,30.45005,52.1994,0,0,1,0,
	1.597664,-18.25291,-3.471866,58.3712,30.52505,54.74939,0,0,1,0,
	1.606355,-18.04124,-3.510666,58.49687,30.60005,55.57439,0,0,1,0,
	1.612106,-18.04124,-3.510666,58.49687,30.67505,57.1494,0,0,1,0,
	1.617414,-18.04124,-3.510666,58.49687,30.75005,58.0494,0,0,1,0,
	1.623611,-17.82203,-3.554666,58.61055,30.82504,58.87441,0,0,1,0,
	1.629738,-17.82203,-3.554666,58.61055,30.97505,59.99943,0,0,1,0,
	1.639293,-17.82203,-3.554666,58.61055,31.05005,61.04942,0,0,1,0,
	1.64342,-17.59453,-3.603866,58.70887,31.27505,62.92441,0,0,1,0,
	1.650249,-17.59453,-3.603866,58.70887,31.35005,63.82442,0,0,1,0,
	1.655626,-17.59453,-3.603866,58.70887,31.50005,65.02442,0,0,1,0,
	1.661294,-17.59453,-3.603866,58.70887,31.65005,66.22443,0,0,1,0,
	1.667372,-17.35891,-3.658266,58.78915,31.72505,67.4994,0,0,1,0,
	1.672425,-17.35891,-3.658266,58.78915,31.87506,68.77441,0,0,1,0,
	1.681444,-17.35891,-3.658266,58.78915,32.02505,69.97443,0,0,1,0,
	1.688631,-17.11661,-3.577466,58.85038,32.25005,72.1494,0,0,1,0,
	1.69974,-17.11661,-3.577466,58.85038,32.40005,73.72441,0,0,1,0,
	1.708061,-16.86981,-3.501866,58.89452,32.62505,76.19943,0,0,1,0,
	1.718992,-16.86981,-3.501866,58.89452,32.85005,78.3744,0,0,1,0,
	1.727899,-16.61933,-3.431466,58.91833,33.00005,80.92439,0,0,1,0,
	1.734329,-16.61933,-3.431466,58.91833,33.22505,83.32441,0,0,1,0,
	1.744319,-16.36692,-3.366266,58.92314,33.37505,85.2744,0,0,1,0,
	1.75178,-16.36692,-3.366266,58.92314,33.60005,88.0494,0,0,1,0,
	1.760345,-16.36692,-3.366266,58.92314,33.75005,89.9244,0,0,1,0,
	1.766375,-16.11454,-3.306266,58.89655,33.90005,92.39941,0,0,1,0,
	1.777232,-16.11454,-3.306266,58.89655,34.05006,93.97442,0,0,1,0,
	1.785266,-15.86421,-3.251466,58.85014,34.27505,96.89942,0,0,1,0,
	1.792652,-15.86421,-3.251466,58.85014,34.42506,99.37442,0,0,1,0,
	1.799719,-15.86421,-3.251466,58.85014,34.57506,101.0994,0,0,1,0,
	1.808232,-15.6191,-3.201866,58.77691,34.65005,103.0495,0,0,1,0,
	1.815385,-15.6191,-3.201866,58.77691,34.87506,105.5994,0,0,1,0,
	1.821596,-15.6191,-3.201866,58.77691,35.02505,107.3994,0,0,1,0,
	1.827516,-15.38162,-3.157466,58.6787,35.10005,108.8994,0,0,1,0,
	1.836857,-15.38162,-3.157466,58.6787,35.25005,110.3244,0,0,1,0,
	1.84369,-15.14982,-3.118266,58.56609,35.32506,112.3494,0,0,1,0,
	1.850761,-15.14982,-3.118266,58.56609,35.40006,113.9994,0,0,1,0,
	1.857188,-15.14982,-3.118266,58.56609,35.47506,115.3494,0,0,1,0,
	1.86378,-14.92668,-3.084266,58.4352,35.55006,116.8494,0,0,1,0,
	1.871439,-14.92668,-3.084266,58.4352,35.55006,117.9744,0,0,1,0,
	1.878558,-14.92668,-3.084266,58.4352,35.62506,119.3244,0,0,1,0,
	1.88563,-14.71149,-3.055466,58.29014,35.62506,120.4494,0,0,1,0,
	1.89275,-14.71149,-3.055466,58.29014,35.70005,121.4994,0,0,1,0,
	1.900621,-14.71149,-3.055466,58.29014,35.77506,122.5494,0,0,1,0,
	1.907788,-14.50397,-3.031866,58.13305,35.85006,123.5994,0,0,1,0,
	1.917709,-14.50397,-3.031866,58.13305,35.92507,124.4244,0,0,1,0,
	1.923576,-14.30132,-3.013466,57.969,35.92507,125.4744,0,0,1,0,
	1.93355,-14.30132,-3.013466,57.969,36.00006,125.9244,0,0,1,0,
	1.938524,-14.30132,-3.013466,57.969,36.07507,126.5993,0,0,1,0,
	1.94287,-14.10253,-3.000266,57.79974,36.07507,126.8993,0,0,1,0,
	1.947469,-14.10253,-3.000266,57.79974,36.07507,127.0494,0,0,1,0,
	1.952759,-14.10253,-3.000266,57.79974,36.07507,127.1993,0,0,1,0,
	1.958555,-14.10253,-3.000266,57.79974,36.07507,127.2743,0,0,1,0,
	1.961348,-14.10253,-3.000266,57.79974,36.15007,127.3494,0,0,1,0,
	1.964927,-13.90497,-2.992266,57.62884,36.15007,127.3494,0,0,1,0,
	1.968862,-13.90497,-2.992266,57.62884,36.15007,127.3494,0,0,1,0,
	1.972964,-13.90497,-2.992266,57.62884,36.15007,127.3494,0,0,1,0,
	1.975829,-13.90497,-2.992266,57.62884,36.15007,127.3494,0,0,1,0,
	1.979386,-13.90497,-2.992266,57.62884,36.15007,127.3494,0,0,1,0,
	1.982249,-13.70742,-2.989466,57.45795,36.15007,127.3494,0,0,1,0,
	1.986178,-13.70742,-2.989466,57.45795,36.15007,127.3494,0,0,1,0,
	1.989543,-13.70742,-2.989466,57.45795,36.15007,127.3494,0,0,1,0,
	1.992883,-13.70742,-2.989466,57.45795,36.15007,127.3494,0,0,1,0,
	1.995754,-13.70742,-2.989466,57.45795,36.15007,127.3494,0,0,1,0,
	1.999068,-13.70742,-2.989466,57.45795,36.15007,127.3494,0,0,1,0,
	2.002215,-13.50986,-2.991866,57.28705,36.15007,127.3494,0,0,1,0,
	2.007572,-13.50986,-2.991866,57.28705,36.15007,127.3494,0,0,1,0,
	2.010421,-13.50986,-2.991866,57.28705,36.15007,127.3494,0,0,1,0,
	2.014057,-13.50986,-2.991866,57.28705,36.15007,127.3494,0,0,1,0,
	2.01687,-13.50986,-2.991866,57.28705,36.15007,127.3494,0,0,1,0,
	2.020724,-13.50986,-2.991866,57.28705,36.15007,127.3494,0,0,1,0,
	2.023786,-13.3123,-2.999466,57.11616,36.15007,127.3494,0,0,1,0,
	2.027902,-13.3123,-2.999466,57.11616,36.15007,127.3494,0,0,1,0,
	2.031027,-13.3123,-2.999466,57.11616,36.15007,127.3494,0,0,1,0,
	2.036313,-13.3123,-2.999466,57.11616,36.15007,127.3494,0,0,1,0,
	2.039156,-13.3123,-2.999466,57.11616,36.15007,127.3494,0,0,1,0,
	2.042387,-13.11475,-3.012266,56.94526,36.15007,127.3494,0,0,1,0,
	2.046028,-13.11475,-3.012266,56.94526,36.15007,127.3494,0,0,1,0,
	2.049967,-13.11475,-3.012266,56.94526,36.15007,127.3494,0,0,1,0,
	2.053462,-13.11475,-3.012266,56.94526,36.15007,127.3494,0,0,1,0,
	2.057622,-13.11475,-3.012266,56.94526,36.15007,127.3494,0,0,1,0,
	2.060495,-13.11475,-3.012266,56.94526,36.15007,127.3494,0,0,1,0,
	2.06462,-12.91719,-3.030266,56.77437,36.15007,127.3494,0,0,1,0,
	2.069695,-12.91719,-3.030266,56.77437,36.15007,127.3494,0,0,1,0,
	2.072559,-12.91719,-3.030266,56.77437,36.15007,127.3494,0,0,1,0,
	2.075774,-12.91719,-3.030266,56.77437,36.15007,127.3494,0,0,1,0,
	2.078648,-12.91719,-3.030266,56.77437,36.15007,127.3494,0,0,1,0,
	2.082349,-12.71964,-3.053466,56.60347,36.15007,127.3494,0,0,1,0,
	2.086736,-12.71964,-3.053466,56.60347,36.15007,127.3494,0,0,1,0,
	2.090965,-12.71964,-3.053466,56.60347,36.15007,127.3494,0,0,1,0,
	2.093872,-12.71964,-3.053466,56.60347,36.15007,127.3494,0,0,1,0,
	2.099039,-12.71964,-3.053466,56.60347,36.15007,127.3494,0,0,1,0,
	2.10398,-12.52208,-3.081866,56.43258,36.15007,127.3494,0,0,1,0,
	2.114136,-12.52208,-3.081866,56.43258,36.15007,127.3494,0,0,1,0,
	2.117933,-12.52208,-3.081866,56.43258,36.15007,127.3494,0,0,1,0,
	2.120931,-12.52208,-3.081866,56.43258,36.15007,127.3494,0,0,1,0,
	2.12393,-12.32452,-3.115466,56.26168,36.15007,127.3494,0,0,1,0,
	2.128369,-12.32452,-3.115466,56.26168,36.15007,127.3494,0,0,1,0,
	2.131866,-12.32452,-3.115466,56.26168,36.15007,127.3494,0,0,1,0,
	2.134894,-12.32452,-3.115466,56.26168,36.15007,127.3494,0,0,1,0,
	2.138223,-12.32452,-3.115466,56.26168,36.15007,127.3494,0,0,1,0,
	2.14143,-12.32452,-3.115466,56.26168,36.15007,127.3494,0,0,1,0,
	2.144938,-12.12697,-3.154266,56.09079,36.15007,127.3494,0,0,1,0,
	2.148547,-12.12697,-3.154266,56.09079,36.15007,127.3494,0,0,1,0,
	2.152062,-12.12697,-3.154266,56.09079,36.15007,127.3494,0,0,1,0,
	2.1552,-12.12697,-3.154266,56.09079,36.15007,127.3494,0,0,1,0,
	2.158433,-12.12697,-3.154266,56.09079,36.15007,127.3494,0,0,1,0,
	2.162836,-11.92941,-3.198266,55.9199,36.15007,127.3494,0,0,1,0,
	2.166965,-11.92941,-3.198266,55.9199,36.15007,127.3494,0,0,1,0,
	2.169915,-11.92941,-3.198266,55.9199,36.15007,127.3494,0,0,1,0,
	2.17365,-11.92941,-3.198266,55.9199,36.15007,127.3494,0,0,1,0,
	2.176795,-11.92941,-3.198266,55.9199,36.15007,127.3494,0,0,1,0,
	2.180617,-11.92941,-3.198266,55.9199,36.15007,127.3494,0,0,1,0,
	2.184679,-11.73185,-3.247466,55.749,36.15007,127.3494,0,0,1,0,
	2.192281,-11.73185,-3.247466,55.749,36.15007,127.4244,0,0,1,0,
	2.1978,-11.73185,-3.247466,55.749,36.07507,127.7243,0,0,1,0,
	2.20242,-11.53597,-3.166666,55.57595,36.07507,127.9494,0,0,1,0,
	2.208783,-11.53597,-3.166666,55.57595,36.00007,128.2494,0,0,1,0,
	2.213585,-11.53597,-3.166666,55.57595,36.00006,128.6244,0,0,1,0,
	2.219733,-11.53597,-3.166666,55.57595,36.00006,128.9994,0,0,1,0,
	2.227802,-11.3446,-3.091066,55.39731,36.00006,129.5244,0,0,1,0,
	2.233747,-11.3446,-3.091066,55.39731,36.00006,130.3493,0,0,1,0,
	2.238839,-11.3446,-3.091066,55.39731,36.00006,130.9494,0,0,1,0,
	2.244821,-11.15927,-3.020666,55.21169,35.92507,131.5494,0,0,1,0,
	2.251738,-11.15927,-3.020666,55.21169,35.92507,132.4494,0,0,1,0,
	2.256714,-11.15927,-3.020666,55.21169,35.92507,133.4994,0,0,1,0,
	2.261735,-11.15927,-3.020666,55.21169,35.92507,134.2494,0,0,1,0,
	2.271815,-10.98536,-2.955466,55.01418,35.92507,135.1494,0,0,1,0,
	2.278553,-10.98536,-2.955466,55.01418,35.85007,136.8744,0,0,1,0,
	2.286597,-10.82237,-2.895466,54.80667,35.85006,138.3744,0,0,1,0,
	2.292515,-10.82237,-2.895466,54.80667,35.85007,139.9494,0,0,1,0,
	2.296768,-10.82237,-2.895466,54.80667,35.85006,141.2244,0,0,1,0,
	2.302694,-10.67278,-2.840666,54.58829,35.85006,142.1244,0,0,1,0,
	2.30912,-10.67278,-2.840666,54.58829,35.85006,143.3994,0,0,1,0,
	2.315341,-10.67278,-2.840666,54.58829,35.85006,144.9744,0,0,1,0,
	2.321373,-10.67278,-2.840666,54.58829,35.85007,146.2494,0,0,1,0,
	2.326698,-10.54345,-2.791066,54.35595,35.85006,147.4493,0,0,1,0,
	2.336179,-10.54345,-2.791066,54.35595,35.85006,148.3493,0,0,1,0,
	2.342326,-10.42523,-2.746666,54.1171,35.85006,150.2244,0,0,1,0,
	2.349785,-10.42523,-2.746666,54.1171,35.85007,151.3494,0,0,1,0,
	2.356553,-10.42523,-2.746666,54.1171,35.85006,152.3994,0,0,1,0,
	2.369794,-10.31967,-2.707466,53.8716,35.85006,153.2994,0,0,1,0,
	2.376836,-10.31967,-2.707466,53.8716,35.85006,154.7994,0,0,1,0,
	2.381242,-10.31967,-2.707466,53.8716,35.85007,155.3244,0,0,1,0,
	2.385366,-10.22424,-2.673466,53.62139,35.85006,155.6994,0,0,1,0,
	2.39342,-10.22424,-2.673466,53.62139,35.85006,155.9244,0,0,1,0,
	2.398975,-10.22424,-2.673466,53.62139,35.85006,156.2244,0,0,1,0,
	2.402319,-10.1317,-2.644666,53.3699,35.85006,156.3744,0,0,1,0,
	2.406168,-10.1317,-2.644666,53.3699,35.85006,156.3744,0,0,1,0,
	2.410049,-10.1317,-2.644666,53.3699,35.85006,156.3744,0,0,1,0,
	2.412949,-10.1317,-2.644666,53.3699,35.85006,156.3744,0,0,1,0,
	2.416403,-10.1317,-2.644666,53.3699,35.85006,156.3744,0,0,1,0,
	2.420159,-10.1317,-2.644666,53.3699,35.85006,156.3744,0,0,1,0,
	2.424929,-10.03916,-2.621066,53.11842,35.85006,156.3744,0,0,1,0,
	2.429377,-10.03916,-2.621066,53.11842,35.85006,156.3744,0,0,1,1,
	2.437881,-10.03916,-2.621066,53.11842,35.85006,156.3744,0,0,1,1,
	2.442324,-9.946614,-2.602666,52.86693,35.92507,156.2994,0,0,1,1,
	2.448041,-9.946614,-2.602666,52.86693,35.92507,156.1494,0,0,1,1,
	2.452953,-9.946614,-2.602666,52.86693,35.92507,155.9993,0,0,1,1,
	2.458639,-9.946614,-2.602666,52.86693,36.00006,155.8493,0,0,1,1,
	2.462734,-9.854072,-2.589466,52.61544,36.00006,155.6243,0,0,1,1,
	2.469683,-9.854072,-2.589466,52.61544,36.00006,155.3994,0,0,1,1,
	2.475419,-9.854072,-2.589466,52.61544,36.00006,155.0244,0,0,0,1,
	2.483452,-9.751162,-2.581466,52.36887,36.07507,154.6494,0,0,0,1,
	2.489726,-9.751162,-2.581466,52.36887,36.07507,153.8993,0,0,0,1,
	2.495732,-9.751162,-2.581466,52.36887,36.15007,153.3743,0,0,0,1,
	2.50217,-9.614575,-2.578666,52.13913,36.15007,152.6994,0,0,0,1,
	2.510569,-9.614575,-2.578666,52.13913,36.22506,151.7994,0,0,0,1,
	2.515702,-9.614575,-2.578666,52.13913,36.30007,150.4493,0,0,0,1,
	2.522603,-9.465496,-2.581066,51.91642,36.37508,149.6243,0,0,0,1,
	2.528297,-9.465496,-2.581066,51.91642,36.45007,148.4243,0,0,0,1,
	2.53437,-9.465496,-2.581066,51.91642,36.52507,147.3743,0,0,0,1,
	2.539377,-9.465496,-2.581066,51.91642,36.60007,146.0993,0,0,0,1,
	2.544289,-9.298804,-2.588666,51.70524,36.60007,145.1243,0,0,0,1,
	2.553619,-9.298804,-2.588666,51.70524,36.67507,143.9993,0,0,0,1,
	2.560501,-9.298804,-2.588666,51.70524,36.75008,142.0493,0,0,0,1,
	2.566187,-9.115444,-2.601466,51.50704,36.82508,140.6243,0,0,0,1,
	2.572556,-9.115444,-2.601466,51.50704,36.82508,139.2743,0,0,0,1,
	2.57855,-9.115444,-2.601466,51.50704,36.90007,137.9993,0,0,0,1,
	2.584407,-8.918677,-2.619466,51.32088,36.90007,136.7993,0,0,0,1,
	2.590166,-8.918677,-2.619466,51.32088,36.97507,135.5243,0,0,0,1,
	2.594731,-8.918677,-2.619466,51.32088,36.97508,134.3243,0,0,0,1,
	2.600185,-8.918677,-2.619466,51.32088,36.97507,133.3493,0,0,0,1,
	2.606407,-8.706438,-2.642666,51.15084,36.97508,132.0743,0,0,0,1,
	2.612577,-8.706438,-2.642666,51.15084,36.97508,130.7993,0,0,0,1,
	2.618778,-8.706438,-2.642666,51.15084,36.97507,129.5993,0,0,0,1,
	2.625262,-8.482862,-2.671066,50.99451,36.97507,128.3243,0,0,0,1,
	2.630383,-8.482862,-2.671066,50.99451,36.97508,127.1243,0,0,0,1,
	2.635891,-8.482862,-2.671066,50.99451,36.97509,125.8493,0,0,0,1,
	2.641301,-8.482862,-2.671066,50.99451,36.97508,124.7243,0,0,0,1,
	2.647183,-8.246072,-2.704666,50.85683,36.97507,123.5243,0,0,0,1,
	2.652735,-8.246072,-2.704666,50.85683,36.97508,122.2493,0,0,0,1,
	2.657728,-8.246072,-2.704666,50.85683,36.97508,121.1993,0,0,0,1,
	2.664726,-8.001085,-2.743466,50.73262,36.97508,120.2243,0,0,0,1,
	2.671561,-8.001085,-2.743466,50.73262,36.97507,118.7243,0,0,0,1,
	2.67744,-8.001085,-2.743466,50.73262,36.90007,117.1493,0,0,0,1,
	2.682308,-7.74653,-2.787466,50.62694,36.82508,115.8743,0,0,0,1,
	2.688411,-7.74653,-2.787466,50.62694,36.75008,114.7493,0,0,0,1,
	2.693463,-7.74653,-2.787466,50.62694,36.67507,113.5493,0,0,0,1,
	2.697749,-7.74653,-2.787466,50.62694,36.60007,112.4993,0,0,0,1,
	2.705332,-7.484003,-2.836666,50.53982,36.52507,111.6743,0,0,0,1,
	2.71175,-7.484003,-2.836666,50.53982,36.37507,110.3243,0,0,0,1,
	2.717667,-7.484003,-2.836666,50.53982,36.30007,109.2743,0,0,0,1,
	2.725343,-7.215955,-2.755866,50.46841,36.22507,108.2243,0,0,0,1,
	2.732915,-7.215955,-2.755866,50.46841,36.07506,106.8743,0,0,0,1,
	2.739446,-7.215955,-2.755866,50.46841,35.92508,105.8243,0,0,0,1,
	2.748818,-6.943591,-2.680266,50.41199,35.77506,104.9993,0,0,0,1,
	2.755614,-6.943591,-2.680266,50.41199,35.62506,104.1743,0,0,0,1,
	2.761631,-6.943591,-2.680266,50.41199,35.47506,103.8743,0,0,1,0,
	2.769823,-6.672785,-2.609866,50.34919,35.47506,103.8743,0,0,1,0,
	2.775883,-6.672785,-2.609866,50.34919,35.40006,103.8743,0,0,1,0,
	2.782724,-6.406951,-2.544666,50.2663,35.32506,104.0243,0,0,1,0,
	2.789482,-6.406951,-2.544666,50.2663,35.17506,104.3243,0,0,1,0,
	2.798938,-6.406951,-2.544666,50.2663,35.02505,104.8493,0,0,1,0,
	2.804933,-6.143423,-2.484666,50.17498,34.80006,105.8243,0,0,1,0,
	2.810713,-6.143423,-2.484666,50.17498,34.72506,106.7243,0,0,1,0,
	2.817791,-6.143423,-2.484666,50.17498,34.57506,107.6993,0,0,1,0,
	2.824041,-5.88487,-2.429866,50.06839,34.42506,109.1243,0,0,1,0,
	2.830283,-5.88487,-2.429866,50.06839,34.27505,110.6993,0,0,1,0,
	2.835121,-5.88487,-2.429866,50.06839,34.20005,112.1993,0,0,1,0,
	2.842725,-5.634128,-2.380266,49.94246,34.12505,113.3993,0,0,1,0,
	2.851364,-5.634128,-2.380266,49.94246,34.12505,115.2743,0,0,1,0,
	2.858482,-5.634128,-2.380266,49.94246,34.05005,117.9743,0,0,1,0,
	2.864544,-5.398478,-2.335866,49.78793,33.97505,119.9993,0,0,1,0,
	2.871778,-5.398478,-2.335866,49.78793,33.97505,121.6493,0,0,1,0,
	2.877626,-5.398478,-2.335866,49.78793,33.90005,123.6743,0,0,1,0,
	2.883878,-5.177529,-2.296666,49.61129,33.90005,125.3993,0,0,1,0,
	2.889929,-5.177529,-2.296666,49.61129,33.90005,127.0493,0,0,1,0,
	2.894895,-5.177529,-2.296666,49.61129,33.82505,128.6243,0,0,1,0,
	2.900267,-5.177529,-2.296666,49.61129,33.82504,129.7493,0,0,1,0,
	2.912051,-4.974036,-2.262666,49.41303,33.82504,131.0243,0,0,1,1,
	2.920676,-4.974036,-2.262666,49.41303,33.82504,133.1243,0,0,1,1,
	2.927212,-4.770544,-2.233866,49.21478,33.82505,134.5493,0,0,0,1,
	2.934552,-4.770544,-2.233866,49.21478,33.82504,135.2243,0,0,0,1,
	2.939548,-4.770544,-2.233866,49.21478,33.82505,135.7493,0,0,0,1,
	2.94372,-4.559113,-2.210266,49.0244,33.82505,135.9743,0,0,0,1,
	2.947609,-4.559113,-2.210266,49.0244,33.82504,136.0493,0,0,0,1,
	2.951436,-4.559113,-2.210266,49.0244,33.82504,136.0493,0,0,0,1,
	2.954862,-4.559113,-2.210266,49.0244,33.82504,136.0493,0,0,0,1,
	2.958704,-4.559113,-2.210266,49.0244,33.82504,136.0493,0,0,0,1,
	2.962075,-4.347682,-2.191866,48.83403,33.82504,136.0493,0,0,0,1,
	2.967148,-4.347682,-2.191866,48.83403,33.82504,136.0493,0,0,0,1,
	2.970968,-4.347682,-2.191866,48.83403,33.82505,135.9743,0,0,0,1,
	2.975272,-4.347682,-2.191866,48.83403,33.82504,135.8993,0,0,0,1,
	2.982161,-4.13625,-2.178666,48.64365,33.82505,135.7493,0,0,0,1,
	2.988311,-4.13625,-2.178666,48.64365,33.90005,135.2992,0,0,0,1,
	2.99372,-4.13625,-2.178666,48.64365,33.97505,134.9993,0,0,0,1,
	2.998717,-4.13625,-2.178666,48.64365,34.05005,134.5493,0,0,0,1,
	3.003684,-3.920654,-2.170666,48.45753,34.05005,134.0243,0,0,0,1,
	3.009182,-3.920654,-2.170666,48.45753,34.12506,133.4242,0,0,0,1,
	3.015501,-3.920654,-2.170666,48.45753,34.27506,132.6743,0,0,0,1,
	3.019866,-3.920654,-2.170666,48.45753,34.35006,131.7743,0,0,0,1,
	3.024798,-3.695783,-2.167866,48.2816,34.42506,131.2493,0,0,0,1,
	3.031696,-3.695783,-2.167866,48.2816,34.50005,130.4993,0,0,0,1,
	3.037494,-3.695783,-2.167866,48.2816,34.65005,129.2243,0,0,0,1,
	3.043764,-3.46101,-2.170266,48.11786,34.72506,128.0993,0,0,0,1,
	3.051464,-3.46101,-2.170266,48.11786,34.80006,127.0493,0,0,0,1,
	3.057765,-3.46101,-2.170266,48.11786,34.87506,125.3243,0,0,0,1,
	3.062067,-3.214731,-2.177866,47.97029,34.95006,124.1242,0,0,0,1,
	3.068674,-3.214731,-2.177866,47.97029,34.95005,122.8493,0,0,0,1,
	3.074365,-3.214731,-2.177866,47.97029,35.02506,121.5743,0,0,0,1,
	3.079512,-3.214731,-2.177866,47.97029,35.02505,119.9993,0,0,0,1,
	3.087688,-2.954792,-2.190666,47.84565,35.02506,118.7993,0,0,0,1,
	3.09441,-2.954792,-2.190666,47.84565,35.02506,116.9242,0,0,0,1,
	3.100261,-2.954792,-2.190666,47.84565,35.02505,115.0493,0,0,0,1,
	3.105585,-2.683286,-2.208666,47.74559,35.02505,113.3993,0,0,0,1,
	3.112387,-2.683286,-2.208666,47.74559,35.02505,112.1992,0,0,0,1,
	3.119899,-2.683286,-2.208666,47.74559,35.02506,110.0993,0,0,0,1,
	3.124837,-2.402881,-2.231866,47.67012,34.95006,108.2242,0,0,0,1,
	3.130228,-2.402881,-2.231866,47.67012,34.95007,106.6492,0,0,0,1,
	3.138898,-2.402881,-2.231866,47.67012,34.87506,104.7742,0,0,0,1,
	3.143414,-2.115359,-2.260266,47.62225,34.87506,102.5993,0,0,0,1,
	3.149462,-2.115359,-2.260266,47.62225,34.87506,100.9493,0,0,0,1,
	3.15481,-2.115359,-2.260266,47.62225,34.80006,99.14925,0,0,0,1,
	3.160789,-2.115359,-2.260266,47.62225,34.80006,97.64926,0,0,0,1,
	3.168267,-1.822782,-2.293866,47.60913,34.72506,95.69923,0,0,0,1,
	3.173906,-1.822782,-2.293866,47.60913,34.65005,93.44925,0,0,0,1,
	3.179094,-1.822782,-2.293866,47.60913,34.65006,92.02427,0,0,0,1,
	3.185236,-1.529201,-2.332666,47.62321,34.57506,90.37427,0,0,0,1,
	3.192559,-1.529201,-2.332666,47.62321,34.50005,88.57428,0,0,0,1,
	3.198475,-1.529201,-2.332666,47.62321,34.35005,86.6993,0,0,0,1,
	3.203631,-1.23718,-2.376666,47.66496,34.35005,84.97426,0,0,0,1,
	3.210351,-1.23718,-2.376666,47.66496,34.27505,83.62425,0,0,0,1,
	3.215003,-1.23718,-2.376666,47.66496,34.12505,81.74927,0,0,0,1,
	3.220252,-1.23718,-2.376666,47.66496,34.05005,80.24928,0,0,0,1,
	3.226454,-0.9501358,-2.388977,47.73837,33.97505,78.74928,0,0,0,1,
	3.233353,-0.9501358,-2.388977,47.73837,33.90005,77.17427,0,0,0,1,
	3.239443,-0.9501358,-2.388977,47.73837,33.75005,75.07426,0,0,0,1,
	3.245843,-0.6700134,-2.391439,47.83804,33.60004,73.49924,0,0,0,1,
	3.252578,-0.6700134,-2.391439,47.83804,33.52505,71.92423,0,0,0,1,
	3.26018,-0.6700134,-2.391439,47.83804,33.37504,70.04922,0,0,0,1,
	3.26563,-0.3993691,-2.310639,47.96366,33.22504,68.17423,0,0,0,1,
	3.272888,-0.3993691,-2.310639,47.96366,33.07504,66.89922,0,0,0,1,
	3.28012,-0.3993691,-2.310639,47.96366,32.92504,65.09926,0,0,0,1,
	3.285447,-0.1396801,-2.235039,48.11263,32.77504,63.22423,0,0,0,1,
	3.29075,-0.1396801,-2.235039,48.11263,32.62503,61.94925,0,0,0,1,
	3.296376,-0.1396801,-2.235039,48.11263,32.55004,60.82424,0,0,0,1,
	3.303582,0.1104272,-2.164639,48.27868,32.40004,59.47424,0,0,0,1,
	3.311409,0.1104272,-2.164639,48.27868,32.25003,57.97425,0,0,0,1,
	3.31671,0.1104272,-2.164639,48.27868,32.02504,56.17425,0,0,0,1,
	3.323113,0.3472719,-2.099439,48.46469,31.87503,54.89927,0,0,0,1,
	3.329228,0.3472719,-2.099439,48.46469,31.65003,53.47427,0,0,0,1,
	3.335783,0.3472719,-2.099439,48.46469,31.50003,52.27426,0,0,0,1,
	3.342376,0.5723431,-2.039439,48.66602,31.35004,51.22427,0,0,0,1,
	3.348847,0.5723431,-2.039439,48.66602,31.12504,49.79927,0,0,0,1,
	3.354148,0.5723431,-2.039439,48.66602,30.82503,48.82428,0,0,0,1,
	3.358468,0.5723431,-2.039439,48.66602,30.67503,47.92427,0,0,0,1,
	3.363841,0.7833157,-1.984639,48.88338,30.45004,47.17429,0,0,0,1,
	3.37114,0.7833157,-1.984639,48.88338,30.30004,46.6493,0,0,0,1,
	3.376361,0.7833157,-1.984639,48.88338,30.00004,45.7493,0,0,0,1,
	3.381133,0.7833157,-1.984639,48.88338,29.77504,45.37429,0,0,0,1,
	3.386946,0.9862722,-1.935039,49.10897,29.62503,44.99929,0,0,0,1,
	3.394405,0.9862722,-1.935039,49.10897,29.47504,44.69931,0,0,0,1,
	3.39991,0.9862722,-1.935039,49.10897,29.32504,44.4743,0,0,0,1,
	3.402931,1.186968,-1.890639,49.33678,29.25004,44.3993,0,0,0,1,
	3.406411,1.186968,-1.890639,49.33678,29.25004,44.3993,0,0,0,1,
	3.409186,1.186968,-1.890639,49.33678,29.25004,44.3993,0,0,0,1,
	3.412571,1.186968,-1.890639,49.33678,29.25004,44.3993,0,0,0,1,
	3.417279,1.186968,-1.890639,49.33678,29.25004,44.3993,0,0,0,1,
	3.420261,1.186968,-1.890639,49.33678,29.17504,44.3993,0,0,0,1,
	3.424289,1.387663,-1.851439,49.5646,29.17504,44.3993,0,0,0,1,
	3.427831,1.387663,-1.851439,49.5646,29.10003,44.3993,0,0,0,1,
	3.433287,1.387663,-1.851439,49.5646,29.10003,44.3993,0,0,0,1,
	3.436131,1.387663,-1.851439,49.5646,29.02504,44.4743,0,0,0,1,
	3.43981,1.387663,-1.851439,49.5646,29.02504,44.4743,0,0,0,1,
	3.443923,1.588359,-1.817439,49.79242,29.02504,44.4743,0,0,0,1,
	3.447811,1.588359,-1.817439,49.79242,28.95003,44.54932,0,0,0,1,
	3.453577,1.588359,-1.817439,49.79242,28.95003,44.54932,0,0,1,0,
	3.458324,1.588359,-1.817439,49.79242,28.87503,44.62431,0,0,1,0,
	3.462652,1.804018,-1.788639,50.00547,28.87503,44.62431,0,0,1,0,
	3.466901,1.804018,-1.788639,50.00547,28.87503,44.69934,0,0,1,0,
	3.471263,1.804018,-1.788639,50.00547,28.87503,44.69934,0,0,1,0,
	3.476175,1.804018,-1.788639,50.00547,28.80003,44.77436,0,0,1,0,
	3.479424,1.804018,-1.788639,50.00547,28.80003,44.84936,0,0,1,0,
	3.483676,2.029171,-1.765039,50.20912,28.80003,44.84936,0,0,1,0,
	3.488582,2.029171,-1.765039,50.20912,28.80003,44.99935,0,0,1,0,
	3.493821,2.029171,-1.765039,50.20912,28.80003,45.07437,0,0,1,0,
	3.497848,2.029171,-1.765039,50.20912,28.72503,45.22436,0,0,1,0,
	3.505977,2.256281,-1.746639,50.4108,28.72503,45.37435,0,0,1,0,
	3.510886,2.256281,-1.746639,50.4108,28.72503,45.74936,0,0,1,0,
	3.516779,2.256281,-1.746639,50.4108,28.72503,46.04934,0,0,1,0,
	3.522883,2.487522,-1.733439,50.60819,28.65003,46.49936,0,0,1,0,
	3.529727,2.487522,-1.733439,50.60819,28.65003,46.87437,0,0,1,0,
	3.535563,2.487522,-1.733439,50.60819,28.65003,47.62435,0,0,1,0,
	3.541503,2.487522,-1.733439,50.60819,28.57503,48.22437,0,0,1,0,
	3.545835,2.727277,-1.725439,50.79611,28.57503,48.89936,0,0,1,0,
	3.553859,2.727277,-1.725439,50.79611,28.57503,49.34936,0,0,1,0,
	3.56073,2.727277,-1.725439,50.79611,28.50003,50.32438,0,0,1,0,
	3.572637,2.974893,-1.722639,50.9745,28.50003,51.22435,0,0,1,0,
	3.578384,2.974893,-1.722639,50.9745,28.42503,52.79937,0,0,1,0,
	3.582611,3.229952,-1.725039,51.14301,28.35002,53.54937,0,0,1,0,
	3.588748,3.229952,-1.725039,51.14301,28.35003,54.07437,0,0,1,0,
	3.59405,3.229952,-1.725039,51.14301,28.27503,54.97438,0,0,1,0,
	3.599736,3.229952,-1.725039,51.14301,28.27503,55.79938,0,0,1,0,
	3.606336,3.493871,-1.732639,51.29867,28.27503,56.47437,0,0,1,0,
	3.613411,3.493871,-1.732639,51.29867,28.20002,57.44936,0,0,1,0,
	3.619371,3.493871,-1.732639,51.29867,28.20003,58.42438,0,0,1,0,
	3.625799,3.765978,-1.745439,51.44101,28.20002,59.39938,0,0,1,0,
	3.631218,3.765978,-1.745439,51.44101,28.12502,60.37437,0,0,1,0,
	3.636609,3.765978,-1.745439,51.44101,28.12502,61.12439,0,0,1,0,
	3.642401,4.044502,-1.763439,51.57174,28.12502,61.87439,0,0,1,0,
	3.648754,4.044502,-1.763439,51.57174,28.12502,62.62437,0,0,1,0,
	3.656405,4.044502,-1.763439,51.57174,28.12502,63.5994,0,0,1,0,
	3.661627,4.044502,-1.763439,51.57174,28.12503,64.5744,0,0,1,0,
	3.665378,4.330806,-1.786639,51.68656,28.12502,65.17442,0,0,1,0,
	3.671514,4.330806,-1.786639,51.68656,28.12502,65.62442,0,0,1,0,
	3.678621,4.330806,-1.786639,51.68656,28.12502,66.37443,0,0,1,0,
	3.68441,4.621447,-1.815039,51.79138,28.12502,67.19943,0,0,1,0,
	3.690278,4.621447,-1.815039,51.79138,28.12502,67.87441,0,0,1,0,
	3.696609,4.621447,-1.815039,51.79138,28.20003,68.62443,0,0,1,0,
	3.702619,4.916356,-1.848639,51.88528,28.20003,69.3744,0,0,1,0,
	3.710726,4.916356,-1.848639,51.88528,28.20002,70.04939,0,0,1,0,
	3.717362,4.916356,-1.848639,51.88528,28.27503,71.09938,0,0,1,0,
	3.728369,5.215847,-1.887439,51.96577,28.27502,71.99938,0,0,1,0,
	3.733801,5.215847,-1.887439,51.96577,28.35003,73.27439,0,0,1,0,
	3.74088,5.215847,-1.887439,51.96577,28.35003,73.87437,0,0,1,0,
	3.747561,5.519403,-1.931439,52.03223,28.35003,74.69941,0,0,1,0,
	3.753332,5.519403,-1.931439,52.03223,28.42502,75.44939,0,0,1,0,
	3.761893,5.519403,-1.931439,52.03223,28.42503,75.89943,0,0,1,0,
	3.768035,5.825242,-1.944205,52.08963,28.42502,76.42441,0,0,1,0,
	3.777491,5.825242,-1.944205,52.08963,28.42503,76.7244,0,0,1,0,
	3.78234,6.131821,-1.946759,52.14385,28.50003,77.02438,0,0,1,0,
	3.788849,6.131821,-1.946759,52.14385,28.50003,77.02438,0,0,1,0,
	3.793818,6.131821,-1.946759,52.14385,28.50003,77.02438,0,0,1,0,
	3.799497,6.131821,-1.946759,52.14385,28.50003,77.02438,0,0,1,0,
	3.805303,6.438399,-1.865958,52.19807,28.50003,76.94936,0,0,1,0,
	3.814028,6.438399,-1.865958,52.19807,28.50003,76.87437,0,0,1,0,
	3.832074,6.744978,-1.790358,52.25229,28.57503,76.57439,0,0,1,1,
	3.84698,7.051557,-1.719958,52.30651,28.65003,74.99937,0,0,1,1,
	3.854723,7.051557,-1.719958,52.30651,28.65003,73.34936,0,0,1,1,
	3.862195,7.358135,-1.654758,52.36074,28.57503,72.37436,0,0,1,1,
	3.872334,7.358135,-1.654758,52.36074,28.50003,71.54936,0,0,1,1,
	3.884098,7.664714,-1.594759,52.41496,28.35003,70.27435,0,0,0,1,
	3.894892,7.664714,-1.594759,52.41496,28.27503,69.37435,0,0,0,1,
	3.901374,7.664714,-1.594759,52.41496,28.20003,68.99936,0,0,0,1,
	3.906264,7.950606,-1.539958,52.52345,28.20003,68.92435,0,0,0,1,
	3.912042,7.950606,-1.539958,52.52345,28.20003,68.92435,0,0,0,1,
	3.916675,7.950606,-1.539958,52.52345,28.20003,68.92435,0,0,0,1,
	3.921952,7.950606,-1.539958,52.52345,28.20003,68.92435,0,0,0,1,
	3.930157,8.23018,-1.490358,52.64834,28.20003,68.92435,0,0,0,1,
	3.940242,8.23018,-1.490358,52.64834,28.12503,68.99934,0,0,0,1,
	3.947662,8.509753,-1.445958,52.77323,28.05002,69.14934,0,0,0,1,
	3.956092,8.509753,-1.445958,52.77323,27.97502,69.37435,0,0,0,1,
	3.965531,8.789327,-1.406759,52.89812,27.90002,69.67433,0,0,0,0,
	3.981283,8.789327,-1.406759,52.89812,27.90002,70.12437,0,0,1,0,
	3.990529,9.079184,-1.372759,52.99323,27.75002,70.94937,0,0,1,0,
	3.999609,9.079184,-1.372759,52.99323,27.67503,71.62436,0,0,1,0,
	4.008088,9.374708,-1.343958,53.07117,27.60002,72.22437,0,0,1,0,
	4.02,9.374708,-1.343958,53.07117,27.60002,72.74937,0,0,1,0,
	4.034869,9.672624,-1.320359,53.14106,27.52502,73.79936,0,0,1,0,
	4.046843,9.972197,-1.301959,53.20477,27.45003,74.99937,0,0,1,0,
	4.055531,9.972197,-1.301959,53.20477,27.37502,76.04933,0,0,1,0,
	4.065078,10.27404,-1.288759,53.25914,27.37502,76.79935,0,0,1,0,
	4.075478,10.27404,-1.288759,53.25914,27.37502,77.62434,0,0,1,0,
	4.083511,10.578,-1.280759,53.30329,27.37502,78.74936,0,0,1,0,
	4.08938,10.578,-1.280759,53.30329,27.37502,79.57437,0,0,1,0,
	4.096349,10.578,-1.280759,53.30329,27.45002,80.24935,0,0,1,0,
	4.104433,10.884,-1.277959,53.33556,27.45002,80.99937,0,0,1,0,
	4.110369,10.884,-1.277959,53.33556,27.52502,81.97435,0,0,1,0,
	4.117532,10.884,-1.277959,53.33556,27.60002,82.57437,0,0,1,0,
	4.123757,11.19162,-1.280359,53.35545,27.67502,83.32436,0,0,1,0,
	4.134726,11.19162,-1.280359,53.35545,27.75002,83.92437,0,0,1,0,
	4.14041,11.19162,-1.280359,53.35545,27.90002,85.12439,0,0,1,0,
	4.145523,11.50039,-1.287959,53.36208,27.97502,85.79938,0,0,1,0,
	4.151678,11.50039,-1.287959,53.36208,28.05002,86.2494,0,0,1,0,
	4.156773,11.50039,-1.287959,53.36208,28.20002,86.99938,0,0,1,0,
	4.161229,11.50039,-1.287959,53.36208,28.27502,87.5994,0,0,1,0,
	4.165697,11.80975,-1.300758,53.35661,28.35003,88.0494,0,0,1,0,
	4.17249,11.80975,-1.300758,53.35661,28.42503,88.57439,0,0,1,0,
	4.178592,11.80975,-1.300758,53.35661,28.50002,89.3244,0,0,1,0,
	4.184695,12.11922,-1.318758,53.34021,28.65003,90.07439,0,0,1,0,
	4.191669,12.11922,-1.318758,53.34021,28.72503,90.67441,0,0,1,0,
	4.197793,12.11922,-1.318758,53.34021,28.80003,91.5744,0,0,1,0,
	4.204439,12.42838,-1.341959,53.31205,28.95003,92.24939,0,0,1,0,
	4.211077,12.42838,-1.341959,53.31205,29.02503,93.07439,0,0,1,0,
	4.217721,12.42838,-1.341959,53.31205,29.10003,93.8994,0,0,1,0,
	4.225576,12.73666,-1.370358,53.27092,29.17503,94.64941,0,0,1,0,
	4.23246,12.73666,-1.370358,53.27092,29.32503,95.6244,0,0,1,0,
	4.237833,12.73666,-1.370358,53.27092,29.32503,96.52441,0,0,1,0,
	4.242369,13.04347,-1.403958,53.21645,29.40003,97.12442,0,0,1,0,
	4.248425,13.04347,-1.403958,53.21645,29.47503,97.72442,0,0,1,0,
	4.25445,13.04347,-1.403958,53.21645,29.47503,98.47443,0,0,1,0,
	4.261353,13.04347,-1.403958,53.21645,29.55003,99.22444,0,0,1,0,
	4.27008,13.34765,-1.442758,53.14547,29.62504,100.1994,0,0,1,0,
	4.276747,13.34765,-1.442758,53.14547,29.62504,101.2494,0,0,1,0,
	4.282201,13.64958,-1.486758,53.06368,29.70004,102.2244,0,0,1,0,
	4.288698,13.64958,-1.486758,53.06368,29.70004,103.1994,0,0,1,0,
	4.295316,13.64958,-1.486758,53.06368,29.77504,104.1744,0,0,1,0,
	4.30006,13.64958,-1.486758,53.06368,29.77504,105.3745,0,0,1,0,
	4.30569,13.94612,-1.405958,52.9613,29.85003,106.1245,0,0,1,0,
	4.312347,13.94612,-1.405958,52.9613,29.85003,107.1744,0,0,1,0,
	4.319418,13.94612,-1.405958,52.9613,29.85003,108.3744,0,0,1,0,
	4.324554,14.23669,-1.330358,52.84099,29.92504,109.5745,0,0,1,0,
	4.330518,14.23669,-1.330358,52.84099,29.92504,110.4745,0,0,1,0,
	4.33759,14.23669,-1.330358,52.84099,29.92503,111.4494,0,0,1,0,
	4.344435,14.52071,-1.259958,52.70425,29.92504,112.7995,0,0,1,0,
	4.350148,14.52071,-1.259958,52.70425,29.92504,114.0745,0,0,1,0,
	4.354973,14.52071,-1.259958,52.70425,29.92504,115.1245,0,0,1,0,
	4.360156,14.52071,-1.259958,52.70425,30.00004,115.9494,0,0,1,0,
	4.366322,14.7948,-1.194758,52.54664,30.00004,116.9994,0,0,1,0,
	4.372769,14.7948,-1.194758,52.54664,30.00004,118.1995,0,0,1,0,
	4.379446,14.7948,-1.194758,52.54664,30.07504,119.3245,0,0,1,0,
	4.384946,15.05891,-1.134758,52.37138,30.15004,120.6745,0,0,1,0,
	4.392322,15.05891,-1.134758,52.37138,30.22504,121.9495,0,0,1,0,
	4.399547,15.05891,-1.134758,52.37138,30.30004,123.7495,0,0,1,0,
	4.405172,15.30872,-1.079958,52.17473,30.45004,125.3245,0,0,1,0,
	4.413452,15.30872,-1.079958,52.17473,30.52505,126.8995,0,0,1,0,
	4.420682,15.30872,-1.079958,52.17473,30.60004,128.7745,0,0,1,0,
	4.427351,15.54138,-1.030358,51.95663,30.67504,130.2745,0,0,1,0,
	4.433323,15.54138,-1.030358,51.95663,30.75004,132.1494,0,0,1,0,
	4.440434,15.54138,-1.030358,51.95663,30.82504,133.4245,0,0,1,0,
	4.444575,15.75535,-0.9859585,51.71886,30.82504,135.1495,0,0,1,0,
	4.450179,15.75535,-0.9859585,51.71886,30.82504,136.1245,0,0,1,0,
	4.456121,15.75535,-0.9859585,51.71886,30.82504,137.3995,0,0,1,0,
	4.461757,15.75535,-0.9859585,51.71886,30.82504,138.5995,0,0,1,0,
	4.469523,15.95033,-0.9467584,51.464,30.90004,139.7245,0,0,1,0,
	4.476696,15.95033,-0.9467584,51.464,30.90005,141.4495,0,0,1,0,
	4.482343,16.13241,-0.9127585,51.19904,30.90005,142.6495,0,0,1,0,
	4.491374,16.13241,-0.9127585,51.19904,30.90004,143.9245,0,0,1,0,
	4.497755,16.13241,-0.9127585,51.19904,30.90004,145.5745,0,0,1,0,
	4.504763,16.29508,-0.8839585,50.92073,30.90005,146.8495,0,0,1,0,
	4.512013,16.29508,-0.8839585,50.92073,30.90005,148.0495,0,0,1,0,
	4.520412,16.29508,-0.8839585,50.92073,30.90005,149.2495,0,0,1,0,
	4.525711,16.43923,-0.8603585,50.63146,30.90005,150.6745,0,0,1,0,
	4.532746,16.43923,-0.8603585,50.63146,30.90005,151.4245,0,0,1,0,
	4.541459,16.43923,-0.8603585,50.63146,30.90005,152.4745,0,0,1,0,
	4.548694,16.56796,-0.8419585,50.33425,30.90005,153.7495,0,0,1,0,
	4.555249,16.56796,-0.8419585,50.33425,30.90005,154.6495,0,0,1,0,
	4.560646,16.56796,-0.8419585,50.33425,30.90005,155.3995,0,0,1,0,
	4.567534,16.68553,-0.8287585,50.03189,30.90005,155.9246,0,0,1,0,
	4.573509,16.68553,-0.8287585,50.03189,30.90005,156.7496,0,0,1,0,
	4.583607,16.79608,-0.8207585,49.72654,30.90005,157.2746,0,0,1,0,
	4.600604,16.79608,-0.8207585,49.72654,30.90005,158.2496,0,0,1,0,
	4.607226,16.89352,-0.8179585,49.41619,30.90005,159.7496,0,0,1,0,
	4.614743,16.89352,-0.8179585,49.41619,30.90004,160.2746,0,0,1,0,
	4.621772,16.89352,-0.8179585,49.41619,30.90005,160.8745,0,0,1,0,
	4.627733,16.98171,-0.8203585,49.10265,30.90005,161.4746,0,0,1,0,
	4.635383,16.98171,-0.8203585,49.10265,30.90005,161.9996,0,0,1,0,
	4.643718,17.06381,-0.8279585,48.78717,30.97504,162.5995,0,0,1,0,
	4.650731,17.06381,-0.8279585,48.78717,30.97504,163.2745,0,0,1,0,
	4.65674,17.06381,-0.8279585,48.78717,30.97504,163.8745,0,0,1,0,
	4.663459,17.13608,-0.8407584,48.46883,30.97506,164.3995,0,0,1,0,
	4.67345,17.13608,-0.8407584,48.46883,30.97504,164.9995,0,0,1,0,
	4.679398,17.13608,-0.8407584,48.46883,30.97505,165.8996,0,0,1,0,
	4.684593,17.19718,-0.8587584,48.14766,30.97505,166.4245,0,0,1,0,
	4.692369,17.19718,-0.8587584,48.14766,31.05005,166.8746,0,0,1,0,
	4.698514,17.19718,-0.8587584,48.14766,31.05005,167.4745,0,0,1,0,
	4.705761,17.24992,-0.8819584,47.82462,31.05005,167.9246,0,0,1,0,
	4.713603,17.24992,-0.8819584,47.82462,31.05005,168.6746,0,0,1,0,
	4.722517,17.29468,-0.9103584,47.50003,31.12504,169.3496,0,0,1,0,
	4.72929,17.29468,-0.9103584,47.50003,31.12505,170.2496,0,0,1,0,
	4.735047,17.29468,-0.9103584,47.50003,31.20005,170.9996,0,0,1,0,
	4.741592,17.29468,-0.9103584,47.50003,31.27505,171.7496,0,0,1,0,
	4.752385,17.32164,-0.9439584,47.17273,31.35005,172.4996,0,0,1,0,
	4.761325,17.32164,-0.9439584,47.17273,31.42505,173.6996,0,0,1,0,
	4.767737,17.33405,-0.9827584,46.844,31.57506,175.0495,0,0,1,0,
	4.775425,17.33405,-0.9827584,46.844,31.65005,175.8746,0,0,1,0,
	4.783446,17.33529,-0.9019584,46.51459,31.72505,176.9996,0,0,1,0,
	4.789551,17.33529,-0.9019584,46.51459,31.87505,178.3496,0,0,1,0,
	4.795338,17.33529,-0.9019584,46.51459,31.95005,179.3996,0,0,1,0,
	4.800384,17.33529,-0.9019584,46.51459,32.02505,180.2995,0,0,1,0,
	4.805755,17.31109,-0.8263584,46.18509,32.17505,181.4245,0,0,1,0,
	4.815453,17.31109,-0.8263584,46.18509,32.25006,182.4745,0,0,1,0,
	4.821087,17.31109,-0.8263584,46.18509,32.40006,184.5745,0,0,1,0,
	4.827262,17.26188,-0.7559584,45.85751,32.55006,185.7745,0,0,1,0,
	4.833269,17.26188,-0.7559584,45.85751,32.62505,187.3495,0,0,1,0,
	4.838901,17.26188,-0.7559584,45.85751,32.70006,188.8495,0,0,1,0,
	4.846117,17.18909,-0.6907585,45.53347,32.70006,189.8995,0,0,1,0,
	4.853362,17.18909,-0.6907585,45.53347,32.77506,191.8495,0,0,1,0,
	4.858373,17.18909,-0.6907585,45.53347,32.77506,193.5745,0,0,1,0,
	4.863727,17.08879,-0.6307585,45.21587,32.77506,194.7745,0,0,1,0,
	4.873279,17.08879,-0.6307585,45.21587,32.77507,196.1245,0,0,1,0,
	4.87933,17.08879,-0.6307585,45.21587,32.77506,198.5995,0,0,1,0,
	4.885813,16.95951,-0.5759585,44.90789,32.77506,200.0245,0,0,1,0,
	4.893128,16.95951,-0.5759585,44.90789,32.77506,201.6745,0,0,1,0,
	4.899597,16.95951,-0.5759585,44.90789,32.77506,203.7745,0,0,1,0,
	4.907272,16.80256,-0.5263585,44.61193,32.77506,205.1995,0,0,1,0,
	4.913576,16.80256,-0.5263585,44.61193,32.77506,207.0744,0,0,1,0,
	4.9199,16.80256,-0.5263585,44.61193,32.77506,208.4244,0,0,1,0,
	4.925952,16.62131,-0.4819585,44.32911,32.77506,209.9244,0,0,1,0,
	4.931095,16.62131,-0.4819585,44.32911,32.70006,211.1245,0,0,1,0,
	4.947344,16.42809,-0.4427585,44.05367,32.70007,212.3244,0,0,1,0,
	4.953795,16.42809,-0.4427585,44.05367,32.62505,214.9495,0,0,1,0,
	4.96269,16.2176,-0.4087585,43.79043,32.55005,215.9245,0,0,1,0,
	4.96941,16.2176,-0.4087585,43.79043,32.55006,217.1994,0,0,1,0,
	4.975607,16.2176,-0.4087585,43.79043,32.55006,218.0995,0,0,1,0,
	4.983784,15.99422,-0.3799585,43.53719,32.55006,218.6995,0,0,1,0,
	4.990259,15.99422,-0.3799585,43.53719,32.55006,219.3745,0,0,1,0,
	4.996161,15.99422,-0.3799585,43.53719,32.55006,219.8245,0,0,1,0,
	4.99989,15.99422,-0.3799585,43.53719,32.55005,220.1245,0,0,1,0,
	5.005931,15.76404,-0.3563584,43.28959,32.55006,220.1994,0,0,1,1,
	5.011968,15.76404,-0.3563584,43.28959,32.55006,220.2745,0,0,1,1,
	5.015111,15.76404,-0.3563584,43.28959,32.55006,220.2745,0,0,1,1,
	5.019382,15.76404,-0.3563584,43.28959,32.55006,220.2745,0,0,0,1,
	5.024872,15.54038,-0.3379584,43.03648,32.55006,220.2745,0,0,0,1,
	5.028653,15.54038,-0.3379584,43.03648,32.55006,220.2745,0,0,0,1,
	5.032121,15.54038,-0.3379584,43.03648,32.55006,220.2745,0,0,0,1,
	5.035045,15.54038,-0.3379584,43.03648,32.55006,220.2745,0,0,0,1,
	5.042311,15.33428,-0.3247584,42.76848,32.55006,220.2745,0,0,0,1,
	5.048261,15.33428,-0.3247584,42.76848,32.55006,220.1994,0,0,0,1,
	5.053544,15.33428,-0.3247584,42.76848,32.55006,220.0495,0,0,0,1,
	5.057988,15.33428,-0.3247584,42.76848,32.62506,219.8994,0,0,0,1,
	5.062887,15.13056,-0.3167584,42.4985,32.62506,219.7494,0,0,0,1,
	5.069049,15.13056,-0.3167584,42.4985,32.62506,219.5993,0,0,0,1,
	5.073785,15.13056,-0.3167584,42.4985,32.70006,219.3744,0,0,0,1,
	5.079103,15.13056,-0.3167584,42.4985,32.70006,219.1494,0,0,0,1,
	5.083364,14.9306,-0.3139584,42.22544,32.70006,218.9244,0,0,0,1,
	5.08844,14.9306,-0.3139584,42.22544,32.77506,218.7744,0,0,0,1,
	5.094232,14.9306,-0.3139584,42.22544,32.77507,218.5494,0,0,0,1,
	5.100087,14.9306,-0.3139584,42.22544,32.77507,218.2495,0,0,0,1,
	5.10544,14.73516,-0.3163584,41.94881,32.85006,217.9495,0,0,0,1,
	5.113994,14.73516,-0.3163584,41.94881,32.85005,217.6495,0,0,0,1,
	5.12358,14.54359,-0.3239584,41.66923,32.92506,217.1244,0,0,0,1,
	5.13673,14.54359,-0.3239584,41.66923,33.00006,216.2994,0,0,0,1,
	5.14564,14.3625,-0.3367584,41.38218,33.07507,214.9495,0,0,0,1,
	5.184919,14.01063,-0.3779584,40.80117,33.07507,213.8995,0,0,0,1,
	5.196438,14.01063,-0.3779584,40.80117,33.07507,206.7744,0,0,0,1,
	5.207646,13.88571,-0.4063585,40.48562,33.00006,204.2995,0,0,0,1,
	5.214718,13.88571,-0.4063585,40.48562,33.00006,201.8245,0,0,0,1,
	5.220573,13.88571,-0.4063585,40.48562,33.00006,200.1745,0,0,0,1,
	5.226604,13.79158,-0.4399585,40.15854,32.92506,198.7495,0,0,0,1,
	5.232334,13.79158,-0.4399585,40.15854,32.92506,197.3245,0,0,0,1,
	5.236458,13.79158,-0.4399585,40.15854,32.92506,195.8245,0,0,0,1,
	5.241909,13.79158,-0.4399585,40.15854,32.92506,195.0745,0,0,0,1,
	5.247221,13.72534,-0.4787585,39.82364,32.92506,193.8745,0,0,0,1,
	5.254393,13.72534,-0.4787585,39.82364,32.92506,192.1496,0,0,0,1,
	5.260393,13.72534,-0.4787585,39.82364,32.92506,190.2745,0,0,0,1,
	5.264394,13.68943,-0.3979585,39.48316,32.92506,188.6995,0,0,0,1,
	5.269755,13.68943,-0.3979585,39.48316,32.92506,187.6495,0,0,0,1,
	5.276574,13.68943,-0.3979585,39.48316,32.85006,186.2245,0,0,0,1,
	5.282395,13.68073,-0.3223585,39.14002,32.85006,184.1246,0,0,0,1,
	5.290562,13.68073,-0.3223585,39.14002,32.77506,182.2496,0,0,0,1,
	5.296548,13.68073,-0.3223585,39.14002,32.70006,179.6246,0,0,0,1,
	5.303573,13.70977,-0.2519585,38.79695,32.62506,177.8246,0,0,0,1,
	5.309575,13.70977,-0.2519585,38.79695,32.47506,175.4996,0,0,0,1,
	5.316764,13.70977,-0.2519585,38.79695,32.32506,173.4745,0,0,0,1,
	5.321649,13.70977,-0.2519585,38.79695,32.17505,171.3746,0,0,0,1,
	5.326173,13.78667,-0.1867585,38.45995,32.02505,169.7996,0,0,0,1,
	5.333427,13.78667,-0.1867585,38.45995,31.87506,168.0746,0,0,0,1,
	5.340157,13.78667,-0.1867585,38.45995,31.65005,165.8246,0,0,0,1,
	5.345406,13.8994,-0.1267585,38.13215,31.42506,163.6496,0,0,0,1,
	5.354202,13.8994,-0.1267585,38.13215,31.27505,161.9247,0,0,0,1,
	5.360348,13.8994,-0.1267585,38.13215,30.97505,159.0747,0,0,0,1,
	5.365833,14.04873,-0.07195846,37.81819,30.75006,157.1996,0,0,0,1,
	5.373548,14.04873,-0.07195846,37.81819,30.60006,155.7746,0,0,0,1,
	5.380442,14.04873,-0.07195846,37.81819,30.30006,153.2997,0,0,0,1,
	5.387384,14.23016,-0.02235846,37.52044,30.07505,151.2747,0,0,0,1,
	5.393125,14.23016,-0.02235846,37.52044,29.77505,149.2497,0,0,0,1,
	5.398092,14.23016,-0.02235846,37.52044,29.55006,147.5997,0,0,0,1,
	5.403527,14.43562,0.02204154,37.23764,29.40006,146.6247,0,0,0,1,
	5.409734,14.43562,0.02204154,37.23764,29.25005,145.4247,0,0,0,1,
	5.415791,14.43562,0.02204154,37.23764,29.02506,143.9997,0,0,0,1,
	5.421583,14.43562,0.02204154,37.23764,28.87505,143.0247,0,0,0,1,
	5.427228,14.66359,0.06124154,36.97135,28.65005,142.0497,0,0,0,1,
	5.435186,14.66359,0.06124154,36.97135,28.50005,141.1497,0,0,0,1,
	5.441762,14.66359,0.06124154,36.97135,28.27505,140.2497,0,0,0,1,
	5.448211,14.90288,0.09524154,36.71441,28.12505,139.6497,0,0,0,1,
	5.453345,14.90288,0.09524154,36.71441,27.97506,139.0497,0,0,0,1,
	5.459246,14.90288,0.09524154,36.71441,27.90005,138.8247,0,0,0,1,
	5.463943,15.14769,0.1240415,36.4623,27.75006,138.4497,0,0,0,1,
	5.469024,15.14769,0.1240415,36.4623,27.67505,138.3746,0,0,0,1,
	5.473818,15.14769,0.1240415,36.4623,27.60005,138.2247,0,0,1,1,
	5.479437,15.14769,0.1240415,36.4623,27.52505,138.2247,0,0,1,1,
	5.484136,15.39354,0.1476416,36.21111,27.52505,138.2247,0,0,1,1,
	5.490061,15.39354,0.1476416,36.21111,27.45005,138.2247,0,0,1,0,
	5.496534,15.39354,0.1476416,36.21111,27.37505,138.2247,0,0,1,0,
	5.500763,15.39354,0.1476416,36.21111,27.30005,138.2997,0,0,1,0,
	5.505627,15.61481,0.1660416,35.93802,27.22505,138.3747,0,0,1,0,
	5.511174,15.61481,0.1660416,35.93802,27.15005,138.4497,0,0,1,0,
	5.516001,15.61481,0.1660416,35.93802,27.07505,138.5997,0,0,1,0,
	5.522997,15.83401,0.1792416,35.66311,27.00005,138.8247,0,0,1,0,
	5.528325,15.83401,0.1792416,35.66311,26.92505,139.1247,0,0,1,0,
	5.533729,15.83401,0.1792416,35.66311,26.85005,139.4247,0,0,1,0,
	5.540198,15.83401,0.1792416,35.66311,26.77505,139.7247,0,0,1,0,
	5.545582,16.0469,0.1872416,35.38284,26.70004,140.1747,0,0,1,0,
	5.556317,16.0469,0.1872416,35.38284,26.70005,140.6247,0,0,1,0,
	5.562307,16.25332,0.1900416,35.09739,26.62504,141.5247,0,0,1,0,
	5.567764,16.25332,0.1900416,35.09739,26.55004,142.0497,0,0,1,0,
	5.576906,16.25332,0.1900416,35.09739,26.55004,142.4997,0,0,1,0,
	5.589663,16.45057,0.1876416,34.80496,26.55004,143.3997,0,0,1,0,
	5.596218,16.45057,0.1876416,34.80496,26.47504,145.0497,0,0,1,0,
	5.60184,16.45057,0.1876416,34.80496,26.47504,145.9497,0,0,1,0,
	5.607405,16.63065,0.1800416,34.50083,26.47504,146.7747,0,0,1,0,
	5.615238,16.63065,0.1800416,34.50083,26.47504,147.6747,0,0,1,0,
	5.621784,16.63065,0.1800416,34.50083,26.47504,148.7997,0,0,1,0,
	5.628055,16.79451,0.1672416,34.18689,26.47504,149.8497,0,0,1,0,
	5.636597,16.79451,0.1672416,34.18689,26.47504,150.7496,0,0,1,0,
	5.642748,16.94572,0.1492416,33.86611,26.47504,152.1747,0,0,1,0,
	5.647895,16.94572,0.1492416,33.86611,26.47504,153.0747,0,0,1,0,
	5.653745,16.94572,0.1492416,33.86611,26.47505,153.8997,0,0,1,0,
	5.659148,16.94572,0.1492416,33.86611,26.47504,154.8747,0,0,1,0,
	5.666541,17.07641,0.1260416,33.53554,26.47504,155.8497,0,0,1,0,
	5.674305,17.07641,0.1260416,33.53554,26.55004,156.9747,0,0,1,0,
	5.679727,17.07641,0.1260416,33.53554,26.62504,158.3246,0,0,1,0,
	5.68626,17.1881,0.09764159,33.19732,26.62505,159.1497,0,0,1,0,
	5.693767,17.1881,0.09764159,33.19732,26.70005,160.3497,0,0,1,0,
	5.701263,17.1881,0.09764159,33.19732,26.70005,161.5497,0,0,1,0,
	5.708366,17.27767,0.06404159,32.85176,26.77505,162.8997,0,0,1,0,
	5.715274,17.27767,0.06404159,32.85176,26.85005,164.0997,0,0,1,0,
	5.721548,17.27767,0.06404159,32.85176,26.92505,165.3747,0,0,1,0,
	5.726581,17.34601,0.06193207,32.50061,27.00005,166.4247,0,0,1,0,
	5.7328,17.34601,0.06193207,32.50061,27.07505,167.1747,0,0,1,0,
	5.737755,17.34601,0.06193207,32.50061,27.07505,168.3747,0,0,1,0,
	5.747738,17.39691,0.1427321,32.14587,27.15005,169.2747,0,0,1,0,
	5.75837,17.39691,0.1427321,32.14587,27.30005,171.1497,0,0,1,0,
	5.763615,17.42225,0.2183321,31.7877,27.37505,173.3997,0,0,1,0,
	5.76919,17.42225,0.2183321,31.7877,27.52505,174.4497,0,0,1,0,
	5.776443,17.42225,0.2183321,31.7877,27.60005,175.8747,0,0,1,0,
	5.782562,17.42274,0.2887321,31.42783,27.75005,177.3747,0,0,1,0,
	5.789497,17.42274,0.2887321,31.42783,27.90005,178.5747,0,0,1,0,
	5.795457,17.42274,0.2887321,31.42783,28.05005,180.3747,0,0,1,0,
	5.803742,17.39637,0.3539321,31.06807,28.12505,181.6497,0,0,1,0,
	5.809552,17.39637,0.3539321,31.06807,28.35005,183.5247,0,0,1,0,
	5.816276,17.39637,0.3539321,31.06807,28.42505,185.0247,0,0,1,0,
	5.820736,17.39637,0.3539321,31.06807,28.50005,186.2997,0,0,1,0,
	5.826241,17.33285,0.4139321,30.71181,28.57505,187.5748,0,0,1,0,
	5.833831,17.33285,0.4139321,30.71181,28.72506,188.9997,0,0,1,0,
	5.839363,17.33285,0.4139321,30.71181,28.87505,191.0248,0,0,1,0,
	5.845584,17.24047,0.4687321,30.36101,28.95005,192.2248,0,0,1,0,
	5.852575,17.24047,0.4687321,30.36101,29.02505,193.7998,0,0,1,0,
	5.858424,17.24047,0.4687321,30.36101,29.10005,195.5998,0,0,1,0,
	5.865792,17.1179,0.5183321,30.0186,29.25005,197.1748,0,0,1,0,
	5.873163,17.1179,0.5183321,30.0186,29.25005,198.8248,0,0,1,0,
	5.878274,17.1179,0.5183321,30.0186,29.32505,200.9248,0,0,1,0,
	5.883361,16.96721,0.562732,29.68664,29.40005,201.8998,0,0,1,0,
	5.889492,16.96721,0.562732,29.68664,29.40006,203.3998,0,0,1,0,
	5.89577,16.96721,0.562732,29.68664,29.40005,204.5998,0,0,1,0,
	5.902382,16.79267,0.601932,29.36563,29.40006,206.0248,0,0,1,0,
	5.908673,16.79267,0.601932,29.36563,29.40006,207.5998,0,0,1,0,
	5.914773,16.79267,0.601932,29.36563,29.47505,208.7998,0,0,1,0,
	5.920811,16.79267,0.601932,29.36563,29.47506,209.7747,0,0,1,0,
	5.928145,16.59014,0.635932,29.06025,29.47505,211.0498,0,0,1,0,
	5.93469,16.59014,0.635932,29.06025,29.47505,212.4748,0,0,1,0,
	5.940974,16.59014,0.635932,29.06025,29.55006,213.5247,0,0,1,0,
	5.946363,16.36958,0.664732,28.76673,29.55006,214.4248,0,0,1,0,
	5.952247,16.36958,0.664732,28.76673,29.55006,215.3248,0,0,1,0,
	5.963593,16.13928,0.688332,28.48024,29.62506,216.2998,0,0,1,0,
	5.970815,16.13928,0.688332,28.48024,29.62506,217.7248,0,0,1,0,
	5.977569,16.13928,0.688332,28.48024,29.62506,218.4748,0,0,1,0,
	5.982413,15.89499,0.706732,28.20476,29.62506,219.0748,0,0,1,0,
	5.990103,15.89499,0.706732,28.20476,29.62506,219.4498,0,0,1,0,
	5.994172,15.89499,0.706732,28.20476,29.62506,219.9748,0,0,1,0,
	5.998708,15.89499,0.706732,28.20476,29.62506,220.1248,0,0,1,0,
	6.003287,15.64479,0.719932,27.93422,29.62506,220.2748,0,0,1,0,
	6.007021,15.64479,0.719932,27.93422,29.62506,220.3499,0,0,1,0,
	6.010875,15.64479,0.719932,27.93422,29.62506,220.3499,0,0,1,0,
	6.014883,15.64479,0.719932,27.93422,29.62506,220.3499,0,0,1,0,
	6.018989,15.64479,0.719932,27.93422,29.62506,220.3499,0,0,1,0,
	6.021992,15.64479,0.719932,27.93422,29.62506,220.3499,0,0,1,0,
	6.025786,15.39423,0.727932,27.664,29.62506,220.3499,0,0,1,0,
	6.029319,15.39423,0.727932,27.664,29.62506,220.3499,0,0,1,0,
	6.034286,15.39423,0.727932,27.664,29.62506,220.3499,0,0,1,1,
	6.04006,15.39423,0.727932,27.664,29.62506,220.3499,0,0,1,1,
	6.043071,15.14366,0.730732,27.39377,29.62506,220.3499,0,0,1,1,
	6.048534,15.14366,0.730732,27.39377,29.62506,220.3499,0,0,0,1,
	6.054986,15.14366,0.730732,27.39377,29.70006,220.3499,0,0,0,1,
	6.058443,15.14366,0.730732,27.39377,29.70006,220.3499,0,0,0,1,
	6.062884,14.91652,0.728332,27.10364,29.70006,220.3499,0,0,0,1,
	6.068414,14.91652,0.728332,27.10364,29.70006,220.2748,0,0,0,1,
	6.073413,14.91652,0.728332,27.10364,29.70005,220.1998,0,0,0,1,
	6.076581,14.91652,0.728332,27.10364,29.70006,220.1248,0,0,0,1,
	6.081171,14.91652,0.728332,27.10364,29.77506,220.0498,0,0,0,1,
	6.085741,14.69218,0.720732,26.81115,29.77506,219.9748,0,0,0,1,
	6.090751,14.69218,0.720732,26.81115,29.77505,219.8248,0,0,0,1,
	6.095577,14.69218,0.720732,26.81115,29.77506,219.6747,0,0,0,1,
	6.104203,14.47007,0.7079321,26.5168,29.77506,219.5247,0,0,0,1,
	6.109594,14.47007,0.7079321,26.5168,29.77505,219.1497,0,0,0,1,
	6.11429,14.47007,0.7079321,26.5168,29.77505,218.8497,0,0,0,1,
	6.11973,14.47007,0.7079321,26.5168,29.77506,218.5498,0,0,0,1,
	6.124733,14.25513,0.689932,26.21674,29.77505,218.0997,0,0,0,1,
	6.131401,14.25513,0.689932,26.21674,29.77506,217.6497,0,0,0,1,
	6.135962,14.25513,0.689932,26.21674,29.77505,217.0497,0,0,0,1,
	6.143553,14.04827,0.6667321,25.91056,29.77505,216.5247,0,0,0,1,
	6.149541,14.04827,0.6667321,25.91056,29.77506,215.5497,0,0,0,1,
	6.155911,14.04827,0.6667321,25.91056,29.77505,214.8747,0,0,0,1,
	6.166762,13.85492,0.6383321,25.595,29.77506,213.9747,0,0,0,1,
	6.173468,13.85492,0.6383321,25.595,29.77506,212.2498,0,0,0,1,
	6.178737,13.85492,0.6383321,25.595,29.77505,211.1247,0,0,0,1,
	6.184237,13.68181,0.6047321,25.26704,29.70005,210.2997,0,0,0,1,
	6.192422,13.68181,0.6047321,25.26704,29.70005,209.4747,0,0,0,1,
	6.196609,13.68181,0.6047321,25.26704,29.70006,207.8997,0,0,0,1,
	6.20224,13.52581,0.6855321,24.92991,29.70005,207.2997,0,0,0,1,
	6.210419,13.52581,0.6855321,24.92991,29.70005,206.2497,0,0,0,1,
	6.215755,13.52581,0.6855321,24.92991,29.70006,204.6747,0,0,0,1,
	6.221473,13.52581,0.6855321,24.92991,29.70005,203.7747,0,0,0,1,
	6.227364,13.39683,0.7611321,24.58051,29.70005,202.7248,0,0,0,1,
	6.234512,13.39683,0.7611321,24.58051,29.62506,201.4497,0,0,0,1,
	6.240765,13.39683,0.7611321,24.58051,29.62506,200.2497,0,0,0,1,
	6.247365,13.29072,0.8315321,24.22269,29.62506,198.9746,0,0,0,1,
	6.253548,13.29072,0.8315321,24.22269,29.62506,197.5497,0,0,0,1,
	6.259556,13.29072,0.8315321,24.22269,29.62506,196.2747,0,0,0,1,
	6.264716,13.20898,0.8967321,23.85771,29.62506,195.0747,0,0,0,1,
	6.271749,13.20898,0.8967321,23.85771,29.62506,194.0247,0,0,0,1,
	6.277287,13.20898,0.8967321,23.85771,29.62506,192.3746,0,0,0,1,
	6.283354,13.15211,0.9567321,23.48724,29.55006,191.1746,0,0,0,1,
	6.290689,13.15211,0.9567321,23.48724,29.55006,189.6746,0,0,0,1,
	6.296348,13.15211,0.9567321,23.48724,29.55006,188.0996,0,0,0,1,
	6.301917,13.15211,0.9567321,23.48724,29.47505,186.6746,0,0,0,1,
	6.307294,13.13318,1.011532,23.11177,29.47505,185.3246,0,0,0,1,
	6.313367,13.13318,1.011532,23.11177,29.40005,184.1246,0,0,0,1,
	6.320783,13.13318,1.011532,23.11177,29.32506,182.6246,0,0,0,1,
	6.326718,13.14228,1.061132,22.73509,29.25005,181.0496,0,0,0,1,
	6.333771,13.14228,1.061132,22.73509,29.10005,179.7746,0,0,0,1,
	6.339542,13.14228,1.061132,22.73509,29.02505,178.2746,0,0,0,1,
	6.347296,13.17801,1.105532,22.35918,28.87505,176.9996,0,0,0,1,
	6.353886,13.17801,1.105532,22.35918,28.72505,175.4996,0,0,0,1,
	6.360719,13.17801,1.105532,22.35918,28.57505,174.2996,0,0,0,1,
	6.369891,13.23784,1.144732,21.98557,28.42505,173.3246,0,0,0,1,
	6.380031,13.23784,1.144732,21.98557,28.20005,172.0496,0,0,1,1,
	6.389684,13.30601,1.178732,21.61313,28.05005,171.2245,0,0,1,0,
	6.396474,13.30601,1.178732,21.61313,27.90005,170.8496,0,0,1,0,
	6.401321,13.30601,1.178732,21.61313,27.90005,170.8496,0,0,1,0,
	6.408152,13.34993,1.207532,21.23679,27.82505,170.9245,0,0,1,0,
	6.415717,13.34993,1.207532,21.23679,27.75005,171.1496,0,0,1,0,
	6.423757,13.38992,1.231132,20.85985,27.52505,171.5246,0,0,1,0,
	6.430216,13.38992,1.231132,20.85985,27.37506,172.1245,0,0,1,0,
	6.437539,13.38992,1.231132,20.85985,27.30005,172.7995,0,0,1,0,
	6.444458,13.41563,1.249532,20.48115,27.15005,173.6995,0,0,1,0,
	6.451354,13.41563,1.249532,20.48115,27.07505,174.5246,0,0,1,0,
	6.458591,13.41563,1.249532,20.48115,26.92505,175.6496,0,0,1,0,
	6.466287,13.42054,1.262732,20.10093,26.77505,176.8495,0,0,1,0,
	6.47311,13.42054,1.262732,20.10093,26.62505,178.1246,0,0,1,0,
	6.47864,13.42054,1.262732,20.10093,26.47505,179.3996,0,0,1,0,
	6.485598,13.40255,1.270732,19.72038,26.40005,180.2996,0,0,1,0,
	6.492668,13.40255,1.270732,19.72038,26.32505,181.5746,0,0,1,0,
	6.499066,13.40255,1.270732,19.72038,26.25005,182.7746,0,0,1,0,
	6.511123,13.36015,1.273532,19.341,26.17505,183.9747,0,0,1,1,
	6.520561,13.36015,1.273532,19.341,26.10005,185.6247,0,0,1,1,
	6.52859,13.31775,1.271132,18.96162,26.10005,187.0497,0,0,0,1,
	6.536829,13.31775,1.271132,18.96162,26.02505,187.9497,0,0,0,1,
	6.543399,13.28082,1.263532,18.58147,26.02505,188.6997,0,0,0,1,
	6.548676,13.28082,1.263532,18.58147,26.02505,189.2247,0,0,0,1,
	6.553462,13.28082,1.263532,18.58147,26.02505,189.4497,0,0,0,1,
	6.557103,13.28082,1.263532,18.58147,26.02505,189.5997,0,0,0,1,
	6.560658,13.28082,1.263532,18.58147,26.02505,189.5997,0,0,0,1,
	6.56364,13.24389,1.250732,18.20132,26.02505,189.5997,0,0,0,1,
	6.567864,13.24389,1.250732,18.20132,26.02505,189.5997,0,0,0,1,
	6.570772,13.24389,1.250732,18.20132,26.02505,189.5997,0,0,0,1,
	6.574671,13.24389,1.250732,18.20132,26.02505,189.5997,0,0,0,1,
	6.580057,13.24389,1.250732,18.20132,26.02505,189.5997,0,0,0,1,
	6.585244,13.20696,1.232732,17.82118,26.02505,189.4497,0,0,0,1,
	6.592595,13.20696,1.232732,17.82118,26.02505,189.2997,0,0,0,1,
	6.597417,13.20696,1.232732,17.82118,26.10005,188.8497,0,0,0,1,
	6.603328,13.17003,1.209532,17.44103,26.10005,188.4747,0,0,0,1,
	6.610294,13.17003,1.209532,17.44103,26.10005,187.9496,0,0,0,1,
	6.616169,13.17003,1.209532,17.44103,26.17505,187.1246,0,0,0,1,
	6.620733,13.17003,1.209532,17.44103,26.17505,186.2996,0,0,0,1,
	6.626399,13.1475,1.181132,17.05925,26.17505,185.7746,0,0,0,1,
	6.632278,13.1475,1.181132,17.05925,26.17505,184.7996,0,0,0,1,
	6.637725,13.1475,1.181132,17.05925,26.17505,183.8996,0,0,0,1,
	6.644449,13.14295,1.147532,16.67622,26.17505,183.0746,0,0,0,1,
	6.65062,13.14295,1.147532,16.67622,26.17505,181.8746,0,0,0,1,
	6.658356,13.14295,1.147532,16.67622,26.17505,180.8996,0,0,1,1,
	6.666098,13.15293,1.108732,16.29282,26.17505,179.3996,0,0,1,1,
	6.672436,13.15293,1.108732,16.29282,26.02505,177.9746,0,0,1,0,
	6.679427,13.15293,1.108732,16.29282,25.95005,176.7746,0,0,1,0,
	6.68779,13.15852,1.064732,15.90918,25.95005,175.7996,0,0,1,0,
	6.694229,13.15852,1.064732,15.90918,25.87505,174.7496,0,0,1,0,
	6.701312,13.15852,1.064732,15.90918,25.80005,173.9997,0,0,1,0,
	6.70737,13.16412,1.015532,15.52554,25.72505,173.4746,0,0,1,0,
	6.711782,13.16412,1.015532,15.52554,25.72505,173.0996,0,0,1,0,
	6.715676,13.16412,1.015532,15.52554,25.65005,172.9496,0,0,1,0,
	6.718773,13.16412,1.015532,15.52554,25.65005,172.8746,0,0,1,0,
	6.721985,13.16412,1.015532,15.52554,25.65005,172.8746,0,0,1,0,
	6.724724,13.16971,0.9611322,15.1419,25.65005,172.8746,0,0,1,0,
	6.72883,13.16971,0.9611322,15.1419,25.65005,172.8746,0,0,1,0,
	6.732288,13.16971,0.9611322,15.1419,25.65005,172.8746,0,0,1,0,
	6.736295,13.16971,0.9611322,15.1419,25.65005,172.8746,0,0,1,0,
	6.739377,13.16971,0.9611322,15.1419,25.57505,172.8746,0,0,1,0,
end
