values
	0.0056897,-0.5882251,0.9000002,7.935634,21.82502,357.6,1,0,0,0,
	0.0136619,-0.5983487,0.9000002,8.125376,21.82502,357.6,1,0,0,0,
	0.0180657,-0.5983487,0.9000002,8.125376,21.90002,357.6,1,0,0,0,
	0.024439,-0.5983487,0.9000002,8.125376,21.90002,357.6,1,0,0,0,
	0.0278054,-0.6082652,0.9000002,8.315127,21.97502,357.6,1,0,0,0,
	0.0324494,-0.6082652,0.9000002,8.315127,21.97502,357.6,1,0,0,0,
	0.0361157,-0.6082652,0.9000002,8.315127,21.97502,357.6,1,0,0,0,
	0.0414218,-0.6082652,0.9000002,8.315127,21.97502,357.6,1,0,0,0,
	0.0457623,-0.6082652,0.9000002,8.315127,21.97502,357.6,1,0,0,0,
	0.04951,-0.6179712,0.9000002,8.504888,21.97502,357.6,1,0,0,0,
	0.0559937,-0.6179712,0.9000002,8.504888,21.97502,357.6,1,0,0,0,
	0.0613744,-0.6179712,0.9000002,8.504888,21.97502,357.6,1,0,0,0,
	0.0652238,-0.6179712,0.9000002,8.504888,22.05002,357.6,1,0,0,0,
	0.069481,-0.6275048,0.9000002,8.694654,22.05002,357.6,1,0,0,0,
	0.0739745,-0.6275048,0.9000002,8.694654,22.05002,357.6,1,0,0,0,
	0.0773078,-0.6275048,0.9000002,8.694654,22.05002,357.6,1,0,0,0,
	0.0814996,-0.6275048,0.9000002,8.694654,22.05002,357.6,1,0,0,0,
	0.0865151,-0.6275048,0.9000002,8.694654,22.05002,357.6,1,0,0,0,
	0.0912376,-0.6368693,0.9000002,8.884429,22.05002,357.6,1,0,0,0,
	0.0957724,-0.6368693,0.9000002,8.884429,22.05002,357.525,1,0,0,0,
	0.0996839,-0.6368693,0.9000002,8.884429,22.05002,357.525,1,0,0,0,
	0.1081362,-0.6461552,0.9000002,9.074205,22.05002,357.525,1,0,0,0,
	0.1177495,-0.6461552,0.9000002,9.074205,22.05002,357.525,1,0,0,0,
	0.1207578,-0.6461552,0.9000002,9.074205,22.05002,357.525,1,0,0,0,
	0.1244989,-0.6461552,0.9000002,9.074205,22.05002,357.525,1,0,0,0,
	0.1273579,-0.6461552,0.9000002,9.074205,22.05002,357.525,1,0,0,0,
	0.131351,-0.655292,0.9000002,9.263988,22.05002,357.525,1,0,0,0,
	0.1351856,-0.655292,0.9000002,9.263988,22.05002,357.525,1,0,0,0,
	0.1384232,-0.655292,0.9000002,9.263988,22.05002,357.525,1,0,0,0,
	0.1416878,-0.655292,0.9000002,9.263988,22.05002,357.525,1,0,0,0,
	0.1464136,-0.655292,0.9000002,9.263988,22.05002,357.525,1,0,0,0,
	0.1497602,-0.664339,0.9000002,9.453773,22.05002,357.525,1,0,0,0,
	0.1548669,-0.664339,0.9000002,9.453773,22.05002,357.525,1,0,0,0,
	0.1589349,-0.664339,0.9000002,9.453773,22.05002,357.525,1,0,0,0,
	0.1620723,-0.664339,0.9000002,9.453773,22.05002,357.525,1,0,0,0,
	0.1658277,-0.664339,0.9000002,9.453773,22.05002,357.525,1,0,0,0,
	0.1687271,-0.6733034,0.9000002,9.643563,22.05002,357.525,1,0,0,0,
	0.1733632,-0.6733034,0.9000002,9.643563,22.05002,357.525,1,0,0,0,
	0.1781637,-0.6733034,0.9000002,9.643563,22.05002,357.525,1,0,0,0,
	0.181422,-0.6733034,0.9000002,9.643563,22.05002,357.525,1,0,0,0,
	0.1854494,-0.6733034,0.9000002,9.643563,22.05002,357.525,1,0,0,0,
	0.188373,-0.6821924,0.9000002,9.833357,22.05002,357.525,1,0,0,0,
	0.1961627,-0.6821924,0.9000002,9.833357,22.05002,357.525,1,0,0,0,
	0.1999866,-0.6821924,0.9000002,9.833357,22.05002,357.525,1,0,0,0,
	0.2029189,-0.6821924,0.9000002,9.833357,22.05002,357.525,1,0,0,0,
	0.2088611,-0.691071,0.9808002,10.02315,22.05002,357.525,1,0,0,0,
	0.2140462,-0.691071,0.9808002,10.02315,22.05002,357.525,1,0,0,0,
	0.2173093,-0.691071,0.9808002,10.02315,22.05002,357.525,1,0,0,0,
	0.2213148,-0.691071,0.9808002,10.02315,22.05002,357.525,1,0,0,0,
	0.2245664,-0.691071,0.9808002,10.02315,22.05002,357.525,1,0,0,0,
	0.229148,-0.6999495,1.0564,10.21294,22.05002,357.525,1,0,0,0,
	0.233891,-0.6999495,1.0564,10.21294,22.05002,357.6,1,0,0,0,
	0.239587,-0.6999495,1.0564,10.21294,22.05002,357.6,1,0,1,0,
	0.2464001,-0.6999495,1.0564,10.21294,22.05002,357.6,1,0,1,0,
	0.2520104,-0.708828,1.1268,10.40274,22.05002,357.6,1,0,1,0,
	0.2588961,-0.708828,1.1268,10.40274,22.05002,357.675,1,0,1,0,
	0.2651087,-0.708828,1.1268,10.40274,22.05002,357.825,1,0,1,0,
	0.2713863,-0.7177066,1.192,10.59253,22.05002,358.05,1,0,1,0,
	0.2801033,-0.7177066,1.192,10.59253,22.05003,358.425,1,0,1,0,
	0.2929726,-0.7265851,1.252,10.78232,21.97502,359.175,0,0,1,0,
	0.3033081,-0.7265851,1.252,10.78232,21.97502,0.6000025,0,0,1,0,
	0.3085898,-0.7033848,1.3068,10.97161,21.97502,2.175003,0,0,1,0,
	0.3145337,-0.7033848,1.3068,10.97161,21.97502,3.075002,0,0,1,0,
	0.3277031,-0.7033848,1.3068,10.97161,21.97502,4.200003,0,0,1,0,
	0.3397782,-0.665781,1.3564,11.15958,22.05003,6.525002,0,0,1,0,
	0.3466492,-0.665781,1.3564,11.15958,22.20002,8.400003,0,0,1,0,
	0.3515692,-0.6182755,1.4008,11.34601,22.27502,9.525003,0,0,1,0,
	0.3587456,-0.6182755,1.4008,11.34601,22.35003,10.125,0,0,1,0,
	0.3664831,-0.6182755,1.4008,11.34601,22.50002,11.1,0,0,1,0,
	0.3752077,-0.5621421,1.44,11.53072,22.72502,12.15,0,0,1,0,
	0.3863562,-0.5621421,1.44,11.53072,22.87503,13.2,0,0,1,0,
	0.39771,-0.4984194,1.474,11.71355,23.10002,14.475,0,0,1,0,
	0.40581,-0.4984194,1.474,11.71355,23.32503,15.675,0,0,1,0,
	0.4180639,-0.4288593,1.5028,11.89472,23.40003,16.27501,0,0,1,0,
	0.4240035,-0.4288593,1.5028,11.89472,23.55003,17.175,0,0,1,0,
	0.4357288,-0.3554276,1.5264,12.07469,23.62502,17.475,0,0,0,1,
	0.443725,-0.3554276,1.5264,12.07469,23.70003,18.075,0,0,0,1,
	0.4493247,-0.3095136,1.5448,12.26367,23.77503,18.375,0,0,0,1,
	0.4547144,-0.3095136,1.5448,12.26367,23.85003,18.45,0,0,0,1,
	0.4591199,-0.3095136,1.5448,12.26367,23.85003,18.525,0,0,0,1,
	0.4628808,-0.3095136,1.5448,12.26367,23.92503,18.525,0,0,0,1,
	0.465753,-0.3095136,1.5448,12.26367,23.92503,18.525,0,0,0,1,
	0.4693797,-0.2635996,1.558,12.45265,23.92503,18.525,0,0,0,1,
	0.4733788,-0.2635996,1.558,12.45265,23.92503,18.525,0,0,0,1,
	0.476767,-0.2635996,1.558,12.45265,23.92503,18.525,0,0,0,1,
	0.4798743,-0.2635996,1.558,12.45265,23.92503,18.525,0,0,0,1,
	0.4834663,-0.2635996,1.558,12.45265,23.92503,18.525,0,0,0,1,
	0.4884912,-0.2176856,1.566,12.64163,23.92503,18.525,0,0,0,1,
	0.4936328,-0.2176856,1.566,12.64163,24.00003,18.52501,0,0,0,1,
	0.499442,-0.2176856,1.566,12.64163,24.00003,18.52501,0,0,0,1,
	0.5054874,-0.2176856,1.566,12.64163,24.07503,18.45,0,0,0,1,
	0.5102544,-0.1720124,1.5688,12.83069,24.22503,18.3,0,0,0,1,
	0.5214113,-0.1720124,1.5688,12.83069,24.30003,18.225,0,0,0,1,
	0.526698,-0.1720124,1.5688,12.83069,24.52503,17.85,0,0,0,1,
	0.5348594,-0.1285144,1.5664,13.02045,24.67503,17.625,0,0,0,1,
	0.5438196,-0.1285144,1.5664,13.02045,24.82504,17.25,0,0,0,1,
	0.5491067,-0.08866713,1.5588,13.2113,25.12503,16.5,0,0,0,1,
	0.5548199,-0.08866713,1.5588,13.2113,25.27503,16.125,0,0,0,1,
	0.5663517,-0.08866713,1.5588,13.2113,25.42503,15.6,0,0,0,1,
	0.5747569,-0.05595661,1.546,13.40407,25.80003,14.325,0,0,0,1,
	0.5811895,-0.05595661,1.546,13.40407,26.02503,13.2,0,0,0,1,
	0.5908595,-0.02946943,1.528,13.59825,26.25003,12.45,0,0,0,1,
	0.5980838,-0.02946943,1.528,13.59825,26.55003,10.95,0,0,0,1,
	0.6027489,-0.02946943,1.528,13.59825,26.77503,9.900004,0,0,0,1,
	0.6070214,-0.02946943,1.528,13.59825,26.92503,9.225002,0,0,0,1,
	0.61399,-0.01661756,1.5048,13.79481,27.07503,8.400002,0,0,0,1,
	0.6196395,-0.01661756,1.5048,13.79481,27.22503,7.350002,0,0,0,1,
	0.6268339,-0.01661756,1.5048,13.79481,27.45003,6.300002,0,0,0,1,
	0.6339317,-0.01528709,1.4764,13.99261,27.60003,5.025002,0,0,0,1,
	0.6445298,-0.01528709,1.4764,13.99261,27.75003,3.600002,0,0,0,1,
	0.6515755,-0.02506307,1.4428,14.19091,27.97503,1.800002,0,0,0,1,
	0.6583068,-0.02506307,1.4428,14.19091,28.12503,0.375002,0,0,0,1,
	0.6676782,-0.02506307,1.4428,14.19091,28.27503,359.025,0,0,0,1,
	0.6736689,-0.05067676,1.404,14.38887,28.42503,357.225,0,0,0,1,
	0.6792421,-0.05067676,1.404,14.38887,28.42503,356.25,0,0,0,1,
	0.6840424,-0.05067676,1.404,14.38887,28.50003,355.125,0,0,0,1,
	0.6895129,-0.08720972,1.36,14.58589,28.57503,354.075,0,0,0,1,
	0.6947662,-0.08720972,1.36,14.58589,28.57503,352.95,0,0,0,1,
	0.701851,-0.08720972,1.36,14.58589,28.65003,351.9,0,0,0,1,
	0.7080555,-0.1356699,1.3108,14.78119,28.65003,350.625,0,0,0,1,
	0.7171544,-0.1356699,1.3108,14.78119,28.72503,349.425,0,0,0,1,
	0.7240757,-0.1356699,1.3108,14.78119,28.72503,347.55,0,0,0,1,
	0.7301144,-0.1987887,1.2564,14.9733,28.80003,346.35,0,0,0,1,
	0.7450607,-0.1987887,1.2564,14.9733,28.80003,345.225,0,0,0,1,
	0.7587311,-0.2750731,1.1968,15.16144,28.80003,342.45,0,0,0,1,
	0.7659374,-0.2750731,1.1968,15.16144,28.87503,340.2,0,0,0,1,
	0.7734416,-0.3623219,1.132,15.34557,28.87503,339.15,0,0,0,1,
	0.780651,-0.3623219,1.132,15.34557,28.87503,337.875,0,0,0,1,
	0.7870234,-0.3623219,1.132,15.34557,28.87503,336.825,0,0,0,1,
	0.7920129,-0.4601137,1.062,15.52522,28.87503,335.925,0,0,0,1,
	0.8011785,-0.4601137,1.062,15.52522,28.87503,335.325,0,0,0,1,
	0.8161829,-0.5634566,0.9868003,15.70223,28.80003,334.2,0,0,0,1,
	0.8241064,-0.5634566,0.9868003,15.70223,28.72503,332.7,0,0,0,1,
	0.8293654,-0.6732171,0.9064003,15.87592,28.72503,332.175,0,0,0,1,
	0.8353848,-0.6732171,0.9064003,15.87592,28.65003,331.875,0,0,0,1,
	0.8406562,-0.6732171,0.9064003,15.87592,28.65003,331.65,0,0,0,1,
	0.8461038,-0.6732171,0.9064003,15.87592,28.57503,331.575,0,0,0,1,
	0.8493436,-0.7851037,0.90128,16.04845,28.57503,331.5,0,0,0,1,
	0.8537421,-0.7851037,0.90128,16.04845,28.57503,331.5,0,0,0,1,
	0.8563218,-0.7851037,0.90128,16.04845,28.57503,331.5,0,0,0,1,
	0.8598425,-0.7851037,0.90128,16.04845,28.57503,331.5,0,0,0,1,
	0.8651443,-0.7851037,0.90128,16.04845,28.57503,331.5,0,0,0,1,
	0.8698978,-0.8969904,0.900256,16.22099,28.50003,331.575,0,0,0,1,
	0.8774443,-0.8969904,0.900256,16.22099,28.50003,331.65,0,0,0,1,
	0.882913,-0.8969904,0.900256,16.22099,28.35003,331.875,0,0,0,1,
	0.8910182,-1.008877,0.981056,16.39353,28.27502,332.1,0,0,0,1,
	0.9094642,-1.120764,1.056656,16.56607,28.12502,332.625,0,0,0,0,
	0.9175286,-1.120764,1.056656,16.56607,27.75003,334.125,0,0,1,0,
	0.92691,-1.120764,1.056656,16.56607,27.52503,335.1,0,0,1,0,
	0.9381062,-1.20086,1.127056,16.75299,27.37503,336.15,0,0,1,0,
	0.9453017,-1.20086,1.127056,16.75299,27.15003,337.725,0,0,1,0,
	0.9520829,-1.259149,1.192256,16.94874,27.00003,338.925,0,0,1,0,
	0.9604813,-1.259149,1.192256,16.94874,26.92503,339.9,0,0,1,0,
	0.9660877,-1.259149,1.192256,16.94874,26.77503,341.625,0,0,1,0,
	0.9720887,-1.304776,1.252256,17.14873,26.70003,342.675,0,0,1,0,
	0.9798813,-1.304776,1.252256,17.14873,26.55003,343.95,0,0,1,0,
	0.9875479,-1.304776,1.252256,17.14873,26.40003,345.525,0,0,1,0,
	0.9956084,-1.33533,1.307056,17.3526,26.25003,347.025,0,0,1,0,
	1.006756,-1.33533,1.307056,17.3526,26.02503,348.825,0,0,1,0,
	1.02005,-1.351545,1.356656,17.55898,25.80003,351.075,0,0,1,0,
	1.029142,-1.356451,1.401056,17.7665,25.42503,354.225,0,0,1,0,
	1.043814,-1.356451,1.401056,17.7665,25.27503,356.475,0,0,1,0,
	1.049657,-1.340179,1.440256,17.97451,25.12503,0.07500673,0,0,1,0,
	1.062784,-1.340179,1.440256,17.97451,25.05003,1.575007,0,0,1,0,
	1.070046,-1.307022,1.474256,18.18142,24.97503,4.725007,0,0,1,0,
	1.079094,-1.307022,1.474256,18.18142,24.97503,6.225008,0,0,1,0,
	1.086261,-1.307022,1.474256,18.18142,24.90003,8.325006,0,0,1,0,
	1.093722,-1.256219,1.503056,18.38585,24.82502,9.600005,0,0,1,0,
	1.103603,-1.256219,1.503056,18.38585,24.82502,11.32501,0,0,1,0,
	1.111703,-1.192497,1.526656,18.58746,24.82502,13.20001,0,0,1,0,
	1.118661,-1.192497,1.526656,18.58746,24.82502,14.55001,0,0,1,0,
	1.132028,-1.119704,1.545056,18.78662,24.82502,15.75,0,0,1,0,
	1.139593,-1.119704,1.545056,18.78662,24.82502,17.77501,0,0,1,0,
	1.150011,-1.036371,1.558256,18.98233,24.82502,18.75001,0,0,1,1,
	1.162628,-1.036371,1.558256,18.98233,24.82503,19.72501,0,0,0,1,
	1.169007,-0.9766663,1.566256,19.1869,24.82502,20.55001,0,0,0,1,
	1.174133,-0.9766663,1.566256,19.1869,24.90003,20.85001,0,0,0,1,
	1.178102,-0.9766663,1.566256,19.1869,24.90003,21.00001,0,0,0,1,
	1.181097,-0.9766663,1.566256,19.1869,24.90002,21.07501,0,0,0,1,
	1.183676,-0.9766663,1.566256,19.1869,24.90002,21.07501,0,0,0,1,
	1.187144,-0.9766663,1.566256,19.1869,24.90002,21.07501,0,0,0,1,
	1.190204,-0.9169613,1.569056,19.39148,24.90002,21.07501,0,0,0,1,
	1.194688,-0.9169613,1.569056,19.39148,24.90002,21.07501,0,0,0,1,
	1.197556,-0.9169613,1.569056,19.39148,24.90002,21.07501,0,0,0,1,
	1.201197,-0.9169613,1.569056,19.39148,24.90002,21.07501,0,0,0,1,
	1.205507,-0.9169613,1.569056,19.39148,24.90002,21.07501,0,0,0,1,
	1.208881,-0.8572564,1.566656,19.59605,24.97503,21.07501,0,0,0,1,
	1.219408,-0.8572564,1.566656,19.59605,24.97503,21.07501,0,0,0,1,
	1.224111,-0.8572564,1.566656,19.59605,25.12503,20.85001,0,0,0,1,
	1.231967,-0.7975514,1.559056,19.80062,25.20003,20.77501,0,0,0,1,
	1.239004,-0.7975514,1.559056,19.80062,25.35003,20.40001,0,0,0,1,
	1.250542,-0.7397648,1.546256,20.0059,25.50002,20.02501,0,0,0,1,
	1.258125,-0.7397648,1.546256,20.0059,25.80002,19.27501,0,0,0,1,
	1.266659,-0.7397648,1.546256,20.0059,26.02503,18.675,0,0,0,1,
	1.278279,-0.6896402,1.528256,20.21375,26.32502,17.85001,0,0,0,1,
	1.286823,-0.6896402,1.528256,20.21375,26.62503,16.72501,0,0,0,1,
	1.294635,-0.6472967,1.505056,20.42386,26.92502,15.675,0,0,0,1,
	1.302088,-0.6472967,1.505056,20.42386,27.07502,14.77501,0,0,0,1,
	1.309268,-0.6114661,1.476656,20.63564,27.30002,13.87501,0,0,0,1,
	1.317121,-0.6114661,1.476656,20.63564,27.52502,12.75001,0,0,0,1,
	1.324236,-0.6114661,1.476656,20.63564,27.67503,11.92501,0,0,0,1,
	1.330722,-0.5869061,1.443056,20.84977,27.90002,10.80001,0,0,0,1,
	1.336498,-0.5869061,1.443056,20.84977,28.05002,9.900008,0,0,0,1,
	1.341391,-0.5869061,1.443056,20.84977,28.20002,9.000009,0,0,0,1,
	1.346602,-0.5869061,1.443056,20.84977,28.35003,8.175008,0,0,0,1,
	1.351775,-0.5751661,1.404256,21.06586,28.50002,7.350007,0,0,0,1,
	1.357765,-0.5751661,1.404256,21.06586,28.65002,6.600008,0,0,0,1,
	1.364504,-0.5751661,1.404256,21.06586,28.80002,5.625008,0,0,0,1,
	1.372735,-0.5741293,1.360256,21.28296,29.02503,4.500008,0,0,0,1,
	1.384501,-0.5741293,1.360256,21.28296,29.25002,3.150008,0,0,0,1,
	1.393111,-0.585007,1.311056,21.5005,29.47503,1.350008,0,0,0,1,
	1.4045,-0.585007,1.311056,21.5005,29.70003,359.925,0,0,0,1,
	1.410983,-0.6084144,1.256656,21.71779,29.92503,358.05,0,0,0,1,
	1.418846,-0.6084144,1.256656,21.71779,30.00002,357.075,0,0,0,1,
	1.426539,-0.6084144,1.256656,21.71779,30.07502,355.95,0,0,0,1,
	1.434307,-0.6443645,1.197056,21.93418,30.15002,354.75,0,0,0,1,
	1.440649,-0.6443645,1.197056,21.93418,30.15003,353.625,0,0,0,1,
	1.446559,-0.6443645,1.197056,21.93418,30.22503,352.575,0,0,0,1,
	1.454993,-0.6908439,1.132256,22.14924,30.22503,351.975,0,0,0,1,
	1.469393,-0.7427114,1.062256,22.36341,30.22503,350.55,0,0,0,1,
	1.479022,-0.7427114,1.062256,22.36341,30.22503,348.6,0,0,0,1,
	1.487082,-0.7427114,1.062256,22.36341,30.22503,347.325,0,0,0,1,
	1.510151,-0.8774316,0.9066561,22.78501,30.22503,346.425,0,0,0,1,
	1.517875,-0.8774316,0.9066561,22.78501,30.22503,344.325,0,0,0,1,
	1.524079,-0.8774316,0.9066561,22.78501,30.22503,343.8,0,0,0,1,
	1.529198,-0.9556472,0.9013312,22.99272,30.15003,343.5,0,0,0,1,
	1.535301,-0.9556472,0.9013312,22.99272,30.15003,343.275,0,0,0,1,
	1.541095,-0.9556472,0.9013312,22.99272,30.15003,343.125,0,0,0,1,
	1.54585,-0.9556472,0.9013312,22.99272,30.15003,343.05,0,0,0,1,
	1.549396,-1.035528,0.9002661,23.19994,30.07502,343.05,0,0,0,1,
	1.553375,-1.035528,0.9002661,23.19994,30.07502,343.05,0,0,0,1,
	1.556945,-1.035528,0.9002661,23.19994,30.07502,343.05,0,0,0,1,
	1.559826,-1.035528,0.9002661,23.19994,30.07502,343.05,0,0,0,1,
	1.563136,-1.035528,0.9002661,23.19994,30.07502,343.05,0,0,0,1,
	1.565989,-1.035528,0.9002661,23.19994,30.07502,343.05,0,0,0,1,
	1.569857,-1.115408,0.9810661,23.40715,30.07502,343.05,0,0,0,1,
	1.578472,-1.115408,0.9810661,23.40715,30.07502,343.05,0,0,0,0,
	1.593124,-1.195288,1.056666,23.61436,30.00003,343.125,0,0,1,0,
	1.605539,-1.195288,1.056666,23.61436,29.77502,343.575,0,0,1,0,
	1.613324,-1.240284,1.127066,23.83178,29.62502,344.175,0,0,1,0,
	1.621527,-1.240284,1.127066,23.83178,29.55002,344.625,0,0,1,0,
	1.639372,-1.281639,1.192266,24.05018,29.40002,345.15,0,0,1,0,
	1.6528,-1.317627,1.252266,24.26987,29.17503,346.575,0,0,1,0,
	1.659954,-1.317627,1.252266,24.26987,29.02503,348,0,0,1,0,
	1.6706,-1.345066,1.307066,24.49132,28.87503,348.825,0,0,1,0,
	1.67677,-1.345066,1.307066,24.49132,28.65002,350.475,0,0,1,0,
	1.684129,-1.345066,1.307066,24.49132,28.57502,351.45,0,0,1,0,
	1.690986,-1.358077,1.356666,24.71496,28.42502,352.575,0,0,1,0,
	1.69717,-1.358077,1.356666,24.71496,28.27502,353.775,0,0,1,0,
	1.701883,-1.358077,1.356666,24.71496,28.05002,355.05,0,0,1,0,
	1.710253,-1.359128,1.401066,24.93973,27.97503,355.65,0,0,1,0,
	1.717223,-1.359128,1.401066,24.93973,27.75002,357.3,0,0,1,0,
	1.72502,-1.359128,1.401066,24.93973,27.60002,358.575,0,0,1,0,
	1.732475,-1.344012,1.440266,25.16493,27.45002,359.775,0,0,1,0,
	1.739479,-1.344012,1.440266,25.16493,27.30002,1.20001,0,0,1,0,
	1.753924,-1.318572,1.474266,25.38983,27.15003,2.400011,0,0,1,0,
	1.764275,-1.318572,1.474266,25.38983,26.85003,4.650011,0,0,1,0,
	1.770094,-1.276923,1.503066,25.61316,26.70003,6.52501,0,0,1,0,
	1.778536,-1.276923,1.503066,25.61316,26.62502,7.425009,0,0,1,0,
	1.784956,-1.276923,1.503066,25.61316,26.55003,8.85001,0,0,1,0,
	1.796185,-1.222938,1.526666,25.83461,26.55003,9.67501,0,0,1,1,
	1.814996,-1.168953,1.545066,26.05606,26.55002,11.17501,0,0,1,1,
	1.827987,-1.114968,1.558266,26.27752,26.55002,13.12501,0,0,0,1,
	1.836089,-1.114968,1.558266,26.27752,26.55002,14.17501,0,0,0,1,
	1.841266,-1.114968,1.558266,26.27752,26.55002,14.62501,0,0,0,1,
	1.847124,-1.114968,1.558266,26.27752,26.55002,14.85001,0,0,0,1,
	1.852251,-1.074664,1.566266,26.50243,26.55003,15.00001,0,0,0,1,
	1.858845,-1.074664,1.566266,26.50243,26.62502,15.07501,0,0,0,1,
	1.863212,-1.074664,1.566266,26.50243,26.62502,15.15001,0,0,0,1,
	1.867214,-1.074664,1.566266,26.50243,26.62502,15.15001,0,0,0,1,
	1.870798,-1.034361,1.569066,26.72733,26.62502,15.15001,0,0,0,1,
	1.875095,-1.034361,1.569066,26.72733,26.62502,15.15001,0,0,0,1,
	1.877832,-1.034361,1.569066,26.72733,26.62502,15.15001,0,0,0,1,
	1.881302,-1.034361,1.569066,26.72733,26.62502,15.15001,0,0,0,1,
	1.886429,-1.034361,1.569066,26.72733,26.62502,15.15001,0,0,0,1,
	1.889804,-0.9940568,1.566666,26.95224,26.70003,15.15001,0,0,0,1,
	1.897436,-0.9940568,1.566666,26.95224,26.70003,15.15001,0,0,0,1,
	1.901348,-0.9940568,1.566666,26.95224,26.77503,15.07501,0,0,0,1,
	1.906371,-0.9940568,1.566666,26.95224,26.77503,15.07501,0,0,0,1,
	1.914482,-0.9537531,1.559066,27.17715,26.85003,15.00001,0,0,0,1,
	1.919646,-0.9537531,1.559066,27.17715,26.92503,14.85001,0,0,0,1,
	1.925808,-0.9537531,1.559066,27.17715,27.00003,14.77501,0,0,0,1,
	1.931341,-0.9134494,1.546266,27.40206,27.07503,14.62501,0,0,0,1,
	1.937449,-0.9134494,1.546266,27.40206,27.15003,14.47501,0,0,0,1,
	1.942378,-0.9134494,1.546266,27.40206,27.22503,14.32501,0,0,0,1,
	1.948338,-0.8731457,1.528266,27.62697,27.30003,14.25001,0,0,0,1,
	1.953711,-0.8731457,1.528266,27.62697,27.37503,14.02501,0,0,0,1,
	1.96154,-0.8731457,1.528266,27.62697,27.45003,13.87501,0,0,0,1,
	1.967083,-0.8731457,1.528266,27.62697,27.60004,13.57501,0,0,0,1,
	1.977579,-0.8360327,1.505066,27.85265,27.67503,13.35001,0,0,0,1,
	1.986777,-0.8360327,1.505066,27.85265,27.90003,12.82501,0,0,0,1,
	1.993664,-0.8035892,1.476666,28.07937,28.12503,12.15001,0,0,0,1,
	1.999045,-0.8035892,1.476666,28.07937,28.27503,11.55001,0,0,0,1,
	2.007116,-0.8035892,1.476666,28.07937,28.35003,11.17501,0,0,0,1,
	2.015926,-0.7779044,1.443066,28.30739,28.50003,10.42501,0,0,0,1,
	2.023089,-0.7779044,1.443066,28.30739,28.72503,9.675012,0,0,0,1,
	2.029522,-0.7578415,1.404266,28.53634,28.80003,9.000011,0,0,0,1,
	2.043074,-0.7578415,1.404266,28.53634,28.95004,8.325009,0,0,0,1,
	2.048723,-0.7461217,1.360266,28.76637,29.25004,6.900011,0,0,0,1,
	2.055708,-0.7461217,1.360266,28.76637,29.40003,6.37501,0,0,0,1,
	2.059657,-0.7461217,1.360266,28.76637,29.55003,5.62501,0,0,0,1,
	2.065619,-0.7461217,1.360266,28.76637,29.62503,5.25001,0,0,0,1,
	2.079009,-0.7433947,1.311066,28.99726,29.77503,4.65001,0,0,0,1,
	2.085801,-0.7433947,1.311066,28.99726,30.00003,3.30001,0,0,0,1,
	2.091169,-0.7491078,1.256666,29.2286,30.07504,2.550011,0,0,0,1,
	2.101865,-0.7491078,1.256666,29.2286,30.22503,1.950011,0,0,0,1,
	2.107764,-0.7620788,1.197066,29.46008,30.37504,0.7500101,0,0,0,1,
	2.119839,-0.7620788,1.197066,29.46008,30.45004,1.013279E-05,0,0,0,1,
	2.125929,-0.7620788,1.197066,29.46008,30.52503,358.65,0,0,0,1,
	2.135058,-0.7865688,1.132266,29.69133,30.60004,357.9,0,0,0,1,
	2.153861,-0.8153062,1.062266,29.92234,30.60004,356.85,0,0,0,1,
	2.160958,-0.8153062,1.062266,29.92234,30.67504,354.6,0,0,0,1,
	2.169048,-0.8564653,0.9870661,30.15212,30.67504,353.775,0,0,0,1,
	2.176614,-0.8564653,0.9870661,30.15212,30.67504,352.725,0,0,0,1,
	2.183656,-0.8564653,0.9870661,30.15212,30.67504,351.75,0,0,0,1,
	2.193225,-0.9100124,0.9066662,30.38011,30.67504,350.7,0,0,0,1,
	2.202064,-0.9100124,0.9066662,30.38011,30.67504,349.425,0,0,0,1,
	2.218822,-0.9740708,0.9013332,30.606,30.67504,348.075,0,0,0,1,
	2.226851,-0.9740708,0.9013332,30.606,30.52503,345.375,0,0,0,1,
	2.238984,-1.053557,0.9002666,30.82776,30.45004,344.175,0,0,0,1,
	2.250856,-1.139795,0.9810666,31.04738,30.30004,342.45,0,0,0,1,
	2.260155,-1.139795,0.9810666,31.04738,30.22504,341.025,0,0,0,1,
	2.268012,-1.235059,1.056667,31.26384,30.07503,340.125,0,0,0,1,
	2.278844,-1.235059,1.056667,31.26384,30.00004,339.45,0,0,0,1,
	2.28409,-1.235059,1.056667,31.26384,29.92503,338.775,0,0,0,1,
	2.287984,-1.336384,1.127067,31.47798,29.92504,338.55,0,0,0,1,
	2.292927,-1.336384,1.127067,31.47798,29.85003,338.4,0,0,0,1,
	2.296201,-1.336384,1.127067,31.47798,29.85003,338.325,0,0,0,1,
	2.299883,-1.336384,1.127067,31.47798,29.85003,338.325,0,0,0,1,
	2.302691,-1.336384,1.127067,31.47798,29.85003,338.325,0,0,0,1,
	2.306094,-1.336384,1.127067,31.47798,29.85003,338.325,0,0,0,1,
	2.313371,-1.438571,1.192267,31.69177,29.85003,338.325,0,0,0,1,
	2.321671,-1.438571,1.192267,31.69177,29.77503,338.475,0,0,0,0,
	2.336091,-1.540759,1.252267,31.90556,29.62504,338.775,0,0,1,0,
	2.344529,-1.540759,1.252267,31.90556,29.40003,339.525,0,0,1,0,
	2.355937,-1.605388,1.307067,32.13322,29.25004,340.275,0,0,1,0,
	2.365304,-1.605388,1.307067,32.13322,29.10003,341.4,0,0,1,0,
	2.370729,-1.661191,1.356667,32.36375,28.95003,342.525,0,0,1,0,
	2.378191,-1.661191,1.356667,32.36375,28.80003,343.425,0,0,1,0,
	2.385645,-1.661191,1.356667,32.36375,28.65004,344.7,0,0,1,0,
	2.398114,-1.703521,1.401067,32.59795,28.57504,345.9,0,0,1,0,
	2.407404,-1.703521,1.401067,32.59795,28.35003,348.075,0,0,1,0,
	2.413693,-1.729967,1.440266,32.83529,28.20004,349.8,0,0,1,0,
	2.420072,-1.729967,1.440266,32.83529,28.12504,351.3,0,0,1,0,
	2.425792,-1.729967,1.440266,32.83529,27.97503,352.5,0,0,1,0,
	2.435624,-1.739996,1.474267,33.07479,27.90004,353.775,0,0,1,0,
	2.443287,-1.739996,1.474267,33.07479,27.75004,356.025,0,0,1,0,
	2.452008,-1.734373,1.503067,33.31522,27.67503,357.525,0,0,1,0,
	2.459694,-1.734373,1.503067,33.31522,27.52503,359.4,0,0,1,0,
	2.465698,-1.734373,1.503067,33.31522,27.45003,0.9750088,0,0,1,0,
	2.490114,-1.684104,1.545066,33.79564,27.45003,2.175009,0,0,1,0,
	2.496957,-1.684104,1.545066,33.79564,27.37503,6.825008,0,0,1,0,
	2.522071,-1.634508,1.558267,34.03281,27.30003,8.025009,0,0,0,1,
	2.535009,-1.60388,1.566267,34.27367,27.30003,11.02501,0,0,0,1,
	2.541157,-1.60388,1.566267,34.27367,27.30003,11.92501,0,0,0,1,
	2.545877,-1.60388,1.566267,34.27367,27.30003,12.22501,0,0,0,1,
	2.550006,-1.573251,1.569067,34.51454,27.30003,12.37501,0,0,0,1,
	2.553895,-1.573251,1.569067,34.51454,27.30003,12.37501,0,0,0,1,
	2.557175,-1.573251,1.569067,34.51454,27.30003,12.37501,0,0,0,1,
	2.559941,-1.573251,1.569067,34.51454,27.30003,12.37501,0,0,0,1,
	2.563925,-1.573251,1.569067,34.51454,27.30003,12.37501,0,0,0,1,
	2.56674,-1.573251,1.569067,34.51454,27.30003,12.37501,0,0,0,1,
	2.570431,-1.542623,1.566666,34.75541,27.30003,12.37501,0,0,0,1,
	2.574172,-1.542623,1.566666,34.75541,27.30003,12.37501,0,0,0,1,
	2.5776,-1.542623,1.566666,34.75541,27.30003,12.37501,0,0,0,1,
	2.580517,-1.542623,1.566666,34.75541,27.30003,12.37501,0,0,0,1,
	2.585398,-1.542623,1.566666,34.75541,27.30003,12.37501,0,0,0,1,
	2.590512,-1.511995,1.559067,34.99628,27.37503,12.37501,0,0,0,1,
	2.595669,-1.511995,1.559067,34.99628,27.37503,12.30001,0,0,0,1,
	2.600484,-1.511995,1.559067,34.99628,27.45003,12.22501,0,0,0,1,
	2.606243,-1.511995,1.559067,34.99628,27.45003,12.15001,0,0,0,1,
	2.6123,-1.481367,1.546267,35.23714,27.52504,12.00001,0,0,0,1,
	2.621075,-1.481367,1.546267,35.23714,27.60003,11.85001,0,0,0,1,
	2.628149,-1.450738,1.528267,35.47801,27.67503,11.62501,0,0,0,1,
	2.637682,-1.450738,1.528267,35.47801,27.75004,11.40001,0,0,0,1,
	2.643124,-1.450738,1.528267,35.47801,27.82504,11.02501,0,0,0,1,
	2.649956,-1.421044,1.505067,35.71906,27.90004,10.80001,0,0,0,1,
	2.656583,-1.421044,1.505067,35.71906,28.05004,10.42501,0,0,0,1,
	2.670089,-1.394474,1.476667,35.96067,28.12504,10.05001,0,0,0,1,
	2.693411,-1.371981,1.443067,36.20293,28.42504,9.075007,0,0,0,1,
	2.717123,-1.358012,1.404267,36.44625,28.87503,7.050008,0,0,0,1,
	2.724776,-1.358012,1.404267,36.44625,29.25004,4.875009,0,0,0,1,
	2.731955,-1.35707,1.360267,36.69062,29.40004,3.975008,0,0,0,1,
	2.739742,-1.35707,1.360267,36.69062,29.55003,3.225008,0,0,0,1,
	2.765844,-1.362828,1.311067,36.93531,29.62504,2.400008,0,0,0,1,
	2.780419,-1.38107,1.256667,37.17989,30.00004,359.475,0,0,0,1,
	2.794059,-1.40668,1.197067,37.42418,30.07504,357.75,0,0,0,1,
	2.801643,-1.40668,1.197067,37.42418,30.22503,356.25,0,0,0,1,
	2.8161,-1.442543,1.132267,37.66774,30.22504,355.35,0,0,0,1,
	2.835889,-1.485443,1.062267,37.91051,30.30004,353.7,0,0,0,1,
	2.874096,-1.589737,0.9066666,38.39332,30.37504,351.525,0,0,0,1,
	2.890995,-1.661393,0.9013333,38.63017,30.37504,346.875,0,0,0,1,
	2.900576,-1.661393,0.9013333,38.63017,30.30004,344.7,0,0,0,1,
	2.907058,-1.661393,0.9013333,38.63017,30.30004,343.5,0,0,0,1,
	2.912594,-1.750167,0.9002666,38.86212,30.22503,342.75,0,0,0,1,
	2.918993,-1.750167,0.9002666,38.86212,30.15004,342.075,0,0,0,1,
	2.929294,-1.843876,0.9810666,39.09244,30.15003,341.55,0,0,0,1,
	2.93507,-1.843876,0.9810666,39.09244,30.07504,340.725,0,0,0,1,
	2.941249,-1.843876,0.9810666,39.09244,30.00004,340.275,0,0,0,1,
	2.945837,-1.843876,0.9810666,39.09244,29.92503,339.975,0,0,0,1,
	2.950675,-1.94463,1.056667,39.32026,29.92503,339.825,0,0,0,1,
	2.955824,-1.94463,1.056667,39.32026,29.85003,339.75,0,0,0,1,
	2.960487,-1.94463,1.056667,39.32026,29.85003,339.75,0,0,0,1,
	2.963949,-1.94463,1.056667,39.32026,29.85003,339.75,0,0,0,1,
	2.968048,-2.045688,1.127067,39.54796,29.85003,339.75,0,0,0,1,
	2.977719,-2.045688,1.127067,39.54796,29.85003,339.75,0,0,0,0,
	2.991532,-2.146747,1.192267,39.77567,29.70004,339.9,0,0,1,0,
	3.013352,-2.221799,1.252267,40.0127,29.47504,340.275,0,0,1,0,
	3.030881,-2.284355,1.307067,40.25384,29.02504,341.775,0,0,1,0,
	3.049099,-2.340043,1.356667,40.49702,28.72503,343.425,0,0,1,0,
	3.061296,-2.340043,1.356667,40.49702,28.35003,345.75,0,0,1,0,
	3.067554,-2.340043,1.356667,40.49702,28.12503,347.7,0,0,1,0,
	3.073989,-2.372813,1.401067,40.74546,28.05004,348.825,0,0,1,0,
	3.081758,-2.372813,1.401067,40.74546,27.90003,350.1,0,0,1,0,
	3.089025,-2.393283,1.440266,40.99586,27.75003,351.675,0,0,1,0,
	3.097524,-2.393283,1.440266,40.99586,27.67503,353.175,0,0,1,0,
	3.111083,-2.399038,1.474267,41.24774,27.60003,355.05,0,0,1,0,
	3.118397,-2.399038,1.474267,41.24774,27.45003,358.2,0,0,1,0,
	3.126694,-2.399038,1.474267,41.24774,27.45003,0.07500601,0,0,1,0,
	3.132835,-2.374448,1.503067,41.49977,27.37503,1.950006,0,0,1,0,
	3.142085,-2.374448,1.503067,41.49977,27.37503,3.450006,0,0,1,0,
	3.150885,-2.33368,1.526667,41.75045,27.30003,5.625007,0,0,1,0,
	3.157654,-2.33368,1.526667,41.75045,27.30003,8.175007,0,0,1,0,
	3.163643,-2.33368,1.526667,41.75045,27.30003,9.675007,0,0,1,0,
	3.170461,-2.268316,1.545066,41.99705,27.30003,11.25001,0,0,1,0,
	3.176491,-2.268316,1.545066,41.99705,27.30003,13.12501,0,0,1,0,
	3.184848,-2.268316,1.545066,41.99705,27.30003,14.32501,0,0,1,0,
	3.192957,-2.181623,1.558267,42.23809,27.30003,16.20001,0,0,1,0,
	3.200915,-2.181623,1.558267,42.23809,27.30003,18.00001,0,0,1,0,
	3.211067,-2.08065,1.566267,42.4743,27.30003,19.575,0,0,1,0,
	3.218719,-2.08065,1.566267,42.4743,27.37503,21.45001,0,0,1,0,
	3.226611,-2.08065,1.566267,42.4743,27.37503,22.65001,0,0,1,0,
	3.238781,-1.962273,1.569067,42.70332,27.45003,23.77501,0,0,1,1,
	3.257972,-1.843897,1.566666,42.93235,27.52504,25.20001,0,0,0,1,
	3.266707,-1.843897,1.566666,42.93235,27.67503,26.475,0,0,0,1,
	3.270393,-1.743298,1.559067,43.17023,27.75004,26.70001,0,0,0,1,
	3.274308,-1.743298,1.559067,43.17023,27.75004,26.70001,0,0,0,1,
	3.278122,-1.743298,1.559067,43.17023,27.75004,26.70001,0,0,0,1,
	3.281372,-1.743298,1.559067,43.17023,27.75004,26.70001,0,0,0,1,
	3.285007,-1.743298,1.559067,43.17023,27.75004,26.70001,0,0,0,1,
	3.287828,-1.6427,1.546267,43.40811,27.75004,26.70001,0,0,0,1,
	3.293595,-1.6427,1.546267,43.40811,27.75004,26.70001,0,0,0,1,
	3.29821,-1.6427,1.546267,43.40811,27.82504,26.7,0,0,0,1,
	3.303758,-1.6427,1.546267,43.40811,27.82504,26.62501,0,0,0,1,
	3.309646,-1.542102,1.528267,43.64599,27.82504,26.55,0,0,0,1,
	3.314953,-1.542102,1.528267,43.64599,27.90003,26.40001,0,0,0,1,
	3.319654,-1.542102,1.528267,43.64599,27.97504,26.32501,0,0,0,1,
	3.326388,-1.542102,1.528267,43.64599,27.97503,26.175,0,0,0,1,
	3.33039,-1.443625,1.505067,43.88491,28.05004,25.95,0,0,0,1,
	3.336607,-1.443625,1.505067,43.88491,28.12504,25.725,0,0,0,1,
	3.341737,-1.443625,1.505067,43.88491,28.20004,25.425,0,0,0,1,
	3.356094,-1.348504,1.476667,44.12542,28.27504,25.12501,0,0,0,1,
	3.366007,-1.348504,1.476667,44.12542,28.57504,24.15001,0,0,0,1,
	3.371903,-1.260499,1.443067,44.36908,28.80004,23.40001,0,0,0,1,
	3.378041,-1.260499,1.443067,44.36908,28.95004,22.87501,0,0,0,1,
	3.388093,-1.177185,1.404267,44.61469,29.17504,22.27501,0,0,0,1,
	3.396776,-1.177185,1.404267,44.61469,29.40004,21.225,0,0,0,1,
	3.411377,-1.103075,1.360267,44.86376,29.70004,20.10001,0,0,0,1,
	3.437209,-1.037035,1.311067,45.11549,30.07504,18.22501,0,0,0,1,
	3.447752,-0.986806,1.256667,45.37134,30.60004,14.62501,0,0,0,1,
	3.454183,-0.986806,1.256667,45.37134,30.82504,12.90001,0,0,0,1,
	3.459646,-0.986806,1.256667,45.37134,30.90004,11.925,0,0,0,1,
	3.466857,-0.986806,1.256667,45.37134,31.05004,10.725,0,0,0,1,
	3.476557,-0.959668,1.197067,45.63184,31.20004,9.450006,0,0,0,1,
	3.482894,-0.959668,1.197067,45.63184,31.35004,7.725006,0,0,0,1,
	3.50097,-0.9464688,1.132267,45.89407,31.50003,6.375005,0,0,0,1,
	3.516741,-0.9490493,1.062267,46.15712,31.65004,2.925005,0,0,0,1,
	3.530514,-0.9657379,0.9870666,46.42012,31.72504,359.85,0,0,0,1,
	3.537275,-0.9657379,0.9870666,46.42012,31.72504,357.375,0,0,0,1,
	3.544462,-0.9657379,0.9870666,46.42012,31.72504,356.175,0,0,0,1,
	3.549798,-1.005835,0.9066666,46.68164,31.72504,354.75,0,0,0,1,
	3.560088,-1.005835,0.9066666,46.68164,31.72504,353.85,0,0,0,1,
	3.567496,-1.005835,0.9066666,46.68164,31.72504,352.05,0,0,0,1,
	3.574089,-1.064788,0.9013333,46.94049,31.72503,350.625,0,0,0,1,
	3.580086,-1.064788,0.9013333,46.94049,31.65004,349.8,0,0,0,1,
	3.588237,-1.131927,0.9002667,47.19779,31.57504,348.825,0,0,0,1,
	3.597477,-1.131927,0.9002667,47.19779,31.50004,347.55,0,0,0,1,
	3.6068,-1.131927,0.9002667,47.19779,31.35004,346.125,0,0,0,1,
	3.618424,-1.215971,0.9810667,47.45097,31.27503,345.075,0,0,0,1,
	3.635121,-1.305375,1.056667,47.7026,31.12504,343.875,0,0,0,1,
	3.641096,-1.305375,1.056667,47.7026,30.82504,342.6,0,0,0,1,
	3.648439,-1.401775,1.127067,47.95203,30.75003,342.3,0,0,0,1,
	3.653499,-1.401775,1.127067,47.95203,30.67504,342,0,0,0,1,
	3.656773,-1.401775,1.127067,47.95203,30.60004,341.925,0,0,0,1,
	3.662131,-1.401775,1.127067,47.95203,30.60004,341.925,0,0,0,1,
	3.66539,-1.401775,1.127067,47.95203,30.52503,341.85,0,0,0,1,
	3.668878,-1.500168,1.192267,48.20082,30.52503,341.85,0,0,0,1,
	3.677817,-1.500168,1.192267,48.20082,30.52503,341.85,0,0,1,0,
	3.685436,-1.500168,1.192267,48.20082,30.45004,341.85,0,0,1,0,
	3.691571,-1.567815,1.252267,48.45966,30.37504,341.925,0,0,1,0,
	3.700593,-1.567815,1.252267,48.45966,30.30003,342.075,0,0,1,0,
	3.707443,-1.567815,1.252267,48.45966,30.07504,342.375,0,0,1,0,
	3.712543,-1.632129,1.307067,48.71956,30.00004,342.675,0,0,1,0,
	3.717973,-1.632129,1.307067,48.71956,29.92503,342.975,0,0,1,0,
	3.724244,-1.632129,1.307067,48.71956,29.77503,343.35,0,0,1,0,
	3.731736,-1.69141,1.356667,48.98095,29.62503,343.8,0,0,1,0,
	3.739089,-1.69141,1.356667,48.98095,29.47503,344.475,0,0,1,0,
	3.747833,-1.744263,1.401067,49.24409,29.32503,345.225,0,0,1,0,
	3.754068,-1.744263,1.401067,49.24409,29.17503,346.275,0,0,1,0,
	3.77476,-1.787547,1.440267,49.50946,28.95003,347.325,0,0,1,0,
	3.788886,-1.815911,1.474267,49.77732,28.57503,350.55,0,0,1,0,
	3.795587,-1.815911,1.474267,49.77732,28.35003,353.4,0,0,1,0,
	3.805441,-1.815911,1.474267,49.77732,28.20003,354.9,0,0,1,0,
	3.809993,-1.814068,1.503067,50.04787,28.12503,357,0,0,1,0,
	3.816736,-1.814068,1.503067,50.04787,28.05003,357.975,0,0,1,0,
	3.821946,-1.814068,1.503067,50.04787,27.97503,359.55,0,0,1,0,
	3.82668,-1.814068,1.503067,50.04787,27.90003,0.6750038,0,0,1,0,
	3.83612,-1.788849,1.526667,50.31837,27.82503,1.950004,0,0,1,0,
	3.841728,-1.788849,1.526667,50.31837,27.75002,3.675003,0,0,1,0,
	3.861214,-1.749452,1.545067,50.58782,27.75003,4.950003,0,0,0,1,
	3.878043,-1.724433,1.558267,50.85945,27.67502,8.625004,0,0,0,1,
	3.886776,-1.724433,1.558267,50.85945,27.67502,11.325,0,0,0,1,
	3.892088,-1.699414,1.566267,51.13108,27.67503,12.6,0,0,0,1,
	3.907784,-1.674395,1.569067,51.40272,27.67502,13.125,0,0,0,1,
	3.912817,-1.674395,1.569067,51.40272,27.75003,14.55,0,0,0,1,
	3.918111,-1.674395,1.569067,51.40272,27.82503,14.85,0,0,0,1,
	3.924143,-1.674395,1.569067,51.40272,27.82503,15.15001,0,0,0,1,
	3.928341,-1.649376,1.566667,51.67435,27.90003,15.37501,0,0,0,1,
	3.93348,-1.649376,1.566667,51.67435,27.90003,15.45,0,0,0,1,
	3.936623,-1.649376,1.566667,51.67435,27.90003,15.525,0,0,0,1,
	3.940075,-1.649376,1.566667,51.67435,27.90003,15.525,0,0,0,1,
	3.944287,-1.649376,1.566667,51.67435,27.90003,15.525,0,0,0,1,
	3.949054,-1.624357,1.559067,51.94598,27.90003,15.525,0,0,0,1,
	3.953101,-1.624357,1.559067,51.94598,27.97503,15.525,0,0,0,1,
	3.956014,-1.624357,1.559067,51.94598,27.97503,15.525,0,0,0,1,
	3.960041,-1.624357,1.559067,51.94598,27.97503,15.525,0,0,0,1,
	3.962874,-1.624357,1.559067,51.94598,27.97503,15.525,0,0,0,1,
	3.967625,-1.624357,1.559067,51.94598,27.97503,15.525,0,0,0,1,
	3.970838,-1.599338,1.546267,52.21762,28.05003,15.525,0,0,0,1,
	3.976007,-1.599338,1.546267,52.21762,28.05003,15.525,0,0,0,1,
	3.981306,-1.599338,1.546267,52.21762,28.05003,15.45,0,0,0,1,
	3.988844,-1.574319,1.528267,52.48925,28.12503,15.45,0,0,0,1,
	3.996407,-1.574319,1.528267,52.48925,28.20003,15.3,0,0,0,1,
	4.001328,-1.574319,1.528267,52.48925,28.27503,15.15001,0,0,0,1,
	4.005955,-1.574319,1.528267,52.48925,28.27503,15.075,0,0,0,1,
	4.010981,-1.5493,1.505067,52.76088,28.35003,14.92501,0,0,0,1,
	4.020086,-1.5493,1.505067,52.76088,28.42503,14.77501,0,0,0,1,
	4.024716,-1.5493,1.505067,52.76088,28.57504,14.55001,0,0,0,1,
	4.031734,-1.524282,1.476667,53.03252,28.72503,14.32501,0,0,0,1,
	4.03832,-1.524282,1.476667,53.03252,28.87503,14.02501,0,0,0,1,
	4.04294,-1.524282,1.476667,53.03252,29.02503,13.72501,0,0,0,1,
	4.047562,-1.524282,1.476667,53.03252,29.10003,13.5,0,0,0,1,
	4.054147,-1.499263,1.443067,53.30415,29.25003,13.125,0,0,0,1,
	4.063651,-1.499263,1.443067,53.30415,29.40003,12.75,0,0,0,1,
	4.075056,-1.474244,1.404267,53.57578,29.70004,11.85001,0,0,0,1,
	4.080917,-1.474244,1.404267,53.57578,29.92503,10.8,0,0,0,1,
	4.086818,-1.474244,1.404267,53.57578,30.07503,10.275,0,0,0,1,
	4.091832,-1.449225,1.360267,53.84742,30.22503,9.525005,0,0,0,1,
	4.098146,-1.449225,1.360267,53.84742,30.30003,8.925005,0,0,0,1,
	4.105821,-1.449225,1.360267,53.84742,30.45003,8.175005,0,0,0,1,
	4.115206,-1.430215,1.311067,54.11985,30.60003,7.350004,0,0,0,1,
	4.1226,-1.430215,1.311067,54.11985,30.75002,6.225005,0,0,0,1,
	4.128986,-1.421157,1.256667,54.3933,30.90004,5.250006,0,0,0,1,
	4.135942,-1.421157,1.256667,54.3933,30.97503,4.500006,0,0,0,1,
	4.141994,-1.421157,1.256667,54.3933,31.05003,3.675005,0,0,0,1,
	4.148071,-1.423169,1.197067,54.66746,31.12503,2.925005,0,0,0,1,
	4.153198,-1.423169,1.197067,54.66746,31.27503,2.175005,0,0,0,1,
	4.159719,-1.423169,1.197067,54.66746,31.27503,1.575005,0,0,0,1,
	4.168664,-1.435578,1.132267,54.94189,31.35004,0.7500051,0,0,0,1,
	4.179837,-1.435578,1.132267,54.94189,31.50003,359.55,0,0,0,1,
	4.195405,-1.459843,1.062267,55.21609,31.57504,358.275,0,0,0,1,
	4.200612,-1.459843,1.062267,55.21609,31.65003,356.025,0,0,0,1,
	4.206771,-1.459843,1.062267,55.21609,31.65003,355.5,0,0,0,1,
	4.213051,-1.501706,0.9870669,55.48894,31.65003,354.6,0,0,0,1,
	4.222301,-1.501706,0.9870669,55.48894,31.65003,353.775,0,0,0,1,
	4.232843,-1.552888,0.9066669,55.76066,31.65003,352.65,0,0,0,1,
	4.23997,-1.552888,0.9066669,55.76066,31.65004,351.15,0,0,0,1,
	4.254951,-1.615495,0.9013336,56.03053,31.65005,350.25,0,0,0,1,
	4.261965,-1.615495,0.9013336,56.03053,31.65003,348.3,0,0,0,1,
	4.267767,-1.691927,0.9002666,56.29746,31.65004,347.325,0,0,0,1,
	4.275571,-1.691927,0.9002666,56.29746,31.65003,346.575,0,0,0,1,
	4.281942,-1.691927,0.9002666,56.29746,31.65003,345.6,0,0,0,1,
	4.286942,-1.691927,0.9002666,56.29746,31.65003,344.85,0,0,0,1,
	4.293058,-1.782773,0.9810666,56.56063,31.57504,344.25,0,0,0,1,
	4.301698,-1.782773,0.9810666,56.56063,31.57504,343.65,0,0,0,1,
	4.306855,-1.782773,0.9810666,56.56063,31.42504,342.6,0,0,0,1,
	4.312971,-1.88336,1.056667,56.82079,31.35004,342.15,0,0,0,1,
	4.319467,-1.88336,1.056667,56.82079,31.27503,341.625,0,0,0,1,
	4.326084,-1.88336,1.056667,56.82079,31.20004,341.1,0,0,0,1,
	4.330828,-1.991194,1.127067,57.07847,31.05003,340.575,0,0,0,1,
	4.337257,-1.991194,1.127067,57.07847,30.97503,340.35,0,0,0,1,
	4.342438,-1.991194,1.127067,57.07847,30.90003,340.05,0,0,0,1,
	4.347212,-1.991194,1.127067,57.07847,30.82503,339.9,0,0,0,1,
	4.352529,-2.102462,1.192267,57.3349,30.75003,339.825,0,0,0,1,
	4.362464,-2.102462,1.192267,57.3349,30.67503,339.825,0,0,1,0,
	4.369364,-2.195077,1.252267,57.59819,30.52502,339.825,0,0,1,0,
	4.376886,-2.195077,1.252267,57.59819,30.37503,339.825,0,0,1,0,
	4.383489,-2.195077,1.252267,57.59819,30.22503,339.9,0,0,1,0,
	4.389697,-2.275278,1.307067,57.86603,30.07503,340.05,0,0,1,0,
	4.399929,-2.275278,1.307067,57.86603,29.85002,340.275,0,0,1,0,
	4.409308,-2.352722,1.356667,58.13485,29.55003,340.65,0,0,1,0,
	4.44217,-2.427744,1.401067,58.40449,29.25003,341.175,0,0,1,0,
	4.458713,-2.490103,1.440266,58.6778,28.20003,343.875,0,0,1,0,
	4.473512,-2.543579,1.474267,58.95336,27.67503,345.75,0,0,1,0,
	4.481855,-2.543579,1.474267,58.95336,27.22503,347.4,0,0,1,0,
	4.489096,-2.58341,1.503067,59.23184,27.00003,348.6,0,0,1,0,
	4.497861,-2.58341,1.503067,59.23184,26.77503,349.65,0,0,1,0,
	4.507619,-2.58341,1.503067,59.23184,26.55003,350.85,0,0,1,0,
	4.514525,-2.60542,1.526667,59.51313,26.32503,352.275,0,0,1,0,
	4.527915,-2.622668,1.545066,59.79498,26.17503,353.25,0,0,1,0,
	4.538915,-2.622668,1.545066,59.79498,25.95003,355.05,0,0,1,0,
	4.546623,-2.622668,1.545066,59.79498,25.80003,356.325,0,0,1,0,
	4.554765,-2.620747,1.558267,60.07821,25.65003,357.15,0,0,1,0,
	4.565974,-2.620747,1.558267,60.07821,25.57503,358.125,0,0,1,0,
	4.573674,-2.609198,1.566267,60.36166,25.42503,359.1,0,0,1,0,
	4.582722,-2.609198,1.566267,60.36166,25.27503,359.925,0,0,1,0,
	4.59016,-2.589858,1.569067,60.64508,25.20003,0.6750057,0,0,1,0,
	4.598367,-2.589858,1.569067,60.64508,25.05003,1.350006,0,0,1,0,
	4.608088,-2.563834,1.566666,60.9283,24.90003,2.025005,0,0,1,0,
	4.61707,-2.563834,1.566666,60.9283,24.75003,2.775006,0,0,1,0,
	4.624043,-2.563834,1.566666,60.9283,24.52503,3.450006,0,0,1,0,
	4.630689,-2.528525,1.559067,61.21098,24.45003,3.900006,0,0,1,0,
	4.640548,-2.528525,1.559067,61.21098,24.30003,4.350006,0,0,1,0,
	4.64921,-2.488019,1.546267,61.49324,24.00003,4.950006,0,0,1,0,
	4.658072,-2.488019,1.546267,61.49324,23.85003,5.250006,0,0,1,0,
	4.665006,-2.488019,1.546267,61.49324,23.62503,5.700006,0,0,1,0,
	4.671043,-2.443059,1.528267,61.77507,23.47503,5.850006,0,0,1,0,
	4.677234,-2.443059,1.528267,61.77507,23.32503,6.075006,0,0,1,0,
	4.684165,-2.443059,1.528267,61.77507,23.17503,6.225006,0,0,1,0,
	4.690211,-2.395504,1.505067,62.05661,23.02503,6.375005,0,0,1,0,
	4.699154,-2.395504,1.505067,62.05661,22.95004,6.450006,0,0,1,0,
	4.704016,-2.395504,1.505067,62.05661,22.65003,6.675005,0,0,1,0,
	4.708052,-2.346095,1.476667,62.33794,22.57503,6.750005,0,0,1,0,
	4.713109,-2.346095,1.476667,62.33794,22.50003,6.825005,0,0,1,0,
	4.717587,-2.346095,1.476667,62.33794,22.35003,6.900005,0,0,1,0,
	4.721437,-2.346095,1.476667,62.33794,22.20003,6.975004,0,0,1,0,
	4.725583,-2.346095,1.476667,62.33794,22.12503,7.050004,0,0,1,0,
	4.730344,-2.294833,1.443067,62.61904,21.97503,7.125005,0,0,1,0,
	4.734714,-2.294833,1.443067,62.61904,21.82503,7.125004,0,0,1,0,
	4.739482,-2.294833,1.443067,62.61904,21.75003,7.200003,0,0,1,0,
	4.743918,-2.294833,1.443067,62.61904,21.52503,7.275003,0,0,1,0,
	4.749816,-2.24246,1.404267,62.9,21.45003,7.350003,0,0,1,0,
	4.755833,-2.24246,1.404267,62.9,21.30003,7.425005,0,0,1,0,
	4.762291,-2.24246,1.404267,62.9,21.15003,7.425004,0,0,1,0,
	4.768411,-2.189345,1.360267,63.18086,21.00003,7.500004,0,0,1,0,
	4.774737,-2.189345,1.360267,63.18086,20.85003,7.500004,0,0,1,0,
	4.778899,-2.189345,1.360267,63.18086,20.77503,7.500004,0,0,1,0,
	4.781916,-2.189345,1.360267,63.18086,20.70003,7.500004,0,0,1,0,
	4.785995,-2.189345,1.360267,63.18086,20.70003,7.500004,0,0,1,0,
	4.788927,-2.136231,1.311067,63.46172,20.62503,7.500004,0,0,1,0,
	4.793582,-2.136231,1.311067,63.46172,20.62503,7.500004,0,0,1,0,
	4.796427,-2.136231,1.311067,63.46172,20.55003,7.500004,0,0,1,0,
	4.800108,-2.136231,1.311067,63.46172,20.55003,7.500004,0,0,1,0,
	4.803774,-2.136231,1.311067,63.46172,20.55003,7.500004,0,0,1,0,
	4.807182,-2.136231,1.311067,63.46172,20.47503,7.425004,0,0,1,0,
	4.811207,-2.083117,1.256667,63.74258,20.47503,7.425004,0,0,1,0,
	4.815274,-2.083117,1.256667,63.74258,20.40003,7.350003,0,0,1,0,
	4.818591,-2.083117,1.256667,63.74258,20.40003,7.350003,0,0,1,0,
	4.822775,-2.083117,1.256667,63.74258,20.40002,7.275003,0,0,1,0,
	4.825785,-2.083117,1.256667,63.74258,20.32503,7.200004,0,0,1,0,
	4.829953,-2.030003,1.197067,64.02345,20.32503,7.200004,0,0,1,0,
	4.834858,-2.030003,1.197067,64.02345,20.25002,7.125004,0,0,1,0,
	4.838585,-2.030003,1.197067,64.02345,20.17502,7.050004,0,0,1,0,
	4.843546,-2.030003,1.197067,64.02345,20.17502,6.975005,0,0,1,0,
	4.846764,-2.030003,1.197067,64.02345,20.02503,6.825005,0,0,1,0,
	4.851852,-1.976889,1.132267,64.30431,19.95002,6.750005,0,0,1,0,
	4.856492,-1.976889,1.132267,64.30431,19.87502,6.600005,0,0,1,0,
	4.860341,-1.976889,1.132267,64.30431,19.80002,6.525005,0,0,1,0,
	4.864562,-1.976889,1.132267,64.30431,19.65002,6.375005,0,0,1,0,
	4.869547,-1.923774,1.062267,64.58517,19.57502,6.300005,0,0,1,0,
	4.878105,-1.923774,1.062267,64.58517,19.50002,6.150004,0,0,1,0,
	4.885227,-1.923774,1.062267,64.58517,19.27502,5.850005,0,0,1,0,
	4.890009,-1.87066,0.9870666,64.86603,19.05002,5.550005,0,0,1,0,
	4.894798,-1.87066,0.9870666,64.86603,18.97502,5.400004,0,0,1,0,
	4.899278,-1.87066,0.9870666,64.86603,18.82502,5.100004,0,0,1,0,
	4.908477,-1.817546,0.9066666,65.14689,18.75002,4.875004,0,0,1,0,
	4.913692,-1.817546,0.9066666,65.14689,18.52502,4.275004,0,0,1,0,
	4.919794,-1.817546,0.9066666,65.14689,18.37502,3.975004,0,0,1,0,
	4.924096,-1.817546,0.9066666,65.14689,18.30002,3.600005,0,0,1,0,
	4.928661,-1.855183,0.8822794,65.42775,18.22502,3.375004,0,0,1,0,
	4.936486,-1.855183,0.8822794,65.42775,18.15002,3.150005,0,0,1,0,
	4.941459,-1.855183,0.8822794,65.42775,18.07501,2.850005,0,0,1,0,
	4.94842,-1.872736,0.8625385,65.70688,18.00002,2.625005,0,0,1,0,
	4.954917,-1.872736,0.8625385,65.70688,17.85002,2.325005,0,0,1,0,
	4.95921,-1.872736,0.8625385,65.70688,17.77501,2.100005,0,0,1,0,
	4.967742,-1.879277,0.8540981,65.98467,17.70001,1.950005,0,0,1,0,
	4.974059,-1.879277,0.8540981,65.98467,17.55001,1.575005,0,0,1,0,
	4.978225,-1.879277,0.8540981,65.98467,17.40002,1.350005,0,0,1,0,
	4.982919,-1.879277,0.8540981,65.98467,17.32501,1.200005,0,0,1,0,
	4.987704,-1.879277,0.8540981,65.98467,17.17501,1.050005,0,0,1,0,
	4.991509,-1.878853,0.854978,66.26173,17.10001,0.9000049,0,0,1,0,
	4.999155,-1.878853,0.854978,66.26173,17.02501,0.8250049,0,0,1,0,
	5.003419,-1.878853,0.854978,66.26173,16.87501,0.600005,0,0,1,0,
	5.01116,-1.875006,0.8607323,66.53856,16.80001,0.525005,0,0,1,0,
	5.016225,-1.875006,0.8607323,66.53856,16.65001,0.3000049,0,0,1,0,
	5.020004,-1.875006,0.8607323,66.53856,16.57501,0.225005,0,0,1,0,
	5.024452,-1.875006,0.8607323,66.53856,16.50001,0.1500049,0,0,1,0,
	5.030192,-1.869304,0.869195,66.81532,16.42501,0.07500496,0,0,1,0,
	5.03516,-1.869304,0.869195,66.81532,16.35001,4.947186E-06,0,0,1,0,
	5.038611,-1.869304,0.869195,66.81532,16.27501,359.925,0,0,1,0,
	5.044238,-1.869304,0.869195,66.81532,16.27501,359.925,0,0,1,0,
	5.04876,-1.862791,0.8788536,67.09209,16.20001,359.85,0,0,1,0,
	5.054371,-1.862791,0.8788536,67.09209,16.20001,359.775,0,0,1,0,
	5.059218,-1.862791,0.8788536,67.09209,16.12501,359.775,0,0,1,0,
	5.062046,-1.862791,0.8788536,67.09209,16.12501,359.7,0,0,1,0,
	5.066603,-1.862791,0.8788536,67.09209,16.12501,359.7,0,0,1,0,
	5.070195,-1.856061,0.8888311,67.36888,16.05,359.625,0,0,1,0,
	5.078192,-1.856061,0.8888311,67.36888,16.05,359.625,0,0,1,0,
	5.082582,-1.856061,0.8888311,67.36888,15.97501,359.55,0,0,1,0,
	5.087987,-1.849496,0.8985649,67.64572,15.97501,359.475,0,0,1,0,
	5.092048,-1.849496,0.8985649,67.64572,15.90001,359.4,0,0,1,0,
	5.095044,-1.849496,0.8985649,67.64572,15.90001,359.4,0,0,1,0,
	5.09932,-1.849496,0.8985649,67.64572,15.90001,359.4,0,0,1,0,
	5.105762,-1.849496,0.8985649,67.64572,15.82501,359.325,0,0,1,0,
	5.109772,-1.843297,0.9077545,67.92263,15.82501,359.25,0,0,1,0,
	5.114485,-1.843297,0.9077545,67.92263,15.75,359.25,0,0,1,0,
	5.117779,-1.843297,0.9077545,67.92263,15.75001,359.175,0,0,1,0,
	5.121847,-1.843297,0.9077545,67.92263,15.75001,359.175,0,0,1,0,
	5.124809,-1.843297,0.9077545,67.92263,15.67501,359.1,0,0,1,0,
	5.127882,-1.837578,0.9162338,68.19962,15.67501,359.1,0,0,1,0,
	5.131379,-1.837578,0.9162338,68.19962,15.67501,359.1,0,0,1,0,
	5.136686,-1.837578,0.9162338,68.19962,15.67501,359.1,0,0,1,0,
	5.140262,-1.837578,0.9162338,68.19962,15.6,359.025,0,0,1,0,
	5.143208,-1.837578,0.9162338,68.19962,15.6,359.025,0,0,1,0,
	5.145834,-1.837578,0.9162338,68.19962,15.6,359.025,0,0,1,0,
	5.151676,-1.832415,0.923888,68.47671,15.6,359.025,0,0,1,0,
	5.155674,-1.832415,0.923888,68.47671,15.52501,358.95,0,0,1,0,
	5.158627,-1.832415,0.923888,68.47671,15.52501,358.95,0,0,1,0,
	5.161981,-1.832415,0.923888,68.47671,15.52501,358.95,0,0,1,0,
	5.164801,-1.832415,0.923888,68.47671,15.52501,358.95,0,0,1,0,
	5.170332,-1.827862,0.9306383,68.7539,15.52501,358.95,0,0,1,0,
	5.175032,-1.827862,0.9306383,68.7539,15.45,358.95,0,0,1,0,
	5.178228,-1.827862,0.9306383,68.7539,15.45001,358.875,0,0,1,0,
	5.181145,-1.827862,0.9306383,68.7539,15.45001,358.875,0,0,1,0,
	5.184569,-1.827862,0.9306383,68.7539,15.45001,358.875,0,0,1,0,
	5.18777,-1.823728,0.9367664,69.0312,15.45001,358.875,0,0,1,0,
	5.193033,-1.823728,0.9367664,69.0312,15.45001,358.875,0,0,1,0,
	5.196868,-1.823728,0.9367664,69.0312,15.37501,358.875,0,0,1,0,
	5.200783,-1.823728,0.9367664,69.0312,15.37501,358.875,0,0,1,0,
	5.204032,-1.823728,0.9367664,69.0312,15.37501,358.875,0,0,1,0,
	5.207667,-1.823728,0.9367664,69.0312,15.37501,358.875,0,0,1,0,
	5.212717,-1.819998,0.9422975,69.30864,15.37501,358.8,0,0,1,0,
	5.217136,-1.819998,0.9422975,69.30864,15.30001,358.8,0,0,1,0,
	5.220299,-1.819998,0.9422975,69.30864,15.30001,358.8,0,0,1,0,
	5.224539,-1.819998,0.9422975,69.30864,15.30001,358.8,0,0,1,0,
	5.230225,-1.816658,0.9472489,69.5862,15.22501,358.8,0,0,1,0,
	5.236186,-1.816658,0.9472489,69.5862,15.22501,358.8,0,0,1,0,
	5.241191,-1.816658,0.9472489,69.5862,15.22501,358.725,0,0,1,0,
	5.24488,-1.816658,0.9472489,69.5862,15.15001,358.725,0,0,1,0,
	5.249464,-1.813588,0.9518003,69.86391,15.15001,358.725,0,0,1,0,
	5.253948,-1.813588,0.9518003,69.86391,15.07501,358.725,0,0,1,0,
	5.256897,-1.813588,0.9518003,69.86391,15.07501,358.725,0,0,1,0,
	5.263818,-1.813588,0.9518003,69.86391,15.07501,358.725,0,0,1,0,
	5.26725,-1.813588,0.9518003,69.86391,15.00001,358.65,0,0,1,0,
	5.269894,-1.810818,0.9559069,70.14178,15.00001,358.65,0,0,1,0,
	5.275324,-1.810818,0.9559069,70.14178,15.00001,358.65,0,0,1,0,
	5.279994,-1.810818,0.9559069,70.14178,14.92501,358.65,0,0,1,0,
	5.284511,-1.810818,0.9559069,70.14178,14.92501,358.575,0,0,1,0,
	5.287986,-1.808369,0.9595375,70.41979,14.85001,358.575,0,0,1,0,
	5.294357,-1.808369,0.9595375,70.41979,14.85001,358.575,0,0,1,0,
	5.297461,-1.808369,0.9595375,70.41979,14.77501,358.5,0,0,1,0,
	5.301195,-1.808369,0.9595375,70.41979,14.77501,358.5,0,0,1,0,
	5.305204,-1.808369,0.9595375,70.41979,14.77501,358.5,0,0,1,0,
	5.308799,-1.806256,0.9626705,70.69798,14.70001,358.5,0,0,1,0,
	5.313863,-1.806256,0.9626705,70.69798,14.70001,358.5,0,0,1,0,
	5.317074,-1.806256,0.9626705,70.69798,14.70001,358.425,0,0,1,0,
	5.32174,-1.806256,0.9626705,70.69798,14.70001,358.425,0,0,1,0,
	5.324846,-1.806256,0.9626705,70.69798,14.62501,358.425,0,0,1,0,
	5.327861,-1.804489,0.9652906,70.97633,14.62501,358.425,0,0,1,0,
	5.331916,-1.804489,0.9652906,70.97633,14.62501,358.425,0,0,1,0,
	5.339029,-1.804489,0.9652906,70.97633,14.62501,358.425,0,0,1,0,
	5.342418,-1.804489,0.9652906,70.97633,14.55001,358.35,0,0,1,0,
	5.344985,-1.804489,0.9652906,70.97633,14.55001,358.35,0,0,1,0,
	5.347604,-1.804489,0.9652906,70.97633,14.55001,358.35,0,0,1,0,
	5.352193,-1.803074,0.9673873,71.25487,14.55001,358.35,0,0,1,0,
	5.356153,-1.803074,0.9673873,71.25487,14.47501,358.35,0,0,1,0,
	5.359081,-1.803074,0.9673873,71.25487,14.47501,358.35,0,0,1,0,
	5.364434,-1.803074,0.9673873,71.25487,14.47501,358.35,0,0,1,0,
	5.368964,-1.802019,0.9689528,71.53359,14.40001,358.275,0,0,1,0,
	5.372807,-1.802019,0.9689528,71.53359,14.40001,358.275,0,0,1,0,
	5.376118,-1.802019,0.9689528,71.53359,14.40001,358.275,0,0,1,0,
	5.380101,-1.802019,0.9689528,71.53359,14.40001,358.275,0,0,1,0,
	5.384851,-1.802019,0.9689528,71.53359,14.32501,358.275,0,0,1,0,
	5.389149,-1.801325,0.9699814,71.81252,14.32501,358.2,0,0,1,0,
	5.39321,-1.801325,0.9699814,71.81252,14.25001,358.2,0,0,1,0,
	5.39621,-1.801325,0.9699814,71.81252,14.25001,358.2,0,0,1,0,
	5.402926,-1.801325,0.9699814,71.81252,14.25001,358.2,0,0,1,0,
	5.406837,-1.801325,0.9699814,71.81252,14.17501,358.125,0,0,1,0,
	5.409529,-1.800996,0.9704688,72.09164,14.17501,358.125,0,0,1,0,
	5.415343,-1.800996,0.9704688,72.09164,14.17501,358.125,0,0,1,0,
	5.418934,-1.800996,0.9704688,72.09164,14.10001,358.125,0,0,1,0,
	5.422789,-1.800996,0.9704688,72.09164,14.10001,358.125,0,0,1,0,
	5.427595,-1.800996,0.9704688,72.09164,14.10001,358.05,0,0,1,0,
	5.432565,-1.801034,0.9704118,72.37099,14.02501,358.05,0,0,1,0,
	5.436228,-1.801034,0.9704118,72.37099,14.02501,358.05,0,0,1,0,
	5.440815,-1.801034,0.9704118,72.37099,14.02501,358.05,0,0,1,0,
	5.443913,-1.801034,0.9704118,72.37099,13.95001,357.975,0,0,1,0,
	5.44734,-1.801034,0.9704118,72.37099,13.95001,357.975,0,0,1,0,
	5.450059,-1.801442,0.9698079,72.65055,13.95001,357.975,0,0,1,0,
	5.455172,-1.801442,0.9698079,72.65055,13.95001,357.975,0,0,1,0,
	5.459493,-1.801442,0.9698079,72.65055,13.95001,357.9,0,0,1,0,
	5.463903,-1.801442,0.9698079,72.65055,13.87501,357.9,0,0,1,0,
	5.467319,-1.801442,0.9698079,72.65055,13.87501,357.9,0,0,1,0,
	5.471279,-1.802334,0.9684852,72.93034,13.87501,357.9,0,0,1,0,
	5.476416,-1.802334,0.9684852,72.93034,13.87501,357.825,0,0,1,0,
	5.479864,-1.802334,0.9684852,72.93034,13.80001,357.825,0,0,1,0,
	5.483723,-1.802334,0.9684852,72.93034,13.80001,357.825,0,0,1,0,
	5.486856,-1.802334,0.9684852,72.93034,13.80001,357.825,0,0,1,0,
	5.490373,-1.803676,0.9664946,73.21036,13.80001,357.825,0,0,1,0,
	5.495682,-1.803676,0.9664946,73.21036,13.80001,357.825,0,0,1,0,
	5.499866,-1.803676,0.9664946,73.21036,13.80001,357.825,0,0,1,0,
	5.503541,-1.803676,0.9664946,73.21036,13.80001,357.75,0,0,1,0,
	5.50624,-1.803676,0.9664946,73.21036,13.80001,357.75,0,0,1,0,
	5.509883,-1.805332,0.9640406,73.49064,13.80001,357.75,0,0,1,0,
	5.513609,-1.805332,0.9640406,73.49064,13.80001,357.75,0,0,1,0,
	5.517216,-1.805332,0.9640406,73.49064,13.80001,357.75,0,0,1,0,
	5.520046,-1.805332,0.9640406,73.49064,13.80001,357.75,0,0,1,0,
	5.525899,-1.805332,0.9640406,73.49064,13.80001,357.75,0,0,1,0,
	5.529841,-1.80732,0.9610932,73.77118,13.80001,357.75,0,0,1,0,
	5.533944,-1.80732,0.9610932,73.77118,13.80001,357.75,0,0,1,0,
	5.537384,-1.80732,0.9610932,73.77118,13.80001,357.75,0,0,1,0,
	5.540853,-1.80732,0.9610932,73.77118,13.80001,357.75,0,0,1,0,
	5.544257,-1.80732,0.9610932,73.77118,13.80001,357.75,0,0,1,0,
	5.546974,-1.80732,0.9610932,73.77118,13.80001,357.75,0,0,1,0,
	5.550172,-1.80954,0.9578018,74.05199,13.80001,357.75,0,0,1,0,
	5.55549,-1.80954,0.9578018,74.05199,13.80001,357.75,0,0,1,0,
	5.559596,-1.80954,0.9578018,74.05199,13.80001,357.75,0,0,1,0,
	5.563391,-1.80954,0.9578018,74.05199,13.80001,357.75,0,0,1,0,
	5.567171,-1.80954,0.9578018,74.05199,13.80001,357.75,0,0,1,0,
	5.571136,-1.811923,0.9542689,74.33309,13.80001,357.75,0,0,1,0,
	5.575218,-1.811923,0.9542689,74.33309,13.80001,357.75,0,0,1,0,
	5.578595,-1.811923,0.9542689,74.33309,13.80001,357.75,0,0,1,0,
	5.581993,-1.811923,0.9542689,74.33309,13.80001,357.75,0,0,1,0,
	5.585861,-1.811923,0.9542689,74.33309,13.80001,357.75,0,0,1,0,
	5.588895,-1.814422,0.9505646,74.61447,13.80001,357.75,0,0,1,0,
	5.593285,-1.814422,0.9505646,74.61447,13.80001,357.75,0,0,1,0,
	5.596527,-1.814422,0.9505646,74.61447,13.80001,357.75,0,0,1,0,
	5.602769,-1.814422,0.9505646,74.61447,13.80001,357.75,0,0,1,0,
	5.606246,-1.814422,0.9505646,74.61447,13.80001,357.75,0,0,1,0,
	5.609846,-1.817003,0.9467372,74.89615,13.80001,357.75,0,0,1,0,
	5.614645,-1.817003,0.9467372,74.89615,13.80001,357.75,0,0,1,0,
	5.618937,-1.817003,0.9467372,74.89615,13.80001,357.75,0,0,1,0,
	5.62313,-1.817003,0.9467372,74.89615,13.80001,357.75,0,0,1,0,
	5.628233,-1.819645,0.9428199,75.17812,13.80001,357.75,0,0,1,0,
	5.63371,-1.819645,0.9428199,75.17812,13.80001,357.75,0,0,1,0,
	5.637363,-1.819645,0.9428199,75.17812,13.80001,357.75,0,0,1,0,
	5.640824,-1.819645,0.9428199,75.17812,13.80001,357.75,0,0,1,0,
	5.644344,-1.819645,0.9428199,75.17812,13.80001,357.75,0,0,1,0,
	5.64791,-1.822333,0.9388353,75.46038,13.80001,357.75,0,0,1,0,
	5.65223,-1.822333,0.9388353,75.46038,13.80001,357.75,0,0,1,0,
	5.656187,-1.822333,0.9388353,75.46038,13.80001,357.75,0,0,1,0,
	5.659069,-1.822333,0.9388353,75.46038,13.80001,357.75,0,0,1,0,
	5.664753,-1.822333,0.9388353,75.46038,13.80001,357.75,0,0,1,0,
	5.668146,-1.825056,0.9347991,75.74295,13.80001,357.75,0,0,1,0,
	5.672109,-1.825056,0.9347991,75.74295,13.80001,357.75,0,0,1,0,
	5.67547,-1.825056,0.9347991,75.74295,13.80001,357.75,0,0,1,0,
	5.678951,-1.825056,0.9347991,75.74295,13.80001,357.75,0,0,1,0,
	5.683458,-1.825056,0.9347991,75.74295,13.80001,357.75,0,0,1,0,
	5.686727,-1.825056,0.9347991,75.74295,13.80001,357.75,0,0,1,0,
	5.690955,-1.827806,0.9307219,76.02582,13.80001,357.75,0,0,1,0,
	5.696931,-1.827806,0.9307219,76.02582,13.80001,357.75,0,0,1,0,
	5.700592,-1.827806,0.9307219,76.02582,13.80001,357.75,0,0,1,0,
	5.70416,-1.827806,0.9307219,76.02582,13.80001,357.75,0,0,1,0,
	5.707175,-1.827806,0.9307219,76.02582,13.80001,357.75,0,0,1,0,
	5.710647,-1.830578,0.926611,76.30898,13.80001,357.75,0,0,1,0,
	5.715026,-1.830578,0.926611,76.30898,13.80001,357.75,0,0,1,0,
	5.718975,-1.830578,0.926611,76.30898,13.80001,357.75,0,0,1,0,
	5.722107,-1.830578,0.926611,76.30898,13.80001,357.75,0,0,1,0,
	5.72751,-1.830578,0.926611,76.30898,13.80001,357.75,0,0,1,0,
	5.730784,-1.83337,0.9224716,76.59245,13.80001,357.75,0,0,1,0,
	5.734797,-1.83337,0.9224716,76.59245,13.80001,357.75,0,0,1,0,
	5.738179,-1.83337,0.9224716,76.59245,13.80001,357.75,0,0,1,0,
	5.741559,-1.83337,0.9224716,76.59245,13.80001,357.75,0,0,1,0,
	5.744762,-1.83337,0.9224716,76.59245,13.80001,357.75,0,0,1,0,
	5.748058,-1.836179,0.9183072,76.87622,13.80001,357.75,0,0,1,0,
	5.752394,-1.836179,0.9183072,76.87622,13.80001,357.75,0,0,1,0,
	5.756771,-1.836179,0.9183072,76.87622,13.80001,357.75,0,0,1,0,
	5.760701,-1.836179,0.9183072,76.87622,13.80001,357.75,0,0,1,0,
	5.763465,-1.836179,0.9183072,76.87622,13.80001,357.75,0,0,1,0,
	5.767075,-1.836179,0.9183072,76.87622,13.80001,357.75,0,0,1,0,
	5.77043,-1.839004,0.91412,77.16029,13.80001,357.75,0,0,1,0,
	5.775146,-1.839004,0.91412,77.16029,13.80001,357.75,0,0,1,0,
	5.778029,-1.839004,0.91412,77.16029,13.80001,357.75,0,0,1,0,
	5.781626,-1.839004,0.91412,77.16029,13.80001,357.75,0,0,1,0,
	5.784624,-1.839004,0.91412,77.16029,13.80001,357.75,0,0,1,0,
	5.791098,-1.841842,0.9099116,77.44466,13.80001,357.75,0,0,1,0,
	5.796474,-1.841842,0.9099116,77.44466,13.80001,357.75,0,0,1,0,
	5.799904,-1.841842,0.9099116,77.44466,13.80001,357.75,0,0,1,0,
	5.803344,-1.841842,0.9099116,77.44466,13.80001,357.75,0,0,1,0,
	5.808012,-1.844694,0.9056832,77.72932,13.80001,357.75,0,0,1,0,
	5.813108,-1.844694,0.9056832,77.72932,13.80001,357.75,0,0,1,0,
	5.818652,-1.844694,0.9056832,77.72932,13.80001,357.75,0,0,1,0,
	5.82251,-1.844694,0.9056832,77.72932,13.80001,357.75,0,0,1,0,
	5.826153,-1.844694,0.9056832,77.72932,13.80001,357.75,0,0,1,0,
	5.830538,-1.847559,0.9014356,78.0143,13.80001,357.75,0,0,1,0,
	5.834955,-1.847559,0.9014356,78.0143,13.80001,357.75,0,0,1,0,
	5.838263,-1.847559,0.9014356,78.0143,13.80001,357.75,0,0,1,0,
	5.841116,-1.847559,0.9014356,78.0143,13.80001,357.75,0,0,1,0,
	5.844303,-1.847559,0.9014356,78.0143,13.80001,357.75,0,0,1,0,
	5.846961,-1.847559,0.9014356,78.0143,13.80001,357.75,0,0,1,0,
	5.850692,-1.850437,0.8971694,78.29957,13.80001,357.75,0,0,1,0,
	5.854503,-1.850437,0.8971694,78.29957,13.80001,357.75,0,0,1,0,
	5.857937,-1.850437,0.8971694,78.29957,13.80001,357.75,0,0,1,0,
	5.860715,-1.850437,0.8971694,78.29957,13.80001,357.75,0,0,1,0,
	5.865352,-1.850437,0.8971694,78.29957,13.80001,357.75,0,0,1,0,
	5.868052,-1.853327,0.8928848,78.58514,13.80001,357.75,0,0,1,0,
	5.871826,-1.853327,0.8928848,78.58514,13.80001,357.75,0,0,1,0,
	5.875208,-1.853327,0.8928848,78.58514,13.80001,357.75,0,0,1,0,
	5.87886,-1.853327,0.8928848,78.58514,13.80001,357.75,0,0,1,0,
	5.881634,-1.853327,0.8928848,78.58514,13.80001,357.75,0,0,1,0,
	5.885003,-1.853327,0.8928848,78.58514,13.80001,357.75,0,0,1,0,
	5.887759,-1.856229,0.8885821,78.87102,13.80001,357.75,0,0,1,0,
	5.892185,-1.856229,0.8885821,78.87102,13.80001,357.75,0,0,1,0,
	5.896461,-1.856229,0.8885821,78.87102,13.80001,357.75,0,0,1,0,
	5.899814,-1.856229,0.8885821,78.87102,13.80001,357.75,0,0,1,0,
	5.902521,-1.856229,0.8885821,78.87102,13.80001,357.75,0,0,1,0,
	5.905927,-1.856229,0.8885821,78.87102,13.80001,357.75,0,0,1,0,
	5.908546,-1.859143,0.8842614,79.1572,13.80001,357.75,0,0,1,0,
	5.912753,-1.859143,0.8842614,79.1572,13.80001,357.75,0,0,1,0,
	5.915684,-1.859143,0.8842614,79.1572,13.80001,357.75,0,0,1,0,
	5.918775,-1.859143,0.8842614,79.1572,13.80001,357.75,0,0,1,0,
	5.921668,-1.859143,0.8842614,79.1572,13.80001,357.75,0,0,1,0,
	5.924423,-1.859143,0.8842614,79.1572,13.80001,357.75,0,0,1,0,
	5.92889,-1.86207,0.879923,79.44367,13.80001,357.75,0,0,1,0,
	5.933561,-1.86207,0.879923,79.44367,13.80001,357.75,0,0,1,0,
	5.936481,-1.86207,0.879923,79.44367,13.80001,357.75,0,0,1,0,
	5.939317,-1.86207,0.879923,79.44367,13.80001,357.75,0,0,1,0,
	5.942906,-1.86207,0.879923,79.44367,13.80001,357.75,0,0,1,0,
	5.946229,-1.86207,0.879923,79.44367,13.80001,357.75,0,0,1,0,
	5.949905,-1.865008,0.8755668,79.73045,13.80001,357.75,0,0,1,0,
	5.961113,-1.865008,0.8755668,79.73045,13.80001,357.75,0,0,1,0,
	5.964445,-1.865008,0.8755668,79.73045,13.72501,357.75,0,0,1,0,
	5.967978,-1.867958,0.8711929,80.01753,13.72501,357.75,0,0,1,0,
	5.972292,-1.867958,0.8711929,80.01753,13.72501,357.75,0,0,1,0,
	5.976257,-1.867958,0.8711929,80.01753,13.72501,357.75,0,0,1,0,
	5.979045,-1.867958,0.8711929,80.01753,13.72501,357.75,0,0,1,0,
	5.982595,-1.867958,0.8711929,80.01753,13.72501,357.75,0,0,1,0,
	5.985307,-1.867958,0.8711929,80.01753,13.72501,357.75,0,0,1,0,
	5.989881,-1.870921,0.8668014,80.30492,13.72501,357.75,0,0,1,0,
	5.993484,-1.870921,0.8668014,80.30492,13.72501,357.75,0,0,1,0,
	5.996782,-1.870921,0.8668014,80.30492,13.72501,357.75,0,0,1,0,
	5.999792,-1.870921,0.8668014,80.30492,13.72501,357.75,0,0,1,0,
	6.004303,-1.870921,0.8668014,80.30492,13.72501,357.75,0,0,1,0,
	6.007722,-1.873894,0.8623922,80.5926,13.65001,357.75,0,0,1,0,
	6.011999,-1.873894,0.8623922,80.5926,13.65001,357.75,0,0,1,0,
	6.016224,-1.873894,0.8623922,80.5926,13.65001,357.75,0,0,1,0,
	6.020887,-1.873894,0.8623922,80.5926,13.65001,357.75,0,0,1,0,
	6.024738,-1.873894,0.8623922,80.5926,13.65001,357.75,0,0,1,0,
	6.028315,-1.87688,0.8579655,80.88058,13.65001,357.75,0,0,1,0,
	6.032671,-1.87688,0.8579655,80.88058,13.65001,357.75,0,0,1,0,
	6.035854,-1.87688,0.8579655,80.88058,13.65001,357.75,0,0,1,0,
	6.040496,-1.87688,0.8579655,80.88058,13.65001,357.75,0,0,1,0,
	6.044023,-1.87688,0.8579655,80.88058,13.57501,357.75,0,0,1,0,
	6.046919,-1.87688,0.8579655,80.88058,13.57501,357.75,0,0,1,0,
	6.052508,-1.879878,0.8535213,81.16887,13.57501,357.75,0,0,1,0,
	6.056031,-1.879878,0.8535213,81.16887,13.57501,357.75,0,0,1,0,
	6.059431,-1.879878,0.8535213,81.16887,13.57501,357.75,0,0,1,0,
	6.062259,-1.879878,0.8535213,81.16887,13.57501,357.75,0,0,1,0,
	6.067497,-1.879878,0.8535213,81.16887,13.57501,357.75,0,0,1,0,
	6.072045,-1.88277,0.8492341,81.45747,13.50001,357.825,0,0,1,0,
	6.076312,-1.88277,0.8492341,81.45747,13.50001,357.825,0,0,1,0,
	6.080186,-1.88277,0.8492341,81.45747,13.50001,357.825,0,0,1,0,
	6.084508,-1.88277,0.8492341,81.45747,13.50001,357.825,0,0,1,0,
	6.08876,-1.885592,0.8450497,81.74638,13.42501,357.825,0,0,1,0,
	6.092932,-1.885592,0.8450497,81.74638,13.42501,357.9,0,0,1,0,
	6.098366,-1.885592,0.8450497,81.74638,13.42501,357.9,0,0,1,0,
	6.102827,-1.885592,0.8450497,81.74638,13.35001,357.9,0,0,1,0,
	6.106278,-1.885592,0.8450497,81.74638,13.35001,357.975,0,0,1,0,
	6.110474,-1.888134,0.8412811,82.0356,13.35001,357.975,0,0,1,0,
	6.115659,-1.888134,0.8412811,82.0356,13.35001,358.05,0,0,1,0,
	6.120122,-1.888134,0.8412811,82.0356,13.27501,358.05,0,0,1,0,
	6.125587,-1.888134,0.8412811,82.0356,13.27501,358.125,0,0,1,0,
	6.131157,-1.890131,0.8383198,82.32514,13.20001,358.2,0,0,1,0,
	6.136382,-1.890131,0.8383198,82.32514,13.20001,358.275,0,0,1,0,
	6.140767,-1.890131,0.8383198,82.32514,13.12501,358.425,0,0,1,0,
	6.145037,-1.890131,0.8383198,82.32514,13.12501,358.5,0,0,1,0,
	6.148795,-1.891047,0.8369632,82.61501,13.12501,358.65,0,0,1,0,
	6.154422,-1.891047,0.8369632,82.61501,13.05001,358.725,0,0,1,0,
	6.16311,-1.891047,0.8369632,82.61501,13.05001,358.875,0,0,1,0,
	6.168157,-1.89027,0.8381141,82.90514,12.97501,359.25,0,0,1,0,
	6.173201,-1.89027,0.8381141,82.90514,12.97501,359.475,0,0,1,0,
	6.179721,-1.89027,0.8381141,82.90514,12.97501,359.7,0,0,1,0,
	6.184637,-1.89027,0.8381141,82.90514,12.97501,0.1500047,0,0,1,0,
	6.192499,-1.886431,0.8438057,83.19537,12.97501,0.4500047,0,0,1,0,
	6.199466,-1.886431,0.8438057,83.19537,12.97501,1.050005,0,0,1,0,
	6.206131,-1.886431,0.8438057,83.19537,12.97501,1.650005,0,0,1,0,
	6.212031,-1.877637,0.8568431,83.48505,12.97501,2.250005,0,0,1,0,
	6.216527,-1.877637,0.8568431,83.48505,12.97501,2.850005,0,0,1,0,
	6.228059,-1.864762,0.8759312,83.77362,12.97501,3.300004,0,0,1,0,
	6.234562,-1.864762,0.8759312,83.77362,12.97501,4.500006,0,0,1,0,
	6.241028,-1.864762,0.8759312,83.77362,12.97501,5.250005,0,0,1,0,
	6.258003,-1.843901,0.9068593,84.05939,12.97501,6.000005,0,0,1,0,
	6.264972,-1.843901,0.9068593,84.05939,13.05001,7.800005,0,0,1,0,
	6.270027,-1.813839,0.9514279,84.34004,13.05001,8.475005,0,0,1,0,
	6.275487,-1.813839,0.9514279,84.34004,13.12501,9.075006,0,0,1,0,
	6.281069,-1.813839,0.9514279,84.34004,13.20001,9.675007,0,0,1,0,
	6.28921,-1.776263,1.007136,84.6153,13.20001,10.125,0,0,1,0,
	6.295013,-1.776263,1.007136,84.6153,13.35001,11.10001,0,0,1,0,
	6.300172,-1.776263,1.007136,84.6153,13.42501,11.62501,0,0,1,0,
	6.307225,-1.776263,1.007136,84.6153,13.42501,12.07501,0,0,1,0,
	6.319799,-1.728703,1.077648,84.88239,13.57501,12.825,0,0,1,0,
	6.326019,-1.728703,1.077648,84.88239,13.80001,14.10001,0,0,1,0,
	6.333616,-1.672213,1.161398,85.14027,13.87501,14.62501,0,0,1,0,
	6.340734,-1.672213,1.161398,85.14027,13.95001,15.3,0,0,1,0,
	6.356855,-1.591148,1.239948,85.39128,14.10001,15.825,0,0,1,0,
	6.366196,-1.591148,1.239948,85.39128,14.25001,16.95001,0,0,1,0,
	6.372136,-1.496648,1.313299,85.63818,14.32501,17.47501,0,0,1,0,
	6.377155,-1.496648,1.313299,85.63818,14.47501,17.925,0,0,1,0,
	6.382944,-1.496648,1.313299,85.63818,14.47501,18.22501,0,0,1,0,
	6.388958,-1.397223,1.381449,85.88345,14.55001,18.60001,0,0,1,0,
	6.399139,-1.397223,1.381449,85.88345,14.62501,18.975,0,0,1,0,
	6.403498,-1.397223,1.381449,85.88345,14.77501,19.575,0,0,1,0,
	6.409544,-1.292578,1.444399,86.12688,14.85001,19.8,0,0,1,0,
	6.417958,-1.292578,1.444399,86.12688,14.85001,20.1,0,0,1,0,
	6.427321,-1.292578,1.444399,86.12688,14.92501,20.4,0,0,1,0,
	6.432328,-1.183713,1.50215,86.36874,15.00001,20.775,0,0,1,0,
	6.437466,-1.183713,1.50215,86.36874,15.00001,20.85,0,0,1,0,
	6.441249,-1.183713,1.50215,86.36874,15.07501,21,0,0,1,0,
	6.445045,-1.183713,1.50215,86.36874,15.07501,21,0,0,1,0,
	6.448454,-1.073554,1.5547,86.6101,15.07501,21.075,0,0,1,0,
	6.45487,-1.073554,1.5547,86.6101,15.07501,21.075,0,0,1,0,
	6.458041,-1.073554,1.5547,86.6101,15.15001,21.15,0,0,1,0,
	6.462369,-1.073554,1.5547,86.6101,15.15001,21.15,0,0,1,0,
	6.465889,-1.073554,1.5547,86.6101,15.15001,21.22501,0,0,1,0,
	6.469922,-0.9627485,1.60205,86.85121,15.15001,21.22501,0,0,1,0,
	6.475295,-0.9627485,1.60205,86.85121,15.15001,21.22501,0,0,1,0,
	6.478563,-0.9627485,1.60205,86.85121,15.22501,21.30001,0,0,1,0,
	6.482104,-0.9627485,1.60205,86.85121,15.22501,21.30001,0,0,1,0,
	6.486913,-0.9627485,1.60205,86.85121,15.22501,21.30001,0,0,1,0,
	6.49187,-0.85162,1.644201,87.09219,15.22501,21.30001,0,0,1,0,
	6.497431,-0.85162,1.644201,87.09219,15.22501,21.37501,0,0,1,0,
	6.500945,-0.85162,1.644201,87.09219,15.30001,21.37501,0,0,1,0,
	6.504069,-0.85162,1.644201,87.09219,15.30001,21.37501,0,0,1,0,
	6.50697,-0.85162,1.644201,87.09219,15.30001,21.37501,0,0,1,0,
	6.51015,-0.7401686,1.681151,87.33305,15.30001,21.37501,0,0,1,0,
	6.514477,-0.7401686,1.681151,87.33305,15.30001,21.37501,0,0,1,0,
	6.519089,-0.7401686,1.681151,87.33305,15.30001,21.37501,0,0,1,0,
	6.521855,-0.7401686,1.681151,87.33305,15.30001,21.37501,0,0,1,0,
	6.525359,-0.7401686,1.681151,87.33305,15.30001,21.37501,0,0,1,0,
	6.528238,-0.6287171,1.712901,87.57391,15.30001,21.37501,0,0,1,0,
	6.534112,-0.6287171,1.712901,87.57391,15.30001,21.37501,0,0,1,0,
	6.537836,-0.6287171,1.712901,87.57391,15.30001,21.37501,0,0,1,0,
	6.541469,-0.6287171,1.712901,87.57391,15.30001,21.37501,0,0,1,0,
	6.547057,-0.6287171,1.712901,87.57391,15.30001,21.37501,0,0,1,0,
	6.549975,-0.5172657,1.739452,87.81477,15.30001,21.37501,0,0,1,0,
	6.554268,-0.5172657,1.739452,87.81477,15.30001,21.37501,0,0,1,0,
	6.557225,-0.5172657,1.739452,87.81477,15.30001,21.37501,0,0,1,0,
	6.560748,-0.5172657,1.739452,87.81477,15.30001,21.37501,0,0,1,0,
	6.563849,-0.5172657,1.739452,87.81477,15.30001,21.37501,0,0,1,0,
	6.567571,-0.5172657,1.739452,87.81477,15.30001,21.37501,0,0,1,0,
	6.570777,-0.4058142,1.760802,88.05563,15.30001,21.37501,0,0,1,0,
	6.574896,-0.4058142,1.760802,88.05563,15.30001,21.37501,0,0,1,0,
	6.578955,-0.4058142,1.760802,88.05563,15.30001,21.37501,0,0,1,0,
	6.58182,-0.4058142,1.760802,88.05563,15.30001,21.37501,0,0,1,0,
	6.584746,-0.4058142,1.760802,88.05563,15.30001,21.37501,0,0,1,0,
	6.587714,-0.4058142,1.760802,88.05563,15.30001,21.37501,0,0,1,0,
	6.591199,-0.2943628,1.776953,88.29649,15.30001,21.37501,0,0,0,0,
	6.597301,-0.2943628,1.776953,88.29649,15.30001,21.37501,0,0,0,0,
	6.600954,-0.2943628,1.776953,88.29649,15.30001,21.37501,0,0,0,0,
	6.60387,-0.2943628,1.776953,88.29649,15.30001,21.37501,0,0,0,0,
	6.607708,-0.2943628,1.776953,88.29649,15.30001,21.37501,0,0,0,0,
	6.611063,-0.1829113,1.787903,88.53735,15.30001,21.37501,0,0,0,0,
	6.615507,-0.1829113,1.787903,88.53735,15.30001,21.37501,0,0,0,0,
	6.619063,-0.1829113,1.787903,88.53735,15.30001,21.37501,0,0,0,0,
	6.624877,-0.1829113,1.787903,88.53735,15.30001,21.37501,0,0,0,1,
	6.630363,-0.08228712,1.793653,88.78245,15.30001,21.37501,0,0,0,1,
	6.635384,-0.08228712,1.793653,88.78245,15.30001,21.37501,0,0,0,1,
	6.638462,-0.08228712,1.793653,88.78245,15.30001,21.37501,0,0,0,1,
	6.642244,-0.08228712,1.793653,88.78245,15.30001,21.37501,0,0,0,1,
	6.645215,-0.08228712,1.793653,88.78245,15.30001,21.37501,0,0,0,1,
	6.647981,-0.0006345521,1.794204,89.03497,15.30001,21.37501,0,0,0,1,
	6.652002,-0.0006345521,1.794204,89.03497,15.30001,21.37501,0,0,0,1,
	6.655111,-0.0006345521,1.794204,89.03497,15.30001,21.37501,0,0,0,1,
	6.658371,-0.0006345521,1.794204,89.03497,15.30001,21.37501,0,0,0,1,
	6.661173,-0.0006345521,1.794204,89.03497,15.30001,21.37501,0,0,0,1,
	6.666051,-0.0006345521,1.794204,89.03497,15.30001,21.37501,0,0,0,1,
	6.669615,0.08101799,1.789554,89.28748,15.37501,21.37501,0,0,0,1,
	6.673804,0.08101799,1.789554,89.28748,15.37501,21.37501,0,0,0,1,
	6.67718,0.08101799,1.789554,89.28748,15.37501,21.37501,0,0,0,1,
	6.681237,0.08101799,1.789554,89.28748,15.37501,21.37501,0,0,0,1,
	6.684976,0.08101799,1.789554,89.28748,15.45001,21.37501,0,0,0,1,
	6.68818,0.1626705,1.779704,89.54,15.45001,21.37501,0,0,0,1,
	6.69366,0.1626705,1.779704,89.54,15.45001,21.37501,0,0,0,1,
	6.697216,0.1626705,1.779704,89.54,15.52501,21.30001,0,0,0,1,
	6.701689,0.1626705,1.779704,89.54,15.52501,21.30001,0,0,0,1,
	6.706388,0.1626705,1.779704,89.54,15.60001,21.22501,0,0,0,1,
	6.712537,0.2433532,1.764655,89.7929,15.60001,21.15001,0,0,0,1,
	6.718124,0.2433532,1.764655,89.7929,15.67501,21.075,0,0,0,1,
	6.724788,0.2433532,1.764655,89.7929,15.75,20.925,0,0,0,1,
	6.729745,0.3220905,1.744405,90.04654,15.82501,20.7,0,0,0,1,
	6.737897,0.3220905,1.744405,90.04654,15.90001,20.55,0,0,0,1,
	6.750569,0.3985488,1.718956,90.30102,15.97501,20.17501,0,0,0,1,
	6.756684,0.3985488,1.718956,90.30102,16.20001,19.35,0,0,0,1,
	6.763197,0.3985488,1.718956,90.30102,16.35001,18.97501,0,0,0,1,
	6.770958,0.4681115,1.688306,90.55788,16.42501,18.60001,0,0,0,1,
	6.78464,0.4681115,1.688306,90.55788,16.575,17.85001,0,0,0,1,
	6.789587,0.5290263,1.652456,90.81741,16.80001,16.65001,0,0,0,1,
	6.796874,0.5290263,1.652456,90.81741,16.87501,16.2,0,0,0,1,
	6.80187,0.5290263,1.652456,90.81741,16.95001,15.6,0,0,0,1,
	6.808113,0.5825527,1.611407,91.07899,17.10001,15,0,0,0,1,
	6.826381,0.5825527,1.611407,91.07899,17.17501,14.4,0,0,0,1,
	6.833079,0.6234723,1.565157,91.34341,17.47501,12.225,0,0,0,1,
	6.840064,0.6234723,1.565157,91.34341,17.55001,11.475,0,0,0,1,
	6.847791,0.6571806,1.513707,91.60925,17.62501,10.65,0,0,0,1,
	6.85527,0.6571806,1.513707,91.60925,17.77501,9.675001,0,0,0,1,
	6.860948,0.6571806,1.513707,91.60925,17.85001,8.925001,0,0,0,1,
	6.866107,0.6571806,1.513707,91.60925,18.00001,8.175002,0,0,0,1,
	6.871553,0.6766806,1.457058,91.87725,18.07501,7.575,0,0,0,1,
	6.87879,0.6766806,1.457058,91.87725,18.22501,6.825001,0,0,0,1,
	6.884018,0.6766806,1.457058,91.87725,18.37501,5.775002,0,0,0,1,
	6.888393,0.6853442,1.395208,92.14639,18.45001,5.250001,0,0,0,1,
	6.894455,0.6853442,1.395208,92.14639,18.60001,4.650002,0,0,0,1,
	6.901996,0.6853442,1.395208,92.14639,18.75001,3.750001,0,0,0,1,
	6.908983,0.6827588,1.328158,92.41625,18.82501,2.850001,0,0,0,1,
	6.920063,0.6827588,1.328158,92.41625,18.97501,1.950001,0,0,0,1,
	6.92433,0.6827588,1.328158,92.41625,19.20001,0.5250013,0,0,0,1,
	6.928979,0.6667588,1.255909,92.68632,19.27501,1.311302E-06,0,0,0,1,
	6.93553,0.6667588,1.255909,92.68632,19.35001,359.4,0,0,0,1,
	6.942019,0.6667588,1.255909,92.68632,19.42502,358.575,0,0,0,1,
	6.948463,0.6405004,1.178459,92.95612,19.50002,357.825,0,0,0,1,
	6.953156,0.6405004,1.178459,92.95612,19.57502,357.075,0,0,0,1,
	6.95772,0.6405004,1.178459,92.95612,19.65001,356.325,0,0,0,1,
	6.967053,0.6405004,1.178459,92.95612,19.72502,355.725,0,0,0,1,
	6.973039,0.5990309,1.09581,93.22481,19.80001,354.6,0,0,0,1,
	6.989874,0.5540281,1.00796,93.49311,19.95002,353.85,0,0,0,1,
	6.997973,0.5540281,1.00796,93.49311,20.17502,351.45,0,0,0,1,
	7.003075,0.5540281,1.00796,93.49311,20.25002,350.325,0,0,0,1,
	7.008945,0.488991,0.9149103,93.75818,20.32502,349.575,0,0,0,1,
	7.017128,0.488991,0.9149103,93.75818,20.32502,348.675,0,0,0,1,
	7.02818,0.4148723,0.9029821,94.02133,20.40002,347.625,0,0,0,1,
	7.033664,0.4148723,0.9029821,94.02133,20.40002,345.9,0,0,0,1,
	7.040097,0.4148723,0.9029821,94.02133,20.40002,345.075,0,0,0,1,
	7.063841,0.3248398,0.9005964,94.2803,20.40002,344.175,0,0,0,1,
	7.076184,0.2218963,0.9813964,94.5349,20.40002,341.325,0,0,0,1,
	7.083812,0.2218963,0.9813964,94.5349,20.40002,340.125,0,0,0,1,
	7.088923,0.1105216,1.056996,94.78641,20.32502,339.45,0,0,0,1,
	7.096082,0.1105216,1.056996,94.78641,20.25002,339.15,0,0,0,1,
	7.105255,0.1105216,1.056996,94.78641,20.17502,338.7,0,0,0,1,
	7.111661,-0.006545649,1.127396,95.03569,20.10002,338.175,0,0,0,1,
	7.117297,-0.006545649,1.127396,95.03569,20.02501,337.95,0,0,0,1,
	7.122725,-0.006545649,1.127396,95.03569,20.02502,337.8,0,0,0,1,
	7.128021,-0.1256134,1.192596,95.28416,19.95002,337.725,0,0,0,1,
	7.132012,-0.1256134,1.192596,95.28416,19.95001,337.65,0,0,0,1,
	7.1373,-0.1256134,1.192596,95.28416,19.95001,337.65,0,0,0,0,
	7.143913,-0.1256134,1.192596,95.28416,19.95001,337.65,0,0,1,0,
	7.149292,-0.2327815,1.252596,95.53751,19.95001,337.65,0,0,1,0,
	7.153249,-0.2327815,1.252596,95.53751,19.95001,337.65,0,0,1,0,
	7.158451,-0.2327815,1.252596,95.53751,19.95001,337.65,0,0,1,0,
	7.161907,-0.2327815,1.252596,95.53751,19.87502,337.65,0,0,1,0,
	7.165282,-0.2327815,1.252596,95.53751,19.87502,337.65,0,0,1,0,
	7.16984,-0.3225862,1.307396,95.79801,19.87502,337.65,0,0,1,0,
	7.175053,-0.3225862,1.307396,95.79801,19.80001,337.65,0,0,1,0,
	7.180251,-0.3225862,1.307396,95.79801,19.72501,337.725,0,0,1,0,
	7.188046,-0.4117244,1.356996,96.05878,19.65001,337.8,0,0,1,0,
	7.19499,-0.4117244,1.356996,96.05878,19.50001,338.025,0,0,1,0,
	7.202178,-0.4117244,1.356996,96.05878,19.35001,338.25,0,0,1,0,
	7.2067,-0.4117244,1.356996,96.05878,19.20001,338.475,0,0,1,0,
	7.211254,-0.4971799,1.401396,96.32102,19.12501,338.625,0,0,1,0,
	7.215683,-0.4971799,1.401396,96.32102,19.05001,338.85,0,0,1,0,
	7.222676,-0.4971799,1.401396,96.32102,18.90001,339.075,0,0,1,0,
	7.22902,-0.5785893,1.440596,96.58479,18.75001,339.525,0,0,1,0,
	7.236658,-0.5785893,1.440596,96.58479,18.60001,339.9,0,0,1,0,
	7.244373,-0.5785893,1.440596,96.58479,18.37501,340.5,0,0,1,0,
	7.254628,-0.6525055,1.474596,96.8512,18.22501,341.175,0,0,1,0,
	7.262962,-0.6525055,1.474596,96.8512,17.85001,342.525,0,0,1,0,
	7.269823,-0.7157049,1.503396,97.12089,17.70001,343.5,0,0,1,0,
	7.276515,-0.7157049,1.503396,97.12089,17.55001,344.625,0,0,1,0,
	7.285026,-0.7157049,1.503396,97.12089,17.40001,345.675,0,0,1,0,
	7.291752,-0.7623842,1.526996,97.39474,17.25001,347.025,0,0,1,0,
	7.299715,-0.7623842,1.526996,97.39474,17.10001,348.45,0,0,1,0,
	7.307403,-0.7623842,1.526996,97.39474,17.02501,349.8,0,0,1,0,
	7.313985,-0.7875758,1.545396,97.67238,16.87501,351.525,0,0,1,0,
	7.320002,-0.7875758,1.545396,97.67238,16.87501,352.575,0,0,1,0,
	7.324997,-0.7875758,1.545396,97.67238,16.80001,353.775,0,0,1,0,
	7.330091,-0.7960843,1.558596,97.95181,16.80001,354.975,0,0,1,0,
	7.339064,-0.7960843,1.558596,97.95181,16.72502,356.025,0,0,1,0,
	7.344779,-0.7960843,1.558596,97.95181,16.72501,357.9,0,0,1,0,
	7.35051,-0.7844843,1.566596,98.23203,16.72501,359.1,0,0,1,0,
	7.355739,-0.7844843,1.566596,98.23203,16.65001,0.2250071,0,0,1,0,
	7.361741,-0.7844843,1.566596,98.23203,16.65001,1.425007,0,0,1,0,
	7.374999,-0.7563741,1.569396,98.51186,16.65001,2.475007,0,0,1,1,
	7.387266,-0.7563741,1.569396,98.51186,16.65001,4.725008,0,0,0,1,
	7.394365,-0.73958,1.566996,98.79301,16.65001,6.675006,0,0,0,1,
	7.404926,-0.73958,1.566996,98.79301,16.65001,7.575008,0,0,0,1,
	7.41091,-0.7227858,1.559396,99.07416,16.65001,8.625006,0,0,0,1,
	7.417145,-0.7227858,1.559396,99.07416,16.65001,9.075008,0,0,0,1,
	7.422205,-0.7227858,1.559396,99.07416,16.65001,9.450007,0,0,0,1,
	7.426861,-0.7227858,1.559396,99.07416,16.65001,9.675007,0,0,0,1,
	7.430901,-0.7059917,1.546596,99.35531,16.65001,9.825007,0,0,0,1,
	7.435841,-0.7059917,1.546596,99.35531,16.65001,9.825007,0,0,0,1,
	7.438806,-0.7059917,1.546596,99.35531,16.65001,9.825007,0,0,0,1,
	7.442004,-0.7059917,1.546596,99.35531,16.65001,9.825007,0,0,0,1,
	7.445018,-0.7059917,1.546596,99.35531,16.65001,9.825007,0,0,0,1,
	7.448325,-0.6891975,1.528596,99.63646,16.65001,9.825007,0,0,0,1,
	7.453534,-0.6891975,1.528596,99.63646,16.65001,9.825007,0,0,0,1,
	7.45701,-0.6891975,1.528596,99.63646,16.72502,9.825007,0,0,0,1,
	7.459979,-0.6891975,1.528596,99.63646,16.72502,9.825007,0,0,0,1,
	7.46463,-0.6891975,1.528596,99.63646,16.72502,9.825007,0,0,0,1,
	7.467825,-0.6724034,1.505396,99.91761,16.80001,9.750008,0,0,0,1,
	7.475477,-0.6724034,1.505396,99.91761,16.80001,9.750008,0,0,0,1,
	7.481994,-0.6724034,1.505396,99.91761,16.87501,9.600007,0,0,0,1,
	7.489954,-0.6556093,1.476996,100.1988,16.95002,9.450007,0,0,0,1,
	7.498162,-0.6556093,1.476996,100.1988,17.02501,9.225006,0,0,0,1,
	7.503386,-0.6556093,1.476996,100.1988,17.10002,8.925008,0,0,0,1,
	7.508343,-0.6388151,1.443396,100.4799,17.17501,8.775008,0,0,0,1,
	7.514127,-0.6388151,1.443396,100.4799,17.25002,8.550007,0,0,0,1,
	7.521479,-0.6388151,1.443396,100.4799,17.32502,8.325007,0,0,0,1,
	7.526566,-0.6388151,1.443396,100.4799,17.40002,7.950006,0,0,0,1,
	7.53538,-0.622021,1.404596,100.7611,17.47502,7.725007,0,0,0,1,
	7.546873,-0.622021,1.404596,100.7611,17.62502,7.200006,0,0,0,1,
	7.563049,-0.6059583,1.360596,101.0423,17.77502,6.525006,0,0,0,1,
	7.570816,-0.5953959,1.311396,101.3241,17.92502,5.400007,0,0,0,1,
	7.578055,-0.5953959,1.311396,101.3241,18.00002,4.800006,0,0,0,1,
	7.582648,-0.5953959,1.311396,101.3241,18.07502,4.200006,0,0,0,1,
	7.591828,-0.5925548,1.256996,101.6064,18.07502,3.825006,0,0,0,1,
	7.596966,-0.5925548,1.256996,101.6064,18.07502,3.000006,0,0,0,1,
	7.607073,-0.5925548,1.256996,101.6064,18.15002,2.550007,0,0,0,1,
	7.625054,-0.6004157,1.197396,101.8892,18.15002,1.650006,0,0,0,1,
	7.66006,-0.6346366,1.062596,102.4547,18.22502,359.775,0,0,0,1,
	7.668658,-0.665439,0.9873964,102.7367,18.30002,357,0,0,0,1,
	7.674655,-0.665439,0.9873964,102.7367,18.37502,356.55,0,0,0,1,
	7.68027,-0.665439,0.9873964,102.7367,18.37503,356.25,0,0,0,1,
	7.68615,-0.665439,0.9873964,102.7367,18.37502,355.95,0,0,0,1,
	7.692466,-0.7025341,0.9069964,103.0183,18.37502,355.725,0,0,0,1,
	7.697912,-0.7025341,0.9069964,103.0183,18.37502,355.5,0,0,0,1,
	7.706233,-0.7025341,0.9069964,103.0183,18.37502,355.275,0,0,0,1,
	7.712058,-0.7433298,0.9013994,103.2996,18.45002,354.975,0,0,0,1,
	7.71776,-0.7433298,0.9013994,103.2996,18.45002,354.825,0,0,0,1,
	7.723975,-0.7433298,0.9013994,103.2996,18.45002,354.675,0,0,0,1,
	7.729667,-0.7859754,0.9002799,103.5807,18.45002,354.6,0,0,0,1,
	7.735811,-0.7859754,0.9002799,103.5807,18.45002,354.525,0,0,0,1,
	7.740304,-0.7859754,0.9002799,103.5807,18.45002,354.45,0,0,0,1,
	7.745157,-0.7859754,0.9002799,103.5807,18.45002,354.45,0,0,0,1,
	7.752259,-0.8297307,0.9810799,103.8617,18.45003,354.375,0,0,0,1,
	7.758882,-0.8297307,0.9810799,103.8617,18.52503,354.3,0,0,0,1,
	7.764228,-0.8297307,0.9810799,103.8617,18.52502,354.225,0,0,0,1,
	7.767984,-0.8745957,1.05668,104.1426,18.52502,354.15,0,0,0,1,
	7.774648,-0.8745957,1.05668,104.1426,18.52502,354.15,0,0,0,1,
	7.779347,-0.8745957,1.05668,104.1426,18.52503,354.075,0,0,0,1,
	7.785224,-0.8745957,1.05668,104.1426,18.60003,354,0,0,0,1,
	7.791688,-0.9205698,1.12708,104.4234,18.60003,353.925,0,0,0,1,
	7.798128,-0.9205698,1.12708,104.4234,18.60003,353.85,0,0,0,1,
	7.803374,-0.9205698,1.12708,104.4234,18.60003,353.775,0,0,0,1,
	7.80951,-0.9676532,1.19228,104.7041,18.67503,353.7,0,0,0,0,
	7.818166,-0.9676532,1.19228,104.7041,18.67503,353.625,0,0,1,0,
	7.823582,-0.9676532,1.19228,104.7041,18.67503,353.625,0,0,1,0,
	7.827037,-0.9676532,1.19228,104.7041,18.67503,353.625,0,0,1,0,
	7.830626,-0.9833041,1.25228,104.9883,18.67503,353.625,0,0,1,0,
	7.835402,-0.9833041,1.25228,104.9883,18.67503,353.625,0,0,1,0,
	7.839214,-0.9833041,1.25228,104.9883,18.67503,353.625,0,0,1,0,
	7.842158,-0.9833041,1.25228,104.9883,18.67503,353.625,0,0,1,0,
	7.845564,-0.9833041,1.25228,104.9883,18.67503,353.625,0,0,1,0,
	7.84886,-0.998955,1.30708,105.2725,18.67503,353.625,0,0,1,0,
	7.85362,-0.998955,1.30708,105.2725,18.67503,353.625,0,0,1,0,
	7.856485,-0.998955,1.30708,105.2725,18.67503,353.625,0,0,1,0,
	7.860086,-0.998955,1.30708,105.2725,18.67503,353.625,0,0,1,0,
	7.863019,-0.998955,1.30708,105.2725,18.67503,353.625,0,0,1,0,
	7.867293,-0.998955,1.30708,105.2725,18.67503,353.625,0,0,1,0,
	7.870531,-1.014606,1.35668,105.5566,18.67503,353.625,0,0,1,0,
	7.874967,-1.014606,1.35668,105.5566,18.67503,353.625,0,0,1,0,
	7.878137,-1.014606,1.35668,105.5566,18.67503,353.625,0,0,1,0,
	7.881293,-1.014606,1.35668,105.5566,18.67503,353.625,0,0,1,0,
	7.88408,-1.014606,1.35668,105.5566,18.67503,353.625,0,0,1,0,
	7.887575,-1.014606,1.35668,105.5566,18.67503,353.625,0,0,1,0,
	7.890385,-1.030257,1.40108,105.8408,18.67503,353.625,0,0,1,0,
	7.894635,-1.030257,1.40108,105.8408,18.67503,353.625,0,0,1,0,
	7.89729,-1.030257,1.40108,105.8408,18.67503,353.625,0,0,1,0,
	7.90333,-1.030257,1.40108,105.8408,18.67503,353.625,0,0,1,0,
	7.909953,-1.045908,1.44028,106.125,18.67503,353.625,0,0,1,0,
	7.914566,-1.045908,1.44028,106.125,18.67503,353.625,0,0,1,0,
	7.917469,-1.045908,1.44028,106.125,18.67503,353.625,0,0,1,0,
	7.920394,-1.045908,1.44028,106.125,18.67503,353.625,0,0,1,0,
	7.923598,-1.045908,1.44028,106.125,18.67503,353.625,0,0,1,0,
	7.926339,-1.045908,1.44028,106.125,18.67503,353.625,0,0,1,0,
	7.929365,-1.061559,1.47428,106.4092,18.67503,353.625,0,0,1,0,
	7.933166,-1.061559,1.47428,106.4092,18.67503,353.625,0,0,1,0,
	7.936591,-1.061559,1.47428,106.4092,18.67503,353.625,0,0,1,0,
	7.939278,-1.061559,1.47428,106.4092,18.67503,353.625,0,0,1,0,
	7.942957,-1.061559,1.47428,106.4092,18.67503,353.625,0,0,1,0,
	7.945682,-1.061559,1.47428,106.4092,18.67503,353.625,0,0,1,0,
	7.94906,-1.07721,1.50308,106.6934,18.67503,353.625,0,0,1,0,
	7.952966,-1.07721,1.50308,106.6934,18.67503,353.625,0,0,1,0,
	7.956675,-1.07721,1.50308,106.6934,18.67503,353.625,0,0,1,0,
	7.959589,-1.07721,1.50308,106.6934,18.67503,353.625,0,0,1,0,
	7.962984,-1.07721,1.50308,106.6934,18.67503,353.625,0,0,1,0,
	7.966052,-1.07721,1.50308,106.6934,18.67503,353.625,0,0,1,0,
	7.969152,-1.092861,1.52668,106.9775,18.67503,353.625,0,0,1,0,
	7.97447,-1.092861,1.52668,106.9775,18.67503,353.625,0,0,1,0,
	7.978528,-1.092861,1.52668,106.9775,18.67503,353.625,0,0,1,0,
	7.981358,-1.092861,1.52668,106.9775,18.67503,353.625,0,0,1,0,
	7.985091,-1.092861,1.52668,106.9775,18.67503,353.625,0,0,1,0,
	7.987833,-1.108512,1.54508,107.2617,18.67503,353.625,0,0,1,0,
	7.992209,-1.108512,1.54508,107.2617,18.67503,353.625,0,0,1,0,
	7.995399,-1.108512,1.54508,107.2617,18.67503,353.625,0,0,1,0,
	7.998999,-1.108512,1.54508,107.2617,18.67503,353.625,0,0,1,0,
	8.001749,-1.108512,1.54508,107.2617,18.67503,353.625,0,0,1,0,
end
