map
	ez_square2
end

values
	0.00452960,2.40527500,1.90000000,-4.58125700,8.79999600,14.64000000,0,0,0,0,
	0.01019700,2.40527500,1.90000000,-4.58125700,8.79999600,14.64000000,0,0,0,0,
	0.01414390,2.40527500,1.90000000,-4.58125700,8.87999600,14.64000000,0,0,0,0,
	0.01761760,2.40527500,1.90000000,-4.58125700,8.87999600,14.64000000,0,0,0,0,
	0.02228840,2.40527500,1.90000000,-4.58125700,8.87999600,14.64000000,0,0,0,0,
	0.02574450,2.40527500,1.90000000,-4.58125700,8.87999600,14.64000000,0,0,0,0,
	0.03044910,2.40527500,1.90000000,-4.58125700,8.87999600,14.64000000,0,0,0,0,
	0.03348890,2.40527500,1.90000000,-4.58125700,8.87999600,14.64000000,0,0,0,0,
	0.03771450,2.40527500,1.90000000,-4.58125700,8.87999600,14.64000000,0,0,0,0,
	0.04151090,2.40527500,1.90000000,-4.58125700,8.87999600,14.64000000,0,0,0,0,
	0.04629650,2.40527500,1.90000000,-4.58125700,8.87999600,14.64000000,0,0,0,0,
	0.05112800,2.40527500,1.90000000,-4.58125700,8.87999600,14.64000000,0,0,0,0,
	0.05474390,2.40527500,1.90000000,-4.58125700,8.87999600,14.64000000,0,0,0,0,
	0.05955970,2.40527500,1.90000000,-4.58125700,8.87999600,14.64000000,0,0,0,0,
	0.06423090,2.40527500,1.90000000,-4.58125700,8.87999600,14.64000000,0,0,0,0,
	0.06754640,2.40527500,1.90000000,-4.58125700,8.87999600,14.64000000,0,0,0,0,
	0.07202461,2.40527500,1.90000000,-4.58125700,8.87999600,14.64000000,0,0,0,0,
	0.07493410,2.40527500,1.90000000,-4.58125700,8.87999600,14.64000000,0,0,0,0,
	0.07909121,2.40527500,1.90000000,-4.58125700,8.87999600,14.64000000,0,0,0,0,
	0.08230621,2.40527500,1.90000000,-4.58125700,8.87999600,14.64000000,0,0,0,0,
	0.08715910,2.40527500,1.90000000,-4.58125700,8.87999600,14.64000000,0,0,0,0,
	0.09476271,2.40527500,1.90000000,-4.58125700,8.87999600,14.64000000,1,0,0,0,
	0.10074270,2.40527500,1.90000000,-4.58125700,8.87999600,14.64000000,1,0,0,0,
	0.10603790,2.40799300,1.90000000,-4.57085000,8.87999600,14.64000000,1,0,0,0,
	0.11046750,2.40799300,1.90000000,-4.57085000,8.87999600,14.64000000,1,0,0,0,
	0.11457890,2.40799300,1.90000000,-4.57085000,8.87999600,14.64000000,1,0,0,0,
	0.11993750,2.40799300,1.90000000,-4.57085000,8.87999600,14.64000000,1,0,0,0,
	0.12472650,2.41265200,1.90000000,-4.55301400,8.95999400,14.64000000,1,0,0,0,
	0.12892400,2.41265200,1.90000000,-4.55301400,9.03999700,14.64000000,1,0,0,0,
	0.13428260,2.41265200,1.90000000,-4.55301400,9.03999700,14.64000000,1,0,0,0,
	0.13923260,2.41265200,1.90000000,-4.55301400,9.11999500,14.64000000,1,0,0,0,
	0.14494780,2.41926200,1.90000000,-4.52771100,9.19999700,14.64000000,1,0,0,0,
	0.15128150,2.41926200,1.90000000,-4.52771100,9.27999700,14.64000000,1,0,0,0,
	0.15733940,2.41926200,1.90000000,-4.52771100,9.35999500,14.64000000,1,0,0,0,
	0.16318500,2.42770200,1.90000000,-4.49540100,9.51999500,14.64000000,1,0,0,0,
	0.16991770,2.42770200,1.90000000,-4.49540100,9.59999500,14.64000000,1,0,0,0,
	0.17552000,2.42770200,1.90000000,-4.49540100,9.75999500,14.64000000,1,0,0,0,
	0.18000330,2.42770200,1.90000000,-4.49540100,9.91999500,14.64000000,1,0,0,0,
	0.18499970,2.43843400,1.90000000,-4.45431900,10.07999000,14.64000000,1,0,0,0,
	0.19128840,2.43843400,1.90000000,-4.45431900,10.16000000,14.72000000,1,0,0,0,
	0.19717500,2.43843400,1.90000000,-4.45431900,10.39999000,14.72000000,1,0,0,0,
	0.20348550,2.45093400,1.90000000,-4.40660000,10.63999000,14.80000000,1,0,0,0,
	0.20871970,2.45093400,1.90000000,-4.40660000,10.79999000,14.80000000,1,0,0,0,
	0.21387450,2.45093400,1.90000000,-4.40660000,10.95999000,14.88000000,1,0,0,0,
	0.22035070,2.45093400,1.90000000,-4.40660000,11.19999000,14.96000000,1,0,0,0,
	0.22613330,2.46587900,1.90000000,-4.34993900,11.43999000,15.04000000,1,0,0,0,
	0.23257080,2.46587900,1.90000000,-4.34993900,11.59999000,15.04000000,1,0,0,0,
	0.23821500,2.46587900,1.90000000,-4.34993900,11.91999000,15.20000000,1,0,0,0,
	0.24515470,2.48277100,1.90000000,-4.28640200,12.15999000,15.28000000,1,0,0,0,
	0.25144070,2.48277100,1.90000000,-4.28640200,12.39999000,15.36000000,1,0,0,0,
	0.25589700,2.48277100,1.90000000,-4.28640200,12.71999000,15.52000000,1,0,0,0,
	0.26169890,2.48277100,1.90000000,-4.28640200,12.95999000,15.60000000,1,0,0,0,
	0.26781760,2.50233500,1.90000000,-4.21385700,13.19999000,15.68000000,1,0,0,0,
	0.27558310,2.50233500,1.90000000,-4.21385700,13.51999000,15.84000000,1,0,0,0,
	0.28261140,2.50233500,1.90000000,-4.21385700,13.91999000,16.08000000,1,0,0,0,
	0.28893240,2.52444400,1.90000000,-4.13333800,14.31999000,16.32000000,1,0,0,0,
	0.29704000,2.52444400,1.90000000,-4.13333800,14.63999000,16.48000000,1,0,0,0,
	0.30243520,2.52444400,1.90000000,-4.13333800,15.03999000,16.72000000,1,0,0,0,
	0.30823980,2.54911700,1.90000000,-4.04530700,15.35999000,16.88000000,1,0,0,0,
	0.31381820,2.54911700,1.90000000,-4.04530700,15.67999000,17.04000000,1,0,0,0,
	0.31844830,2.54911700,1.90000000,-4.04530700,15.91999000,17.20000000,1,0,0,0,
	0.32477830,2.57595400,1.90000000,-3.95123600,16.15999000,17.36000000,1,0,0,0,
	0.33298690,2.57595400,1.90000000,-3.95123600,16.47999000,17.52000000,1,0,0,0,
	0.34020690,2.57595400,1.90000000,-3.95123600,16.95999000,17.67999000,1,0,0,0,
	0.34656160,2.60585200,1.90000000,-3.84900000,17.27999000,17.84000000,1,0,0,0,
	0.35336340,2.60585200,1.90000000,-3.84900000,17.59999000,18.00000000,1,0,0,0,
	0.36332060,2.63763800,1.90000000,-3.74184000,17.91999000,18.08000000,1,0,0,0,
	0.37033580,2.63763800,1.90000000,-3.74184000,18.39999000,18.32000000,1,0,0,0,
	0.37609290,2.63763800,1.90000000,-3.74184000,18.79999000,18.48000000,1,0,0,0,
	0.38274040,2.63763800,1.90000000,-3.74184000,19.11999000,18.64000000,1,0,0,0,
	0.38857020,2.67377300,1.90000000,-3.62373400,19.43998000,18.72000000,1,0,0,0,
	0.39440720,2.67377300,1.90000000,-3.62373400,19.75998000,18.88000000,1,0,0,0,
	0.40182610,2.67377300,1.90000000,-3.62373400,20.07999000,19.04000000,1,0,0,0,
	0.40764840,2.71283000,1.90000000,-3.49855100,20.47998000,19.20000000,1,0,0,0,
	0.41375790,2.71283000,1.90000000,-3.49855100,20.79999000,19.35999000,1,0,0,0,
	0.42080720,2.71283000,1.90000000,-3.49855100,21.11998000,19.43999000,1,0,0,0,
	0.42843030,2.75486700,1.90000000,-3.36636100,21.35999000,19.59999000,1,0,0,0,
	0.43616370,2.75486700,1.90000000,-3.36636100,21.67998000,19.67999000,1,0,0,0,
	0.44223540,2.75486700,1.90000000,-3.36636100,22.07998000,19.83999000,1,0,0,0,
	0.45125500,2.80031700,1.90000000,-3.22627900,22.31998000,19.91999000,1,0,0,0,
	0.45694050,2.80031700,1.90000000,-3.22627900,22.63998000,20.07999000,1,0,0,0,
	0.46372110,2.84814300,1.90000000,-3.08079600,22.95998000,20.15999000,1,0,0,0,
	0.46998780,2.84814300,1.90000000,-3.08079600,23.27998000,20.23999000,1,0,0,0,
	0.47667020,2.84814300,1.90000000,-3.08079600,23.51999000,20.32000000,1,0,0,0,
	0.48325830,2.89676000,1.90000000,-2.93457900,23.75998000,20.32000000,1,0,0,0,
	0.48972460,2.89676000,1.90000000,-2.93457900,24.07998000,20.39999000,1,0,0,0,
	0.49740680,2.89676000,1.90000000,-2.93457900,24.31998000,20.47999000,1,0,0,0,
	0.50289630,2.94586600,1.90000000,-2.78852200,24.63998000,20.55999000,1,0,0,0,
	0.50849270,2.94586600,1.90000000,-2.78852200,24.79998000,20.55999000,1,0,0,0,
	0.51450440,2.94586600,1.90000000,-2.78852200,25.03998000,20.63999000,1,0,0,0,
	0.52112990,2.94586600,1.90000000,-2.78852200,25.27998000,20.63999000,1,0,0,0,
	0.52579450,2.99551500,1.90000000,-2.64265300,25.51998000,20.71999000,1,0,0,0,
	0.53195500,2.99551500,1.90000000,-2.64265300,25.67998000,20.71999000,1,0,0,0,
	0.53781200,2.99551500,1.90000000,-2.64265300,25.91998000,20.79999000,1,0,0,0,
	0.54303080,3.04553400,1.90000000,-2.49691600,26.07998000,20.79999000,1,0,0,0,
	0.54760350,3.04553400,1.90000000,-2.49691600,26.23998000,20.79999000,1,0,0,0,
	0.55329150,3.04553400,1.90000000,-2.49691600,26.39998000,20.79999000,1,0,0,0,
	0.55888640,3.04553400,1.90000000,-2.49691600,26.55998000,20.88000000,1,0,0,0,
	0.56479060,3.09599600,1.90000000,-2.35134200,26.63998000,20.87999000,1,0,0,0,
	0.57027220,3.09599600,1.90000000,-2.35134200,26.79998000,20.88000000,1,0,0,0,
	0.57463900,3.09599600,1.90000000,-2.35134200,26.87998000,20.88000000,1,0,0,0,
	0.58012120,3.09599600,1.90000000,-2.35134200,26.95998000,20.88000000,1,0,0,0,
	0.58559420,3.14687100,1.90000000,-2.20592400,27.03998000,20.87999000,1,0,0,0,
	0.59086560,3.14687100,1.90000000,-2.20592400,27.11998000,20.88000000,1,0,0,0,
	0.59553780,3.14687100,1.90000000,-2.20592400,27.19998000,20.88000000,1,0,0,0,
	0.60157530,3.14687100,1.90000000,-2.20592400,27.27998000,20.88000000,1,0,0,0,
	0.60712220,3.19812300,1.90000000,-2.06065100,27.35998000,20.87999000,1,0,0,0,
	0.61233250,3.19812300,1.90000000,-2.06065100,27.43998000,20.88000000,1,0,0,0,
	0.61629280,3.19812300,1.90000000,-2.06065100,27.51998000,20.88000000,1,0,0,0,
	0.62123010,3.19812300,1.90000000,-2.06065100,27.59998000,20.87999000,1,0,0,0,
	0.62648560,3.24968800,1.90000000,-1.91549700,27.67998000,20.87999000,1,0,0,0,
	0.63286360,3.24968800,1.90000000,-1.91549700,27.75998000,20.79999000,1,0,0,0,
	0.63710350,3.24968800,1.90000000,-1.91549700,27.83998000,20.79999000,1,0,0,0,
	0.64245320,3.24968800,1.90000000,-1.91549700,27.91998000,20.79999000,1,0,0,0,
	0.64811060,3.30154300,1.90000000,-1.77045800,27.99998000,20.79999000,1,0,0,0,
	0.65291990,3.30154300,1.90000000,-1.77045800,28.07998000,20.71999000,1,0,0,0,
	0.65694890,3.30154300,1.90000000,-1.77045800,28.15998000,20.71999000,1,0,0,0,
	0.66506830,3.35356500,1.90000000,-1.62548700,28.15998000,20.71999000,1,0,0,0,
	0.66977780,3.35356500,1.90000000,-1.62548700,28.31998000,20.64000000,1,0,0,0,
	0.67400030,3.35356500,1.90000000,-1.62548700,28.31998000,20.64000000,1,0,0,0,
	0.67853560,3.35356500,1.90000000,-1.62548700,28.39998000,20.63999000,1,0,0,0,
	0.68265250,3.35356500,1.90000000,-1.62548700,28.47998000,20.55999000,1,0,0,0,
	0.68565450,3.40583000,1.90000000,-1.48061400,28.47998000,20.55999000,1,0,0,0,
	0.69153330,3.40583000,1.90000000,-1.48061400,28.47998000,20.55999000,1,0,0,0,
	0.69661070,3.40583000,1.90000000,-1.48061400,28.55998000,20.48000000,1,0,0,0,
	0.70513830,3.45819800,1.90000000,-1.33578200,28.63998000,20.47999000,1,0,0,0,
	0.71638270,3.45819800,1.90000000,-1.33578200,28.71998000,20.39999000,1,0,0,0,
	0.72037850,3.45819800,1.90000000,-1.33578200,28.79998000,20.40000000,1,0,0,0,
	0.72598480,3.51069700,1.90000000,-1.19100400,28.79998000,20.31999000,1,0,0,0,
	0.73047020,3.51069700,1.90000000,-1.19100400,28.87998000,20.31999000,1,0,0,0,
	0.73486220,3.51069700,1.90000000,-1.19100400,28.87998000,20.31999000,1,0,0,0,
	0.74131280,3.51069700,1.90000000,-1.19100400,28.87998000,20.23999000,1,0,0,0,
	0.74541510,3.56327700,1.90000000,-1.04625600,28.95998000,20.24000000,1,0,0,0,
	0.74912260,3.56327700,1.90000000,-1.04625600,28.95998000,20.24000000,1,0,0,0,
	0.75455480,3.56327700,1.90000000,-1.04625600,28.95998000,20.24000000,1,0,0,0,
	0.75933740,3.56327700,1.90000000,-1.04625600,28.95998000,20.16000000,1,0,0,0,
	0.76235330,3.56327700,1.90000000,-1.04625600,28.95998000,20.16000000,1,0,0,0,
	0.76737740,3.61590800,1.90000000,-0.90152770,28.95998000,20.16000000,1,0,0,0,
	0.77354450,3.61590800,1.90000000,-0.90152770,29.03998000,20.16000000,1,0,0,0,
	0.77637610,3.61590800,1.90000000,-0.90152770,29.03998000,20.16000000,1,0,0,0,
	0.78027530,3.61590800,1.90000000,-0.90152770,29.03998000,20.16000000,1,0,0,0,
	0.78304030,3.66857400,1.90000000,-0.75681270,29.03998000,20.16000000,1,0,0,0,
	0.78807180,3.66857400,1.90000000,-0.75681270,29.03998000,20.16000000,1,0,0,0,
	0.79082820,3.66857400,1.90000000,-0.75681270,29.03998000,20.16000000,1,0,0,0,
	0.79534070,3.66857400,1.90000000,-0.75681270,29.03998000,20.16000000,1,0,0,0,
	0.79819310,3.66857400,1.90000000,-0.75681270,29.03998000,20.16000000,1,0,0,0,
	0.80330340,3.72127300,1.90000000,-0.61210950,29.03998000,20.16000000,1,0,0,0,
	0.80821920,3.72127300,1.90000000,-0.61210950,29.03998000,20.16000000,1,0,0,0,
	0.81110980,3.72127300,1.90000000,-0.61210950,29.03998000,20.16000000,1,0,0,0,
	0.81541580,3.72127300,1.90000000,-0.61210950,29.03998000,20.16000000,1,0,0,0,
	0.81914110,3.72127300,1.90000000,-0.61210950,29.03998000,20.16000000,1,0,0,0,
	0.82333270,3.77400600,1.90000000,-0.46741900,29.03998000,20.16000000,1,0,0,0,
	0.82877160,3.77400600,1.90000000,-0.46741900,29.03998000,20.16000000,1,0,0,0,
	0.83307330,3.77400600,1.90000000,-0.46741900,29.03998000,20.16000000,1,0,0,0,
	0.83690860,3.77400600,1.90000000,-0.46741900,29.03998000,20.16000000,1,0,0,0,
	0.84011550,3.77400600,1.90000000,-0.46741900,29.03998000,20.16000000,1,0,0,0,
	0.84411380,3.82677100,1.90000000,-0.32274000,29.03998000,20.16000000,1,0,0,0,
	0.84927950,3.82677100,1.90000000,-0.32274000,29.03998000,20.16000000,1,0,0,0,
	0.85252680,3.82677100,1.90000000,-0.32274000,29.03998000,20.16000000,1,0,0,0,
	0.85691070,3.82677100,1.90000000,-0.32274000,29.03998000,20.16000000,1,0,0,0,
	0.86226980,3.82677100,1.90000000,-0.32274000,29.03998000,20.16000000,1,0,0,0,
	0.86738450,3.87956000,1.90000000,-0.17807050,29.03998000,20.07999000,1,0,0,0,
	0.87257200,3.87956000,1.90000000,-0.17807050,29.03998000,20.07999000,1,0,0,0,
	0.87869170,3.87956000,1.90000000,-0.17807050,29.03998000,20.07999000,1,0,0,0,
	0.88454350,3.93235300,2.01060000,-0.03340239,29.03998000,20.07999000,1,0,0,0,
	0.88819280,3.93235300,2.01060000,-0.03340239,29.03998000,20.00000000,1,0,0,0,
	0.89648800,3.93235300,2.01060000,-0.03340239,29.03998000,20.00000000,1,0,0,0,
	0.90162370,3.93235300,2.01060000,-0.03340239,29.03998000,19.91999000,1,0,0,0,
	0.90613160,3.98514700,2.11480000,0.11126570,29.11998000,19.84000000,1,0,0,0,
	0.91196890,3.98514700,2.11480000,0.11126570,29.11998000,19.84000000,1,0,0,0,
	0.91540800,3.98514700,2.11480000,0.11126570,29.11998000,19.75999000,1,0,0,0,
	0.92141750,3.98514700,2.11480000,0.11126570,29.11998000,19.75999000,1,0,0,0,
	0.92739330,4.03794100,2.21260000,0.25593380,29.11998000,19.67999000,1,0,0,0,
	0.93180410,4.03794100,2.21260000,0.25593380,29.11998000,19.67999000,1,0,0,0,
	0.93675330,4.03794100,2.21260000,0.25593380,29.11998000,19.67999000,1,0,0,0,
	0.94179240,4.03794100,2.21260000,0.25593380,29.11998000,19.60000000,1,0,0,0,
	0.94638660,4.09073400,2.30400000,0.40060190,29.11998000,19.60000000,1,0,0,0,
	0.95223930,4.09073400,2.30400000,0.40060190,29.11998000,19.60000000,1,0,1,0,
	0.95777900,4.09073400,2.30400000,0.40060190,29.11998000,19.60000000,1,0,1,0,
	0.96229390,4.09073400,2.30400000,0.40060190,29.11998000,19.60000000,1,0,1,0,
	0.96607700,4.14352800,2.38900000,0.54527000,29.11998000,19.60000000,1,0,1,0,
	0.97061400,4.14352800,2.38900000,0.54527000,29.11998000,19.60000000,1,0,1,0,
	0.97521500,4.14352800,2.38900000,0.54527000,29.11998000,19.60000000,1,0,1,0,
	0.97874870,4.14352800,2.38900000,0.54527000,29.11998000,19.60000000,1,0,1,0,
	0.98316510,4.19632100,2.46760000,0.68993810,29.11998000,19.60000000,1,0,1,0,
	0.98832880,4.19632100,2.46760000,0.68993810,29.11998000,19.60000000,1,0,1,0,
	0.99324380,4.19632100,2.46760000,0.68993810,29.11998000,19.60000000,1,0,1,0,
	1.00192300,4.19632100,2.46760000,0.68993810,29.11998000,19.67999000,0,0,1,0,
	1.01204800,4.26214800,2.53980000,0.82986250,29.11998000,20.00000000,0,0,1,0,
	1.02156500,4.26214800,2.53980000,0.82986250,29.03998000,20.63999000,0,0,1,0,
	1.03005100,4.33198800,2.60560000,0.96822870,29.03998000,21.59999000,0,0,1,0,
	1.04474000,4.40402100,2.66500000,1.10568800,28.95998000,22.48000000,0,0,1,0,
	1.05749700,4.40402100,2.66500000,1.10568800,28.87998000,25.03999000,0,0,1,0,
	1.06438800,4.48809300,2.71800000,1.23722200,28.87998000,27.43999000,0,0,1,0,
	1.07558100,4.48809300,2.71800000,1.23722200,28.79998000,28.71999000,0,0,1,0,
	1.08161300,4.48809300,2.71800000,1.23722200,28.79998000,31.35999000,0,0,1,0,
	1.08862800,4.58447600,2.76460000,1.36133800,28.79998000,32.72000000,0,0,1,0,
	1.10081300,4.58447600,2.76460000,1.36133800,28.71998000,34.24000000,0,0,1,1,
	1.11509500,4.68429500,2.80480000,1.48311500,28.55998000,36.64000000,0,0,0,1,
	1.12765400,4.77278100,2.83860000,1.61410900,28.39998000,39.11999000,0,0,0,1,
	1.13440900,4.77278100,2.83860000,1.61410900,28.15998000,40.71999000,0,0,0,1,
	1.14041900,4.77278100,2.83860000,1.61410900,28.07998000,41.36000000,0,0,0,1,
	1.14512400,4.86126700,2.86600000,1.74510200,27.99998000,41.67999000,0,0,0,1,
	1.14945000,4.86126700,2.86600000,1.74510200,27.99998000,41.83999000,0,0,0,1,
	1.15366200,4.86126700,2.86600000,1.74510200,27.99998000,41.83999000,0,0,0,1,
	1.15757500,4.86126700,2.86600000,1.74510200,27.91998000,41.84000000,0,0,0,1,
	1.16187900,4.86126700,2.86600000,1.74510200,27.91998000,41.84000000,0,0,0,1,
	1.16492100,4.94975300,2.88700000,1.87609600,27.91998000,41.84000000,0,0,0,1,
	1.17016200,4.94975300,2.88700000,1.87609600,27.91998000,41.84000000,0,0,0,1,
	1.17508600,4.94975300,2.88700000,1.87609600,27.91998000,41.75999000,0,0,0,1,
	1.17980900,4.94975300,2.88700000,1.87609600,27.91998000,41.59999000,0,0,0,1,
	1.18559000,5.03823900,2.90160000,2.00708900,27.83998000,41.35999000,0,0,0,1,
	1.19234400,5.03823900,2.90160000,2.00708900,27.75998000,40.95999000,0,0,0,1,
	1.19997300,5.03823900,2.90160000,2.00708900,27.67998000,40.31999000,0,0,0,1,
	1.20804200,5.12672600,2.90980000,2.13808300,27.59998000,39.35999000,0,0,0,1,
	1.22370700,5.21313600,2.91160000,2.27070800,27.51998000,38.15999000,0,0,0,1,
	1.22926800,5.21313600,2.91160000,2.27070800,27.19998000,35.51999000,0,0,0,1,
	1.24025500,5.21313600,2.91160000,2.27070800,27.11998000,34.39999000,0,0,0,1,
	1.24804100,5.28485500,2.90700000,2.41315600,26.87998000,31.75999000,0,0,0,1,
	1.25574300,5.28485500,2.90700000,2.41315600,26.79998000,30.15999000,0,0,0,1,
	1.26159500,5.28485500,2.90700000,2.41315600,26.63998000,28.39999000,0,0,0,1,
	1.26809000,5.34525200,2.89600000,2.56179100,26.55998000,27.11999000,0,0,0,1,
	1.27565000,5.34525200,2.89600000,2.56179100,26.47998000,25.43999000,0,0,0,1,
	1.28269900,5.34525200,2.89600000,2.56179100,26.47998000,23.75999000,0,0,0,1,
	1.28951000,5.39295200,2.87860000,2.71602800,26.39998000,22.15999000,0,0,0,1,
	1.29917300,5.39295200,2.87860000,2.71602800,26.39998000,20.55999000,0,0,0,1,
	1.30978500,5.43132000,2.85480000,2.87357300,26.31998000,18.63999000,0,0,0,1,
	1.31759700,5.43132000,2.85480000,2.87357300,26.23998000,16.15999000,0,0,0,1,
	1.32366200,5.45835600,2.82460000,3.03425600,26.23998000,14.47999000,0,0,0,1,
	1.33083200,5.45835600,2.82460000,3.03425600,26.15998000,13.11999000,0,0,0,1,
	1.33982000,5.45835600,2.82460000,3.03425600,26.15998000,11.51999000,0,0,0,1,
	1.34571100,5.47156400,2.78800000,3.19766400,26.07998000,9.51998800,0,0,0,1,
	1.35473100,5.47156400,2.78800000,3.19766400,26.07998000,8.23998900,0,0,0,1,
	1.36575200,5.47547300,2.74500000,3.36221700,25.99998000,6.23998800,0,0,0,1,
	1.37299500,5.47547300,2.74500000,3.36221700,25.91998000,3.83998800,0,0,0,1,
	1.37971800,5.47547300,2.74500000,3.36221700,25.91998000,2.23998800,0,0,0,1,
	1.38914100,5.46424100,2.69560000,3.52747300,25.91998000,0.95998820,0,0,0,1,
	1.40061900,5.46424100,2.69560000,3.52747300,25.83998000,358.96000000,0,0,0,1,
	1.40998800,5.43962100,2.63980000,3.69213300,25.83998000,356.32000000,0,0,0,1,
	1.41553500,5.43962100,2.63980000,3.69213300,25.83998000,354.32000000,0,0,0,1,
	1.42262600,5.43962100,2.63980000,3.69213300,25.83998000,352.96000000,0,0,0,1,
	1.42861800,5.40093700,2.57760000,3.85507800,25.83998000,351.44000000,0,0,0,1,
	1.43688100,5.40093700,2.57760000,3.85507800,25.83998000,350.08000000,0,0,0,1,
	1.44281800,5.40093700,2.57760000,3.85507800,25.83998000,348.32000000,0,0,0,1,
	1.45009000,5.34898100,2.68820000,4.01528200,25.83998000,346.80000000,0,0,0,1,
	1.45697800,5.34898100,2.68820000,4.01528200,25.83998000,345.36000000,0,0,0,1,
	1.46581500,5.28820400,2.79240000,4.17303300,25.83998000,343.68000000,0,0,0,1,
	1.47162600,5.28820400,2.79240000,4.17303300,25.75998000,341.76000000,0,0,0,1,
	1.48382000,5.21827900,2.89020000,4.32766900,25.75998000,340.40000000,0,0,0,1,
	1.49101600,5.21827900,2.89020000,4.32766900,25.75998000,338.08000000,0,0,0,1,
	1.49851500,5.21827900,2.89020000,4.32766900,25.67998000,336.80000000,0,0,0,1,
	1.50478700,5.13441100,2.98160000,4.47636500,25.59998000,335.28000000,0,0,0,1,
	1.51449100,5.13441100,2.98160000,4.47636500,25.59999000,334.16000000,0,0,0,1,
	1.52401400,5.04373800,3.06660000,4.62164500,25.43998000,332.72000000,0,0,0,1,
	1.53025000,5.04373800,3.06660000,4.62164500,25.35998000,331.20000000,0,0,0,1,
	1.53521200,5.04373800,3.06660000,4.62164500,25.27999000,330.24000000,0,0,0,1,
	1.54508000,4.94454500,3.14520000,4.76210400,25.19998000,329.44000000,0,0,0,1,
	1.55107000,4.94454500,3.14520000,4.76210400,25.03998000,328.16000000,0,0,0,1,
	1.55733100,4.94454500,3.14520000,4.76210400,24.95998000,327.44000000,0,0,0,1,
	1.56786900,4.83887100,3.21740000,4.89846100,24.87998000,326.88000000,0,0,0,1,
	1.57378000,4.83887100,3.21740000,4.89846100,24.79998000,325.84000000,0,0,0,1,
	1.58297600,4.72962200,3.28320000,5.03238200,24.71998000,325.44000000,0,0,1,1,
	1.59488800,4.72962200,3.28320000,5.03238200,24.63998000,324.96000000,0,0,1,0,
	1.60422800,4.63982200,3.34260000,5.18006400,24.63998000,324.72000000,0,0,1,0,
	1.61751400,4.63982200,3.34260000,5.18006400,24.55998000,324.72000000,0,0,1,0,
	1.62352500,4.55166300,3.39560000,5.32890700,24.55998000,324.72000000,0,0,1,0,
	1.63139900,4.55166300,3.39560000,5.32890700,24.55998000,324.72000000,0,0,1,0,
	1.63685600,4.55166300,3.39560000,5.32890700,24.55998000,324.72000000,0,0,1,0,
	1.64432000,4.46350400,3.44220000,5.47775000,24.55998000,324.72000000,0,0,1,0,
	1.65159700,4.46350400,3.44220000,5.47775000,24.47998000,324.88000000,0,0,1,0,
	1.65791200,4.46350400,3.44220000,5.47775000,24.47998000,324.96000000,0,0,1,0,
	1.66462200,4.37633100,3.48240000,5.62728400,24.47998000,325.12000000,0,0,1,0,
	1.67136100,4.37633100,3.48240000,5.62728400,24.39998000,325.28000000,0,0,1,0,
	1.67767900,4.37633100,3.48240000,5.62728400,24.39998000,325.44000000,0,0,1,0,
	1.68501700,4.29034900,3.51620000,5.77763700,24.39998000,325.60000000,0,0,1,0,
	1.69235300,4.29034900,3.51620000,5.77763700,24.31998000,325.84000000,0,0,1,0,
	1.70100600,4.29034900,3.51620000,5.77763700,24.31998000,326.16000000,0,0,1,0,
	1.70804900,4.20697500,3.54360000,5.92973100,24.23998000,326.64000000,0,0,1,0,
	1.71903700,4.20697500,3.54360000,5.92973100,24.23998000,327.12000000,0,0,1,0,
	1.72873600,4.12707400,3.56460000,6.08402000,24.23998000,328.00000000,0,0,1,0,
	1.73919100,4.12707400,3.56460000,6.08402000,24.15998000,329.04000000,0,0,1,0,
	1.74722500,4.05323800,3.57920000,6.24184700,24.15998000,330.32000000,0,0,1,0,
	1.76280000,4.05323800,3.57920000,6.24184700,24.15998000,331.44000000,0,0,1,0,
	1.77083300,3.98848900,3.58739900,6.40431600,24.07998000,333.68000000,0,0,1,0,
	1.78302500,3.92704800,3.58920000,6.56833700,24.07998000,334.88000000,0,0,1,0,
	1.79221500,3.92704800,3.58920000,6.56833700,24.07998000,336.72000000,0,0,1,0,
	1.80141800,3.92704800,3.58920000,6.56833700,23.99998000,338.16000000,0,0,1,0,
	1.81048600,3.87944500,3.58459900,6.73790900,23.99998000,339.76000000,0,0,1,0,
	1.81875800,3.87944500,3.58459900,6.73790900,23.99998000,341.44000000,0,0,1,0,
	1.82825700,3.84095600,3.57360000,6.91042300,23.99998000,342.88000000,0,0,1,0,
	1.83955700,3.84095600,3.57360000,6.91042300,23.99998000,344.48000000,0,0,1,0,
	1.84705400,3.81418100,3.55620000,7.08589000,24.07999000,346.80000000,0,0,1,0,
	1.85719400,3.81418100,3.55620000,7.08589000,24.07998000,348.32000000,0,0,1,0,
	1.86481300,3.79835900,3.53240000,7.26338200,24.15998000,350.40000000,0,0,1,0,
	1.87501800,3.79835900,3.53240000,7.26338200,24.15998000,352.08000000,0,0,1,0,
	1.88273100,3.79835900,3.53240000,7.26338200,24.23998000,354.08000000,0,0,1,0,
	1.89148200,3.80010700,3.50220000,7.44266000,24.31998000,356.08000000,0,0,1,0,
	1.90107100,3.80010700,3.50220000,7.44266000,24.31998000,357.68000000,0,0,1,0,
	1.90830600,3.81410700,3.50044000,7.62214100,24.39998000,-0.00001335,0,0,1,0,
	1.91660800,3.81410700,3.50044000,7.62214100,24.47998000,1.91998600,0,0,1,0,
	1.92257300,3.81410700,3.50044000,7.62214100,24.47998000,3.99998700,0,0,1,0,
	1.92871900,3.84565900,3.61104000,7.80047200,24.55998000,5.59998800,0,0,1,0,
	1.93438700,3.84565900,3.61104000,7.80047200,24.63998000,7.27998700,0,0,1,0,
	1.94025800,3.84565900,3.61104000,7.80047200,24.63998000,8.87998800,0,0,1,0,
	1.94470100,3.89170100,3.71524000,7.97658500,24.71998000,10.23999000,0,0,1,0,
	1.95058100,3.89170100,3.71524000,7.97658500,24.79998000,11.59999000,0,0,1,0,
	1.95620200,3.89170100,3.71524000,7.97658500,24.87998000,13.27999000,0,0,1,0,
	1.96461500,3.95109900,3.81304000,8.14958300,24.95998000,14.55999000,0,0,1,0,
	1.97052700,3.95109900,3.81304000,8.14958300,25.03998000,17.19999000,0,0,1,0,
	1.97606800,3.95109900,3.81304000,8.14958300,25.11998000,18.87999000,0,0,1,0,
	1.98127200,3.95109900,3.81304000,8.14958300,25.11998000,20.23999000,0,0,1,0,
	1.98576800,4.03245500,3.90444000,8.31494300,25.19998000,21.83999000,0,0,1,0,
	1.99157600,4.03245500,3.90444000,8.31494300,25.27998000,23.19999000,0,0,1,0,
	1.99754000,4.03245500,3.90444000,8.31494300,25.27998000,25.11999000,0,0,1,0,
	2.00342900,4.12824400,3.98944000,8.47352300,25.35998000,26.79999000,0,0,1,0,
	2.00894400,4.12824400,3.98944000,8.47352300,25.43998000,28.71999000,0,0,1,0,
	2.01378100,4.12824400,3.98944000,8.47352300,25.43998000,30.15999000,0,0,1,0,
	2.01903000,4.12824400,3.98944000,8.47352300,25.43998000,31.43999000,0,0,1,0,
	2.02657900,4.24138000,4.06804000,8.62179400,25.43998000,33.03999000,0,0,1,0,
	2.03266500,4.24138000,4.06804000,8.62179400,25.43998000,35.11999000,0,0,1,0,
	2.03964500,4.24138000,4.06804000,8.62179400,25.43998000,36.79999000,0,0,1,0,
	2.04558900,4.36871400,4.14024000,8.75949000,25.43998000,38.48000000,0,0,1,0,
	2.05126800,4.36871400,4.14024000,8.75949000,25.43998000,39.83999000,0,0,1,0,
	2.05581200,4.36871400,4.14024000,8.75949000,25.43998000,41.03999000,0,0,1,0,
	2.06128400,4.36871400,4.14024000,8.75949000,25.43998000,42.00000000,0,0,1,0,
	2.06661900,4.50743800,4.20604000,8.88714800,25.43998000,43.12000000,0,0,1,0,
	2.07479700,4.50743800,4.20604000,8.88714800,25.43998000,44.00000000,0,0,1,0,
	2.08052200,4.50743800,4.20604000,8.88714800,25.35998000,45.43999000,0,0,1,0,
	2.08808700,4.65374000,4.26544000,9.00713700,25.35998000,46.39999000,0,0,1,0,
	2.09507600,4.65374000,4.26544000,9.00713700,25.35998000,47.27999000,0,0,1,0,
	2.10122700,4.65374000,4.26544000,9.00713700,25.35998000,48.15999000,0,0,1,0,
	2.10817800,4.80516600,4.31844000,9.12144500,25.27998000,48.71999000,0,0,1,0,
	2.11484900,4.80516600,4.31844000,9.12144500,25.27998000,49.20000000,0,0,1,0,
	2.12058800,4.80516600,4.31844000,9.12144500,25.19998000,49.52000000,0,0,1,0,
	2.12522300,4.95882700,4.36504000,9.23314200,25.19998000,49.75999000,0,0,1,0,
	2.13055600,4.95882700,4.36504000,9.23314200,25.19998000,49.84000000,0,0,1,0,
	2.13566500,4.95882700,4.36504000,9.23314200,25.19998000,49.91999000,0,0,1,0,
	2.13964100,4.95882700,4.36504000,9.23314200,25.19998000,49.91999000,0,0,1,1,
	2.14609400,5.11282900,4.40524000,9.34443500,25.19998000,49.91999000,0,0,0,1,
	2.15207600,5.11282900,4.40524000,9.34443500,25.19998000,49.91999000,0,0,0,1,
	2.15612000,5.11282900,4.40524000,9.34443500,25.19998000,49.91999000,0,0,0,1,
	2.15927300,5.11282900,4.40524000,9.34443500,25.19998000,49.91999000,0,0,0,1,
	2.16443000,5.24880300,4.43904000,9.47715200,25.19998000,49.91999000,0,0,0,1,
	2.16788000,5.24880300,4.43904000,9.47715200,25.19998000,49.84000000,0,0,0,1,
	2.17224600,5.24880300,4.43904000,9.47715200,25.19998000,49.84000000,0,0,0,1,
	2.17732200,5.24880300,4.43904000,9.47715200,25.19998000,49.75999000,0,0,0,1,
	2.18140600,5.24880300,4.43904000,9.47715200,25.19998000,49.60000000,0,0,0,1,
	2.18648700,5.38374800,4.46644000,9.61107800,25.19998000,49.44000000,0,0,0,1,
	2.19187900,5.38374800,4.46644000,9.61107800,25.19998000,49.27999000,0,0,0,1,
	2.19739700,5.38374800,4.46644000,9.61107800,25.19998000,49.03999000,0,0,0,1,
	2.20115200,5.38374800,4.46644000,9.61107800,25.27998000,48.79999000,0,0,0,1,
	2.20666100,5.51677700,4.48744000,9.74720000,25.27998000,48.55999000,0,0,0,1,
	2.21295900,5.51677700,4.48744000,9.74720000,25.35998000,48.23999000,0,0,0,1,
	2.21735100,5.51677700,4.48744000,9.74720000,25.35998000,47.83999000,0,0,0,1,
	2.22172800,5.51677700,4.48744000,9.74720000,25.43998000,47.51999000,0,0,0,1,
	2.22750600,5.64659000,4.50203900,9.88685000,25.51998000,47.11999000,0,0,0,1,
	2.23359400,5.64659000,4.50203900,9.88685000,25.51998000,46.63998000,0,0,0,1,
	2.23825500,5.64659000,4.50203900,9.88685000,25.59998000,45.91999000,0,0,0,1,
	2.24358900,5.77271400,4.51024000,10.03033000,25.67998000,45.51999000,0,0,0,1,
	2.24883200,5.77271400,4.51024000,10.03033000,25.67998000,44.87999000,0,0,0,1,
	2.25455200,5.77271400,4.51024000,10.03033000,25.67998000,44.15999000,0,0,0,1,
	2.26154900,5.77271400,4.51024000,10.03033000,25.75998000,43.27999000,0,0,0,1,
	2.26743500,5.89110700,4.51204000,10.18114000,25.75998000,42.31998000,0,0,0,1,
	2.27450800,5.89110700,4.51204000,10.18114000,25.75998000,41.27999000,0,0,0,1,
	2.27875600,5.89110700,4.51204000,10.18114000,25.75998000,40.07998000,0,0,0,1,
	2.28450400,6.00216500,4.50744000,10.33819000,25.75998000,39.43998000,0,0,0,1,
	2.29070300,6.00216500,4.50744000,10.33819000,25.83998000,38.23998000,0,0,0,1,
	2.29654000,6.00216500,4.50744000,10.33819000,25.83998000,37.11998000,0,0,0,1,
	2.30280700,6.00216500,4.50744000,10.33819000,25.83998000,36.07998000,0,0,0,1,
	2.30697200,6.10071100,4.49643900,10.50451000,25.83998000,34.79998000,0,0,0,1,
	2.31228300,6.10071100,4.49643900,10.50451000,25.83998000,34.07998000,0,0,0,1,
	2.31830000,6.10071100,4.49643900,10.50451000,25.91998000,32.79998000,0,0,0,1,
	2.32444900,6.18970700,4.47904000,10.67692000,25.91998000,31.43998000,0,0,0,1,
	2.33103500,6.18970700,4.47904000,10.67692000,25.99998000,30.15998000,0,0,0,1,
	2.33749700,6.18970700,4.47904000,10.67692000,26.07998000,28.79998000,0,0,0,1,
	2.34341900,6.26585900,4.45524000,10.85632000,26.07998000,27.11998000,0,0,0,1,
	2.34796200,6.26585900,4.45524000,10.85632000,26.15998000,25.83998000,0,0,0,1,
	2.35349000,6.26585900,4.45524000,10.85632000,26.15998000,24.47998000,0,0,0,1,
	2.35960000,6.26585900,4.45524000,10.85632000,26.23998000,22.87998000,0,0,0,1,
	2.36559200,6.32378700,4.42504000,11.04363000,26.23998000,21.27998000,0,0,0,1,
	2.37023200,6.32378700,4.42504000,11.04363000,26.23998000,19.83998000,0,0,0,1,
	2.37475800,6.32378700,4.42504000,11.04363000,26.23998000,18.55998000,0,0,0,1,
	2.38039200,6.32378700,4.42504000,11.04363000,26.23998000,17.27998000,0,0,0,1,
	2.38677900,6.36399900,4.38844000,11.23665000,26.23998000,15.83998000,0,0,0,1,
	2.39357300,6.36399900,4.38844000,11.23665000,26.23998000,14.23998000,0,0,0,1,
	2.39907600,6.36399900,4.38844000,11.23665000,26.23998000,12.55998000,0,0,0,1,
	2.40432100,6.38891500,4.49904000,11.43314000,26.23998000,11.27998000,0,0,0,1,
	2.40954900,6.38891500,4.49904000,11.43314000,26.23998000,9.99997800,0,0,0,1,
	2.41499900,6.38891500,4.49904000,11.43314000,26.23998000,8.63997700,0,0,0,1,
	2.42150800,6.38891500,4.49904000,11.43314000,26.23998000,7.27997800,0,0,0,1,
	2.42852700,6.39465000,4.60324000,11.63225000,26.23998000,5.67997800,0,0,0,1,
	2.43578300,6.39465000,4.60324000,11.63225000,26.23998000,3.99997700,0,0,0,1,
	2.44254600,6.39465000,4.60324000,11.63225000,26.23998000,1.99997700,0,0,0,1,
	2.44893700,6.38204400,4.70103900,11.83205000,26.23998000,0.39997710,0,0,0,1,
	2.45543200,6.38204400,4.70103900,11.83205000,26.23998000,358.72000000,0,0,0,1,
	2.45949900,6.38204400,4.70103900,11.83205000,26.23998000,356.72000000,0,0,0,1,
	2.46489200,6.35325100,4.79243900,12.03107000,26.23998000,355.76000000,0,0,0,1,
	2.47038000,6.35325100,4.79243900,12.03107000,26.23998000,354.40000000,0,0,0,1,
	2.47650200,6.35325100,4.79243900,12.03107000,26.15998000,352.72000000,0,0,0,1,
	2.48087700,6.35325100,4.79243900,12.03107000,26.15998000,351.12000000,0,0,0,1,
	2.48577600,6.30443000,4.87743900,12.22732000,26.07998000,350.00000000,0,0,0,1,
	2.49198500,6.30443000,4.87743900,12.22732000,26.07998000,348.48000000,0,0,0,1,
	2.49752400,6.30443000,4.87743900,12.22732000,25.99998000,346.88000000,0,0,0,1,
	2.50472300,6.23911900,4.95603900,12.41971000,25.99998000,345.20000000,0,0,0,1,
	2.51117000,6.23911900,4.95603900,12.41971000,25.91998000,343.44000000,0,0,0,1,
	2.51796900,6.23911900,4.95603900,12.41971000,25.83998000,341.52000000,0,0,0,1,
	2.52187800,6.23911900,4.95603900,12.41971000,25.83998000,339.68000000,0,0,0,1,
	2.52742200,6.15179900,5.02823900,12.60454000,25.75998000,338.64000000,0,0,0,1,
	2.53351100,6.15179900,5.02823900,12.60454000,25.67998000,337.04000000,0,0,0,1,
	2.53878900,6.15179900,5.02823900,12.60454000,25.59998000,335.36000000,0,0,0,1,
	2.54560500,6.04941600,5.09403900,12.78252000,25.51998000,334.00000000,0,0,0,1,
	2.54997400,6.04941600,5.09403900,12.78252000,25.35998000,332.08000000,0,0,0,1,
	2.55646200,6.04941600,5.09403900,12.78252000,25.27998000,330.96000000,0,0,0,1,
	2.56243200,6.04941600,5.09403900,12.78252000,25.11998000,329.36000000,0,0,0,1,
	2.56805000,5.92740900,5.15344000,12.94918000,24.95998000,327.68000000,0,0,0,1,
	2.57558500,5.92740900,5.15344000,12.94918000,24.87999000,326.48000000,0,0,0,1,
	2.58114500,5.92740900,5.15344000,12.94918000,24.71998000,324.64000000,0,0,0,1,
	2.58799700,5.79337200,5.20643900,13.10740000,24.55998000,323.60000000,0,0,0,1,
	2.59479400,5.79337200,5.20643900,13.10740000,24.47998000,322.40000000,0,0,0,1,
	2.60149500,5.79337200,5.20643900,13.10740000,24.31998000,321.20000000,0,0,0,1,
	2.60578200,5.65028500,5.25303900,13.25839000,24.15998000,320.40000000,0,0,0,1,
	2.61082100,5.65028500,5.25303900,13.25839000,24.07999000,319.92000000,0,0,0,1,
	2.61597800,5.65028500,5.25303900,13.25839000,23.99998000,319.52000000,0,0,0,1,
	2.62345200,5.50410400,5.29323900,13.40676000,23.99998000,319.28000000,0,0,1,0,
	2.63001400,5.50410400,5.29323900,13.40676000,23.91999000,319.04000000,0,0,1,0,
	2.63287200,5.50410400,5.29323900,13.40676000,23.91999000,319.04000000,0,0,1,0,
	2.63683700,5.50410400,5.29323900,13.40676000,23.91999000,319.04000000,0,0,1,0,
	2.64053900,5.50410400,5.29323900,13.40676000,23.91999000,319.04000000,0,0,1,0,
	2.64544800,5.37841100,5.32703900,13.57292000,23.83998000,319.04000000,0,0,1,0,
	2.65125100,5.37841100,5.32703900,13.57292000,23.75998000,319.20000000,0,0,1,0,
	2.65740000,5.37841100,5.32703900,13.57292000,23.67998000,319.44000000,0,0,1,0,
	2.66382600,5.25470500,5.35443900,13.74077000,23.59998000,319.76000000,0,0,1,0,
	2.67060000,5.25470500,5.35443900,13.74077000,23.51998000,320.24000000,0,0,1,0,
	2.67528500,5.25470500,5.35443900,13.74077000,23.51998000,321.12000000,0,0,1,0,
	2.68044100,5.25470500,5.35443900,13.74077000,23.43998000,321.60000000,0,0,1,0,
	2.68672400,5.13897300,5.37543900,13.91495000,23.43998000,322.56000000,0,0,1,0,
	2.69263600,5.13897300,5.37543900,13.91495000,23.35998000,323.68000000,0,0,1,0,
	2.69858300,5.13897300,5.37543900,13.91495000,23.35998000,324.96000000,0,0,1,0,
	2.70232200,5.13897300,5.37543900,13.91495000,23.27998000,326.24000000,0,0,1,0,
	2.70799000,5.03743900,5.39003900,14.09888000,23.27998000,327.28000000,0,0,1,0,
	2.71391400,5.03743900,5.39003900,14.09888000,23.27998000,328.32000000,0,0,1,0,
	2.72060700,5.03743900,5.39003900,14.09888000,23.19999000,329.68000000,0,0,1,0,
	2.72689200,4.94859700,5.39823900,14.29016000,23.11998000,331.28000000,0,0,1,0,
	2.73237300,4.94859700,5.39823900,14.29016000,23.03998000,332.88000000,0,0,1,0,
	2.73788800,4.94859700,5.39823900,14.29016000,23.03998000,333.92000000,0,0,1,0,
	2.74293900,4.87298000,5.40003900,14.48789000,23.03998000,335.28000000,0,0,1,0,
	2.75042100,4.87298000,5.40003900,14.48789000,23.03998000,336.24000000,0,0,1,1,
	2.75759300,4.87298000,5.40003900,14.48789000,23.03998000,337.60000000,0,0,1,1,
	2.76641800,4.80060300,5.39543900,14.68705000,23.03998000,338.64000000,0,0,0,1,
	2.77370000,4.80060300,5.39543900,14.68705000,23.11998000,339.52000000,0,0,0,1,
	2.77763100,4.80060300,5.39543900,14.68705000,23.11998000,340.00000000,0,0,0,1,
	2.78259800,4.80060300,5.39543900,14.68705000,23.19998000,340.16000000,0,0,0,1,
	2.78557000,4.71335100,5.38443900,14.88065000,23.19999000,340.24000000,0,0,0,1,
	2.79009600,4.71335100,5.38443900,14.88065000,23.19999000,340.24000000,0,0,0,1,
	2.79249600,4.71335100,5.38443900,14.88065000,23.19999000,340.24000000,0,0,0,1,
	2.79746700,4.71335100,5.38443900,14.88065000,23.19999000,340.24000000,0,0,0,1,
	2.80338400,4.62609800,5.36703900,15.07425000,23.27999000,340.16000000,0,0,0,1,
	2.80897400,4.62609800,5.36703900,15.07425000,23.35999000,340.00000000,0,0,0,1,
	2.81248500,4.62609800,5.36703900,15.07425000,23.35998000,339.84000000,0,0,0,1,
	2.81782000,4.62609800,5.36703900,15.07425000,23.43998000,339.68000000,0,0,0,1,
	2.82396600,4.53801500,5.34323900,15.26754000,23.51998000,339.28000000,0,0,0,1,
	2.83074000,4.53801500,5.34323900,15.26754000,23.51998000,338.80000000,0,0,0,1,
	2.83483600,4.53801500,5.34323900,15.26754000,23.59998000,338.16000000,0,0,0,1,
	2.84089400,4.53801500,5.34323900,15.26754000,23.59998000,337.68000000,0,0,0,1,
	2.84690500,4.44224800,5.31303900,15.45770000,23.59998000,337.04000000,0,0,0,1,
	2.85294200,4.44224800,5.31303900,15.45770000,23.59998000,336.48000000,0,0,0,1,
	2.85754900,4.44224800,5.31303900,15.45770000,23.59998000,335.92000000,0,0,0,1,
	2.86161500,4.44224800,5.31303900,15.45770000,23.59998000,335.60000000,0,0,0,1,
	2.86670600,4.34078600,5.27643900,15.64532000,23.67999000,335.36000000,0,0,0,1,
	2.87154200,4.34078600,5.27643900,15.64532000,23.67998000,335.04000000,0,0,0,1,
	2.87548100,4.34078600,5.27643900,15.64532000,23.67998000,334.88000000,0,0,0,1,
	2.88024100,4.34078600,5.27643900,15.64532000,23.67998000,334.80000000,0,0,0,1,
	2.88307700,4.23717000,5.23343900,15.83194000,23.67998000,334.72000000,0,0,0,1,
	2.88754700,4.23717000,5.23343900,15.83194000,23.67998000,334.72000000,0,0,0,1,
	2.89220000,4.23717000,5.23343900,15.83194000,23.67998000,334.72000000,0,0,0,0,
	2.89897300,4.23717000,5.23343900,15.83194000,23.67998000,334.72000000,0,0,1,0,
	2.90337300,4.14580100,5.18403900,16.02434000,23.67998000,334.72000000,0,0,1,0,
	2.90809500,4.14580100,5.18403900,16.02434000,23.67998000,334.72000000,0,0,1,0,
	2.91091100,4.14580100,5.18403900,16.02434000,23.67998000,334.72000000,0,0,1,0,
	2.91583200,4.14580100,5.18403900,16.02434000,23.67998000,334.72000000,0,0,1,0,
	2.92029500,4.14580100,5.18403900,16.02434000,23.67998000,334.80000000,0,0,1,0,
	2.92459600,4.06804100,5.29463900,16.22316000,23.59998000,334.88000000,0,0,1,0,
	2.93060500,4.06804100,5.29463900,16.22316000,23.51998000,334.96000000,0,0,1,0,
	2.93553900,4.06804100,5.29463900,16.22316000,23.51998000,335.20000000,0,0,1,0,
	2.94116400,4.06804100,5.29463900,16.22316000,23.43998000,335.36000000,0,0,1,0,
	2.94494000,3.99298800,5.39883900,16.42323000,23.43998000,335.68000000,0,0,1,0,
	2.95091100,3.99298800,5.39883900,16.42323000,23.35999000,335.92000000,0,0,1,0,
	2.95796400,3.99298800,5.39883900,16.42323000,23.35998000,336.40000000,0,0,1,0,
	2.96345400,3.92285900,5.49663900,16.62542000,23.35998000,337.12000000,0,0,1,0,
	2.97002100,3.92285900,5.49663900,16.62542000,23.27999000,337.76000000,0,0,1,0,
	2.97931700,3.92285900,5.49663900,16.62542000,23.27999000,338.48000000,0,0,1,0,
	2.99077300,3.86220600,5.58803900,16.83124000,23.27999000,339.84000000,0,0,1,0,
	3.01469700,3.80895000,5.67303900,17.03948000,23.27998000,341.92000000,0,0,1,0,
	3.02951100,3.77320900,5.75163900,17.25186000,23.19999000,346.72000000,0,0,1,0,
	3.03726700,3.77320900,5.75163900,17.25186000,23.11998000,349.84000000,0,0,1,0,
	3.04276400,3.77320900,5.75163900,17.25186000,23.11998000,351.76000000,0,0,1,0,
	3.04854300,3.76123700,5.82383900,17.46795000,23.11998000,353.12000000,0,0,1,0,
	3.05433900,3.76123700,5.82383900,17.46795000,23.11998000,354.40000000,0,0,1,0,
	3.06145200,3.76123700,5.82383900,17.46795000,23.11998000,355.84000000,0,0,1,0,
	3.06730900,3.76584200,5.88963900,17.68518000,23.11998000,357.52000000,0,0,1,0,
	3.07175100,3.76584200,5.88963900,17.68518000,23.11998000,359.04000000,0,0,1,0,
	3.07847500,3.76584200,5.88963900,17.68518000,23.11998000,0.07997048,0,0,1,0,
	3.08397800,3.78652000,5.94903900,17.90231000,23.11999000,1.75997100,0,0,1,0,
	3.09099700,3.78652000,5.94903900,17.90231000,23.11998000,3.11997100,0,0,1,0,
	3.09676200,3.78652000,5.94903900,17.90231000,23.11998000,4.79997100,0,0,1,0,
	3.10252600,3.78652000,5.94903900,17.90231000,23.11999000,6.31997200,0,0,1,0,
	3.10948000,3.82933500,6.00203900,18.11733000,23.11998000,7.59997200,0,0,1,0,
	3.11575600,3.82933500,6.00203900,18.11733000,23.11998000,9.03997100,0,0,1,0,
	3.12246700,3.82933500,6.00203900,18.11733000,23.11998000,10.15997000,0,0,1,0,
	3.12665900,3.88570900,6.04863900,18.32997000,23.11998000,11.19997000,0,0,1,0,
	3.13335000,3.88570900,6.04863900,18.32997000,23.11998000,11.67997000,0,0,1,0,
	3.14001600,3.88570900,6.04863900,18.32997000,23.19998000,12.55997000,0,0,1,0,
	3.14664300,3.94897300,6.08883900,18.54108000,23.19999000,13.03997000,0,0,1,0,
	3.15154500,3.94897300,6.08883900,18.54108000,23.19998000,13.43997000,0,0,1,0,
	3.15610100,3.94897300,6.08883900,18.54108000,23.19999000,13.51997000,0,0,1,0,
	3.15943200,3.94897300,6.08883900,18.54108000,23.19998000,13.59997000,0,0,1,0,
	3.16267700,3.94897300,6.08883900,18.54108000,23.19998000,13.59997000,0,0,1,0,
	3.16618700,4.01432800,6.12263900,18.75169000,23.19998000,13.59997000,0,0,1,0,
	3.17076500,4.01432800,6.12263900,18.75169000,23.19998000,13.59997000,0,0,1,0,
	3.17387500,4.01432800,6.12263900,18.75169000,23.19998000,13.59997000,0,0,1,0,
	3.17912400,4.01432800,6.12263900,18.75169000,23.19998000,13.59997000,0,0,1,0,
	3.18343300,4.07968400,6.15003900,18.96230000,23.27998000,13.51997000,0,0,1,0,
	3.18866800,4.07968400,6.15003900,18.96230000,23.27998000,13.43997000,0,0,1,0,
	3.19416500,4.07968400,6.15003900,18.96230000,23.27999000,13.27997000,0,0,1,0,
	3.20054000,4.07968400,6.15003900,18.96230000,23.27998000,13.03997000,0,0,1,0,
	3.20524800,4.14503900,6.17103900,19.17291000,23.35998000,12.63997000,0,0,1,0,
	3.21008800,4.14503900,6.17103900,19.17291000,23.35998000,12.39997000,0,0,1,0,
	3.21525600,4.14503900,6.17103900,19.17291000,23.35998000,11.99997000,0,0,1,0,
	3.22091900,4.14503900,6.17103900,19.17291000,23.35998000,11.51997000,0,0,1,0,
	3.22703700,4.21039400,6.18563800,19.38352000,23.35998000,10.95997000,0,0,1,0,
	3.23233500,4.21039400,6.18563800,19.38352000,23.43998000,10.31997000,0,0,1,0,
	3.24016600,4.21039400,6.18563800,19.38352000,23.43998000,9.75997400,0,0,1,1,
	3.25064300,4.27575000,6.19383900,19.59413000,23.43998000,8.71997300,0,0,0,1,
	3.25793900,4.27575000,6.19383900,19.59413000,23.43998000,7.03997200,0,0,0,1,
	3.26466300,4.30579700,6.19563900,19.80883000,23.43998000,5.99997200,0,0,0,1,
	3.27077900,4.30579700,6.19563900,19.80883000,23.51998000,4.71997200,0,0,0,1,
	3.27634500,4.30579700,6.19563900,19.80883000,23.51998000,3.59997200,0,0,0,1,
	3.28132500,4.30579700,6.19563900,19.80883000,23.51998000,2.39997200,0,0,0,1,
	3.28565000,4.29785400,6.19103900,20.02588000,23.51998000,1.59997200,0,0,0,1,
	3.29134800,4.29785400,6.19103900,20.02588000,23.51998000,0.55997220,0,0,0,1,
	3.29754900,4.29785400,6.19103900,20.02588000,23.51998000,359.28000000,0,0,0,1,
	3.30314500,4.27596900,6.18003800,20.24273000,23.59998000,357.92000000,0,0,0,1,
	3.31069900,4.27596900,6.18003800,20.24273000,23.59998000,356.64000000,0,0,0,1,
	3.31699400,4.27596900,6.18003800,20.24273000,23.59998000,354.72000000,0,0,0,1,
	3.32077200,4.27596900,6.18003800,20.24273000,23.59998000,353.36000000,0,0,0,1,
	3.32649300,4.23318400,6.16263900,20.45753000,23.59998000,352.40000000,0,0,0,1,
	3.33264300,4.23318400,6.16263900,20.45753000,23.59998000,350.80000000,0,0,0,1,
	3.33884800,4.23318400,6.16263900,20.45753000,23.59998000,349.44000000,0,0,0,1,
	3.34532300,4.17327100,6.13883900,20.66912000,23.59998000,347.84000000,0,0,0,1,
	3.35166800,4.17327100,6.13883900,20.66912000,23.59998000,346.08000000,0,0,0,1,
	3.35899700,4.17327100,6.13883900,20.66912000,23.59998000,344.56000000,0,0,0,1,
	3.36264400,4.17327100,6.13883900,20.66912000,23.59999000,342.80000000,0,0,0,1,
	3.36846300,4.09121100,6.10863900,20.87437000,23.59998000,341.84000000,0,0,0,1,
	3.37436500,4.09121100,6.10863900,20.87437000,23.51998000,340.16000000,0,0,0,1,
	3.37998600,4.09121100,6.10863900,20.87437000,23.43998000,338.56000000,0,0,0,1,
	3.38419900,3.99247100,6.07203900,21.07314000,23.43998000,337.20000000,0,0,0,1,
	3.38981100,3.99247100,6.07203900,21.07314000,23.43998000,336.24000000,0,0,0,1,
	3.39537900,3.99247100,6.07203900,21.07314000,23.35998000,334.80000000,0,0,0,1,
	3.40236600,3.99247100,6.07203900,21.07314000,23.27998000,333.20000000,0,0,0,1,
	3.40783600,3.87401600,6.02903800,21.26212000,23.19999000,331.52000000,0,0,0,1,
	3.41495700,3.87401600,6.02903800,21.26212000,23.11998000,330.24000000,0,0,0,1,
	3.42157600,3.87401600,6.02903800,21.26212000,23.03998000,328.72000000,0,0,0,1,
	3.42563100,3.74146400,5.97963900,21.44254000,22.95998000,327.28000000,0,0,0,1,
	3.43173200,3.74146400,5.97963900,21.44254000,22.87998000,326.48000000,0,0,0,1,
	3.43749000,3.74146400,5.97963900,21.44254000,22.79998000,325.36000000,0,0,0,1,
	3.44306100,3.59890900,5.92383900,21.61599000,22.71999000,324.16000000,0,0,0,1,
	3.45070600,3.59890900,5.92383900,21.61599000,22.63998000,323.36000000,0,0,0,1,
	3.45685600,3.59890900,5.92383900,21.61599000,22.55998000,322.00000000,0,0,0,1,
	3.46452300,3.44671800,6.03443900,21.78193000,22.55998000,321.04000000,0,0,0,1,
	3.47009800,3.44671800,6.03443900,21.78193000,22.47998000,319.92000000,0,0,0,1,
	3.47448800,3.44671800,6.03443900,21.78193000,22.39998000,319.28000000,0,0,0,1,
	3.47962200,3.44671800,6.03443900,21.78193000,22.39998000,318.80000000,0,0,0,1,
	3.48561500,3.28619700,6.13863800,21.94070000,22.31998000,318.24000000,0,0,0,1,
	3.49123500,3.28619700,6.13863800,21.94070000,22.31999000,317.68000000,0,0,0,1,
	3.49635100,3.28619700,6.13863800,21.94070000,22.31998000,317.36000000,0,0,0,1,
	3.50059700,3.28619700,6.13863800,21.94070000,22.31999000,317.04000000,0,0,0,1,
	3.50540100,3.12174000,6.23643800,22.09584000,22.31998000,316.88000000,0,0,0,1,
	3.50959000,3.12174000,6.23643800,22.09584000,22.31999000,316.80000000,0,0,0,1,
	3.51359900,3.12174000,6.23643800,22.09584000,22.31998000,316.72000000,0,0,0,1,
	3.51651700,3.12174000,6.23643800,22.09584000,22.31998000,316.72000000,0,0,0,1,
	3.52014400,3.12174000,6.23643800,22.09584000,22.31998000,316.72000000,0,0,0,1,
	3.52317900,2.95682300,6.32783800,22.25054000,22.31998000,316.72000000,0,0,0,1,
	3.52744000,2.95682300,6.32783800,22.25054000,22.31998000,316.72000000,0,0,0,1,
	3.53008500,2.95682300,6.32783800,22.25054000,22.31998000,316.72000000,0,0,0,1,
	3.53379400,2.95682300,6.32783800,22.25054000,22.31998000,316.72000000,0,0,0,1,
	3.53714900,2.95682300,6.32783800,22.25054000,22.31998000,316.72000000,0,0,0,1,
	3.54178200,2.95682300,6.32783800,22.25054000,22.31999000,316.80000000,0,0,0,1,
	3.54677300,2.79190600,6.41283800,22.40525000,22.31998000,316.88000000,0,0,0,1,
	3.55063700,2.79190600,6.41283800,22.40525000,22.31998000,316.96000000,0,0,0,1,
	3.55901500,2.79190600,6.41283800,22.40525000,22.31998000,317.12000000,0,0,1,0,
	3.56704800,2.63933100,6.49143800,22.57129000,22.23998000,317.44000000,0,0,1,0,
	3.57393500,2.63933100,6.49143800,22.57129000,22.23999000,317.84000000,0,0,1,0,
	3.57792200,2.63933100,6.49143800,22.57129000,22.23998000,318.32000000,0,0,1,0,
	3.58898000,2.50071600,6.56363800,22.74993000,22.23999000,318.64000000,0,0,1,0,
	3.60021400,2.50071600,6.56363800,22.74993000,22.23998000,319.68000000,0,0,1,0,
	3.61140300,2.36939800,6.62943800,22.93459000,22.23999000,321.04000000,0,0,1,0,
	3.61777900,2.36939800,6.62943800,22.93459000,22.23999000,322.96000000,0,0,1,0,
	3.63190100,2.24772300,6.68883800,23.12642000,22.23998000,324.08000000,0,0,1,0,
	3.63874600,2.24772300,6.68883800,23.12642000,22.23999000,327.12000000,0,0,1,0,
	3.64639500,2.14158700,6.74183800,23.32808000,22.23998000,328.72000000,0,0,1,0,
	3.66016100,2.14158700,6.74183800,23.32808000,22.23998000,330.72000000,0,0,1,0,
	3.66777500,2.05411800,6.78843800,23.53935000,22.23998000,334.00000000,0,0,1,0,
	3.67500300,2.05411800,6.78843800,23.53935000,22.23998000,335.68000000,0,0,1,0,
	3.68668900,1.97864300,6.82863800,23.75585000,22.23999000,337.28000000,0,0,1,0,
	3.69348700,1.97864300,6.82863800,23.75585000,22.23999000,340.16000000,0,0,1,0,
	3.69968200,1.97864300,6.82863800,23.75585000,22.23998000,341.60000000,0,0,1,0,
	3.70802600,1.92406700,6.86243800,23.97950000,22.23998000,342.80000000,0,0,1,0,
	3.71529800,1.92406700,6.86243800,23.97950000,22.23998000,344.56000000,0,0,1,0,
	3.72551100,1.88285900,6.88983800,24.20664000,22.23998000,346.24000000,0,0,1,0,
	3.73511200,1.88285900,6.88983800,24.20664000,22.23998000,347.76000000,0,0,1,0,
	3.74371200,1.85428400,6.91083800,24.43631000,22.23998000,349.44000000,0,0,1,0,
	3.75662700,1.85428400,6.91083800,24.43631000,22.23999000,350.64000000,0,0,1,1,
	3.76621400,1.83048500,6.92543800,24.66677000,22.31998000,352.24000000,0,0,0,1,
	3.77585800,1.83048500,6.92543800,24.66677000,22.31998000,353.04000000,0,0,0,1,
	3.78059200,1.83048500,6.92543800,24.66677000,22.39998000,353.76000000,0,0,0,1,
	3.78907800,1.78851800,6.93363800,24.89502000,22.39998000,353.92000000,0,0,0,1,
	3.79431600,1.78851800,6.93363800,24.89502000,22.39999000,354.08000000,0,0,0,1,
	3.79905100,1.78851800,6.93363800,24.89502000,22.47998000,354.08000000,0,0,0,1,
	3.80271000,1.78851800,6.93363800,24.89502000,22.47998000,354.08000000,0,0,0,1,
	3.80635200,1.74655100,6.93543800,25.12326000,22.47998000,354.08000000,0,0,0,1,
	3.81113400,1.74655100,6.93543800,25.12326000,22.47998000,354.08000000,0,0,0,1,
	3.81364900,1.74655100,6.93543800,25.12326000,22.47998000,354.08000000,0,0,0,1,
	3.81931100,1.74655100,6.93543800,25.12326000,22.47998000,354.08000000,0,0,0,1,
	3.82626100,1.70458400,6.93083800,25.35150000,22.47998000,354.08000000,0,0,0,1,
	3.83212400,1.70458400,6.93083800,25.35150000,22.55998000,354.00000000,0,0,0,1,
	3.83667600,1.70458400,6.93083800,25.35150000,22.55998000,353.84000000,0,0,0,1,
	3.84196200,1.70458400,6.93083800,25.35150000,22.63998000,353.68000000,0,0,0,1,
	3.85447800,1.66261700,6.91983800,25.57975000,22.71999000,353.44000000,0,0,0,1,
	3.86191200,1.66261700,6.91983800,25.57975000,22.79998000,352.64000000,0,0,0,1,
	3.86954800,1.61616200,6.90243800,25.80737000,22.87998000,351.92000000,0,0,0,1,
	3.87913500,1.61616200,6.90243800,25.80737000,22.95998000,351.20000000,0,0,0,1,
	3.88751000,1.56331000,6.90048800,26.03395000,22.95998000,350.32000000,0,0,0,1,
	3.89533600,1.56331000,6.90048800,26.03395000,22.95998000,349.44000000,0,0,0,1,
	3.90113900,1.56331000,6.90048800,26.03395000,22.95998000,348.48000000,0,0,0,1,
	3.91248000,1.50122700,7.01108800,26.25870000,22.95998000,348.00000000,0,0,0,1,
	3.91965000,1.50122700,7.01108800,26.25870000,23.03998000,346.80000000,0,0,0,1,
	3.92563400,1.43092300,7.11528800,26.48146000,23.03998000,345.92000000,0,0,0,1,
	3.93449200,1.43092300,7.11528800,26.48146000,23.03998000,345.36000000,0,0,0,1,
	3.94417000,1.35558500,7.21308800,26.70286000,23.03998000,344.64000000,0,0,0,1,
	3.95003200,1.35558500,7.21308800,26.70286000,23.03998000,343.76000000,0,0,0,1,
	3.95410500,1.35558500,7.21308800,26.70286000,23.03998000,343.36000000,0,0,0,1,
	3.95893800,1.35558500,7.21308800,26.70286000,23.03998000,343.12000000,0,0,0,1,
	3.96547900,1.27336700,7.30448800,26.92223000,23.03998000,342.88000000,0,0,0,1,
	3.97058000,1.27336700,7.30448800,26.92223000,23.03998000,342.56000000,0,0,0,1,
	3.97507800,1.27336700,7.30448800,26.92223000,23.03998000,342.40000000,0,0,0,1,
	3.97923800,1.27336700,7.30448800,26.92223000,23.03998000,342.32000000,0,0,0,1,
	3.98247100,1.27336700,7.30448800,26.92223000,23.03998000,342.24000000,0,0,0,1,
	3.98582100,1.18865800,7.38948800,27.14080000,23.03998000,342.24000000,0,0,0,1,
	3.98975300,1.18865800,7.38948800,27.14080000,23.03998000,342.24000000,0,0,0,1,
	3.99340200,1.18865800,7.38948800,27.14080000,23.03998000,342.24000000,0,0,0,1,
	3.99637200,1.18865800,7.38948800,27.14080000,23.03998000,342.24000000,0,0,0,1,
	3.99980900,1.18865800,7.38948800,27.14080000,23.03998000,342.24000000,0,0,0,1,
	4.00214700,1.18865800,7.38948800,27.14080000,23.03998000,342.24000000,0,0,0,1,
	4.00601800,1.10394800,7.46808800,27.35938000,23.03998000,342.24000000,0,0,0,1,
	4.00930500,1.10394800,7.46808800,27.35938000,23.03998000,342.24000000,0,0,0,1,
	4.01446400,1.10394800,7.46808800,27.35938000,23.03998000,342.24000000,0,0,1,1,
	4.02086900,1.10394800,7.46808800,27.35938000,23.03998000,342.24000000,0,0,1,0,
	4.02635300,1.03143800,7.54028700,27.58186000,23.03998000,342.24000000,0,0,1,0,
	4.02959900,1.03143800,7.54028700,27.58186000,23.03998000,342.24000000,0,0,1,0,
	4.03445500,1.03143800,7.54028700,27.58186000,23.03998000,342.24000000,0,0,1,0,
	4.03767300,1.03143800,7.54028700,27.58186000,23.03998000,342.32000000,0,0,1,0,
	4.04216500,1.03143800,7.54028700,27.58186000,23.03998000,342.32000000,0,0,1,0,
	4.04699700,0.97401650,7.60608800,27.80917000,22.95998000,342.40000000,0,0,1,0,
	4.05108200,0.97401650,7.60608800,27.80917000,22.95998000,342.48000000,0,0,1,0,
	4.05617900,0.97401650,7.60608800,27.80917000,22.87998000,342.56000000,0,0,1,0,
	4.06118200,0.97401650,7.60608800,27.80917000,22.87998000,342.64000000,0,0,1,0,
	4.06496100,0.91815560,7.66548800,28.03697000,22.79998000,342.80000000,0,0,1,0,
	4.07064100,0.91815560,7.66548800,28.03697000,22.79998000,342.96000000,0,0,1,0,
	4.07537200,0.91815560,7.66548800,28.03697000,22.71998000,343.20000000,0,0,1,0,
	4.08022200,0.91815560,7.66548800,28.03697000,22.71998000,343.36000000,0,0,1,0,
	4.08576400,0.86542710,7.71848800,28.26571000,22.71998000,343.60000000,0,0,1,0,
	4.09463300,0.86542710,7.71848800,28.26571000,22.63998000,344.00000000,0,0,1,0,
	4.10200200,0.86542710,7.71848800,28.26571000,22.55998000,344.72000000,0,0,1,0,
	4.10670600,0.81996810,7.76508800,28.49642000,22.55998000,345.44000000,0,0,1,0,
	4.11247800,0.81996810,7.76508800,28.49642000,22.55998000,346.08000000,0,0,1,0,
	4.11799000,0.81996810,7.76508800,28.49642000,22.55998000,346.88000000,0,0,1,0,
	4.12378800,0.78249280,7.80528700,28.72901000,22.47998000,347.44000000,0,0,1,0,
	4.13030700,0.78249280,7.80528700,28.72901000,22.47998000,348.24000000,0,0,1,0,
	4.13508300,0.78249280,7.80528700,28.72901000,22.47998000,349.20000000,0,0,1,0,
	4.14030100,0.78249280,7.80528700,28.72901000,22.47998000,349.84000000,0,0,1,0,
	4.14603200,0.75794730,7.83908700,28.96400000,22.47998000,350.64000000,0,0,1,0,
	4.15299600,0.75794730,7.83908700,28.96400000,22.39998000,351.44000000,0,0,1,0,
	4.15857200,0.75794730,7.83908700,28.96400000,22.39998000,352.48000000,0,0,1,0,
	4.16326400,0.74385780,7.86648800,29.20040000,22.39998000,353.20000000,0,0,1,0,
	4.16843400,0.74385780,7.86648800,29.20040000,22.39998000,353.76000000,0,0,1,0,
	4.17396900,0.74385780,7.86648800,29.20040000,22.39998000,354.48000000,0,0,1,0,
	4.17993500,0.74385780,7.86648800,29.20040000,22.39998000,355.12000000,0,0,1,0,
	4.18604000,0.74029930,7.88748700,29.43775000,22.39998000,355.76000000,0,0,1,0,
	4.19160300,0.74029930,7.88748700,29.43775000,22.39998000,356.32000000,0,0,1,0,
	4.19699100,0.74029930,7.88748700,29.43775000,22.39998000,356.80000000,0,0,1,0,
	4.20258600,0.74029930,7.88748700,29.43775000,22.39998000,357.20000000,0,0,1,0,
	4.20818400,0.74401490,7.90208700,29.67550000,22.39998000,357.52000000,0,0,1,0,
	4.21383100,0.74401490,7.90208700,29.67550000,22.39998000,357.76000000,0,0,1,0,
	4.21720400,0.74401490,7.90208700,29.67550000,22.39998000,358.00000000,0,0,1,0,
	4.22185900,0.74401490,7.90208700,29.67550000,22.39998000,358.08000000,0,0,1,0,
	4.22510600,0.75038110,7.91028700,29.91335000,22.39998000,358.16000000,0,0,1,0,
	4.23030000,0.75038110,7.91028700,29.91335000,22.39998000,358.16000000,0,0,1,0,
	4.23424900,0.75038110,7.91028700,29.91335000,22.39998000,358.24000000,0,0,1,0,
	4.23688800,0.75038110,7.91028700,29.91335000,22.39998000,358.24000000,0,0,1,0,
	4.24006400,0.75038110,7.91028700,29.91335000,22.39998000,358.24000000,0,0,1,0,
	4.24314000,0.75707880,7.91208700,30.15121000,22.39998000,358.24000000,0,0,1,0,
	4.24694200,0.75707880,7.91208700,30.15121000,22.39998000,358.24000000,0,0,1,0,
	4.25018000,0.75707880,7.91208700,30.15121000,22.39998000,358.24000000,0,0,1,0,
	4.25286600,0.75707880,7.91208700,30.15121000,22.39998000,358.24000000,0,0,1,0,
	4.25705600,0.75707880,7.91208700,30.15121000,22.39998000,358.24000000,0,0,1,0,
	4.26143200,0.75707880,7.91208700,30.15121000,22.39998000,358.24000000,0,0,1,0,
	4.26477900,0.76377640,7.90748700,30.38907000,22.31999000,358.24000000,0,0,1,0,
	4.26888800,0.76377640,7.90748700,30.38907000,22.31999000,358.24000000,0,0,1,0,
	4.27179900,0.76377640,7.90748700,30.38907000,22.31999000,358.24000000,0,0,1,0,
	4.27523300,0.76377640,7.90748700,30.38907000,22.31999000,358.24000000,0,0,1,0,
	4.27818100,0.76377640,7.90748700,30.38907000,22.31999000,358.24000000,0,0,1,0,
	4.28103600,0.76377640,7.90748700,30.38907000,22.31999000,358.24000000,0,0,1,0,
	4.28453700,0.77047410,7.89648700,30.62693000,22.31999000,358.24000000,0,0,1,0,
	4.28817700,0.77047410,7.89648700,30.62693000,22.31999000,358.24000000,0,0,1,0,
	4.29177000,0.77047410,7.89648700,30.62693000,22.31999000,358.24000000,0,0,1,0,
	4.29429400,0.77047410,7.89648700,30.62693000,22.31999000,358.24000000,0,0,1,0,
	4.29819400,0.77047410,7.89648700,30.62693000,22.31999000,358.24000000,0,0,1,0,
	4.30091100,0.77047410,7.89648700,30.62693000,22.31999000,358.24000000,0,0,1,0,
	4.30551500,0.77717170,7.87908700,30.86478000,22.31999000,358.24000000,0,0,0,0,
	4.31158800,0.77717170,7.87908700,30.86478000,22.31999000,358.24000000,0,0,0,0,
	4.31408800,0.77717170,7.87908700,30.86478000,22.31999000,358.24000000,0,0,0,0,
	4.31820700,0.77717170,7.87908700,30.86478000,22.31999000,358.24000000,0,0,0,0,
	4.32086900,0.77717170,7.87908700,30.86478000,22.31999000,358.24000000,0,0,0,0,
	4.32516700,0.78386940,7.85528800,31.10264000,22.31999000,358.24000000,0,0,0,0,
	4.32836800,0.78386940,7.85528800,31.10264000,22.31999000,358.24000000,0,0,0,0,
	4.33227000,0.78386940,7.85528800,31.10264000,22.31999000,358.24000000,0,0,0,0,
	4.33485700,0.78386940,7.85528800,31.10264000,22.31999000,358.24000000,0,0,0,0,
	4.33866500,0.78386940,7.85528800,31.10264000,22.31999000,358.24000000,0,0,0,0,
	4.34287200,0.79056700,7.82508800,31.34050000,22.31999000,358.24000000,0,0,0,1,
	4.34884700,0.79056700,7.82508800,31.34050000,22.31999000,358.24000000,0,0,0,1,
	4.35244000,0.79056700,7.82508800,31.34050000,22.31999000,358.24000000,0,0,0,1,
	4.35507100,0.79056700,7.82508800,31.34050000,22.31999000,358.24000000,0,0,0,1,
	4.35904900,0.79056700,7.82508800,31.34050000,22.31999000,358.24000000,0,0,0,1,
	4.36200500,0.79056700,7.82508800,31.34050000,22.31999000,358.24000000,0,0,0,1,
	4.36553500,0.76927790,7.78848700,31.57750000,22.31999000,358.24000000,0,0,0,1,
	4.36930300,0.76927790,7.78848700,31.57750000,22.31999000,358.24000000,0,0,0,1,
	4.37281800,0.76927790,7.78848700,31.57750000,22.31999000,358.24000000,0,0,0,1,
	4.37574300,0.76927790,7.78848700,31.57750000,22.31999000,358.24000000,0,0,0,1,
	4.37894500,0.76927790,7.78848700,31.57750000,22.31999000,358.24000000,0,0,0,1,
	4.38224500,0.76927790,7.78848700,31.57750000,22.31999000,358.24000000,0,0,0,1,
	4.38493100,0.74798880,7.74548700,31.81450000,22.31999000,358.24000000,0,0,0,1,
	4.39029000,0.74798880,7.74548700,31.81450000,22.31999000,358.24000000,0,0,0,1,
	4.39498700,0.74798880,7.74548700,31.81450000,22.31999000,358.24000000,0,0,0,1,
	4.39783300,0.74798880,7.74548700,31.81450000,22.31999000,358.24000000,0,0,0,1,
	4.40147600,0.74798880,7.74548700,31.81450000,22.31999000,358.24000000,0,0,0,1,
	4.40414200,0.72669970,7.69608700,32.05149000,22.31999000,358.24000000,0,0,0,1,
	4.40841800,0.72669970,7.69608700,32.05149000,22.31999000,358.24000000,0,0,0,1,
	4.41101500,0.72669970,7.69608700,32.05149000,22.31999000,358.24000000,0,0,0,1,
	4.41426000,0.72669970,7.69608700,32.05149000,22.31999000,358.24000000,0,0,0,1,
	4.41725200,0.72669970,7.69608700,32.05149000,22.31999000,358.24000000,0,0,0,1,
	4.42029900,0.72669970,7.69608700,32.05149000,22.31999000,358.24000000,0,0,0,1,
	4.42371100,0.70541060,7.64028700,32.28849000,22.31999000,358.24000000,0,0,0,1,
	4.42742800,0.70541060,7.64028700,32.28849000,22.31999000,358.24000000,0,0,0,1,
	4.43126700,0.70541060,7.64028700,32.28849000,22.31999000,358.24000000,0,0,0,1,
	4.43438600,0.70541060,7.64028700,32.28849000,22.31999000,358.24000000,0,0,0,1,
	4.43775200,0.70541060,7.64028700,32.28849000,22.31999000,358.24000000,0,0,0,1,
	4.44060000,0.70541060,7.64028700,32.28849000,22.31999000,358.24000000,0,0,0,1,
	4.44433700,0.68412150,7.57808700,32.52549000,22.31999000,358.24000000,0,0,0,1,
	4.44817500,0.68412150,7.57808700,32.52549000,22.31999000,358.24000000,0,0,0,1,
	4.45141700,0.68412150,7.57808700,32.52549000,22.31999000,358.24000000,0,0,0,1,
	4.45388700,0.68412150,7.57808700,32.52549000,22.31999000,358.24000000,0,0,0,1,
	4.45788700,0.68412150,7.57808700,32.52549000,22.31999000,358.24000000,0,0,0,1,
	4.46030900,0.68412150,7.57808700,32.52549000,22.31999000,358.24000000,0,0,0,1,
	4.46423800,0.66283240,7.50948700,32.76249000,22.31999000,358.24000000,0,0,0,1,
	4.46739600,0.66283240,7.50948700,32.76249000,22.31999000,358.24000000,0,0,0,1,
	4.47126200,0.66283240,7.50948700,32.76249000,22.31999000,358.24000000,0,0,0,1,
	4.47368200,0.66283240,7.50948700,32.76249000,22.31999000,358.24000000,0,0,0,1,
	4.47811400,0.66283240,7.50948700,32.76249000,22.31999000,358.24000000,0,0,0,1,
	4.48093900,0.66283240,7.50948700,32.76249000,22.31998000,358.16000000,0,0,0,1,
	4.48434400,0.64121170,7.43448700,32.99948000,22.31998000,358.16000000,0,0,0,1,
	4.48768300,0.64121170,7.43448700,32.99948000,22.31998000,358.16000000,0,0,0,1,
	4.49150700,0.64121170,7.43448700,32.99948000,22.31998000,358.16000000,0,0,0,1,
	4.49400000,0.64121170,7.43448700,32.99948000,22.31998000,358.16000000,0,0,0,1,
	4.49696800,0.64121170,7.43448700,32.99948000,22.31998000,358.16000000,0,0,0,1,
	4.50021500,0.64121170,7.43448700,32.99948000,22.31998000,358.16000000,0,0,0,1,
	4.50273500,0.64121170,7.43448700,32.99948000,22.31998000,358.16000000,0,0,0,1,
	4.50654400,0.61959110,7.35308700,33.23647000,22.31998000,358.16000000,0,0,0,1,
	4.51028100,0.61959110,7.35308700,33.23647000,22.31998000,358.16000000,0,0,0,1,
	4.51375600,0.61959110,7.35308700,33.23647000,22.31998000,358.16000000,0,0,0,1,
	4.51620000,0.61959110,7.35308700,33.23647000,22.31998000,358.16000000,0,0,0,1,
	4.52012800,0.61959110,7.35308700,33.23647000,22.31998000,358.16000000,0,0,0,1,
	4.52255000,0.61959110,7.35308700,33.23647000,22.31998000,358.16000000,0,0,0,1,
	4.52627800,0.59797050,7.26528700,33.47346000,22.31998000,358.16000000,0,0,0,1,
	4.52946700,0.59797050,7.26528700,33.47346000,22.31998000,358.16000000,0,0,0,1,
	4.53308600,0.59797050,7.26528700,33.47346000,22.31998000,358.16000000,0,0,0,1,
	4.53575000,0.59797050,7.26528700,33.47346000,22.31998000,358.16000000,0,0,0,1,
	4.53870200,0.59797050,7.26528700,33.47346000,22.31998000,358.16000000,0,0,0,1,
	4.54199800,0.59797050,7.26528700,33.47346000,22.31998000,358.16000000,0,0,0,1,
	4.54475600,0.57634990,7.17108700,33.71045000,22.31998000,358.16000000,0,0,0,1,
	4.54911000,0.57634990,7.17108700,33.71045000,22.31998000,358.16000000,0,0,0,1,
	4.55163000,0.57634990,7.17108700,33.71045000,22.31998000,358.16000000,0,0,0,1,
	4.55560500,0.57634990,7.17108700,33.71045000,22.31998000,358.16000000,0,0,0,1,
	4.55818900,0.57634990,7.17108700,33.71045000,22.31998000,358.16000000,0,0,0,1,
	4.56235400,0.57634990,7.17108700,33.71045000,22.31998000,358.16000000,0,0,0,1,
	4.56485700,0.55472920,7.07048700,33.94743000,22.31998000,358.16000000,0,0,0,1,
	4.57008300,0.55472920,7.07048700,33.94743000,22.31998000,358.16000000,0,0,0,0,
	4.57578600,0.55472920,7.07048700,33.94743000,22.31998000,358.16000000,0,0,0,0,
	4.57856900,0.55472920,7.07048700,33.94743000,22.31998000,358.16000000,0,0,0,0,
	4.58253100,0.55472920,7.07048700,33.94743000,22.31998000,358.16000000,0,0,0,0,
	4.58516900,0.53310860,7.18108700,34.18442000,22.31998000,358.16000000,0,0,0,0,
	4.58998300,0.53310860,7.18108700,34.18442000,22.31998000,358.16000000,0,0,0,0,
	4.59319400,0.53310860,7.18108700,34.18442000,22.31998000,358.16000000,0,0,0,0,
	4.59700000,0.53310860,7.18108700,34.18442000,22.31998000,358.16000000,0,0,0,0,
	4.59935100,0.53310860,7.18108700,34.18442000,22.31998000,358.16000000,0,0,0,0,
	4.60276900,0.53310860,7.18108700,34.18442000,22.31998000,358.16000000,0,0,0,0,
	4.60542900,0.51148800,7.28528700,34.42141000,22.31998000,358.16000000,0,0,0,0,
	4.60988900,0.51148800,7.28528700,34.42141000,22.31998000,358.16000000,0,0,0,0,
	4.61244700,0.51148800,7.28528700,34.42141000,22.31998000,358.16000000,0,0,0,0,
	4.61580600,0.51148800,7.28528700,34.42141000,22.31998000,358.16000000,0,0,0,0,
	4.61867900,0.51148800,7.28528700,34.42141000,22.31998000,358.16000000,0,0,0,0,
	4.62134100,0.51148800,7.28528700,34.42141000,22.31998000,358.16000000,0,0,0,0,
	4.62663900,0.48986730,7.38308700,34.65840000,22.31998000,358.16000000,0,1,0,0,
	4.63353200,0.48986730,7.38308700,34.65840000,22.31998000,358.16000000,0,1,0,0,
	4.63723300,0.48986730,7.38308700,34.65840000,22.31998000,358.16000000,0,1,0,0,
	4.64011900,0.48986730,7.38308700,34.65840000,22.31998000,358.16000000,0,1,0,0,
	4.64369300,0.46945260,7.47448700,34.53178000,22.31998000,358.16000000,0,1,0,0,
	4.64741400,0.46945260,7.47448700,34.53178000,22.31998000,358.16000000,0,1,0,0,
	4.65109700,0.46945260,7.47448700,34.53178000,22.31998000,358.16000000,0,1,0,0,
	4.65375400,0.46945260,7.47448700,34.53178000,22.31998000,358.16000000,0,1,0,0,
	4.65656100,0.46945260,7.47448700,34.53178000,22.31998000,358.16000000,0,1,0,0,
	4.66049100,0.46945260,7.47448700,34.53178000,22.31998000,358.16000000,0,1,0,0,
	4.66324300,0.44950850,7.55948700,34.50645000,22.31998000,358.16000000,0,1,0,0,
	4.66760200,0.44950850,7.55948700,34.50645000,22.31998000,358.16000000,0,1,0,0,
	4.67034300,0.44950850,7.55948700,34.50645000,22.31998000,358.16000000,0,1,0,0,
	4.67443500,0.44950850,7.55948700,34.50645000,22.31998000,358.16000000,0,1,0,0,
	4.67718800,0.44950850,7.55948700,34.50645000,22.31998000,358.16000000,0,1,0,0,
	4.68114300,0.44950850,7.55948700,34.50645000,22.31998000,358.16000000,0,1,0,0,
	4.68401900,0.42956440,7.63808700,34.49181000,22.31998000,358.16000000,0,1,0,0,
	4.68840700,0.42956440,7.63808700,34.49181000,22.31998000,358.16000000,0,1,0,0,
	4.69159300,0.42956440,7.63808700,34.49181000,22.31998000,358.16000000,0,1,0,0,
	4.69521100,0.42956440,7.63808700,34.49181000,22.31998000,358.16000000,0,1,0,0,
	4.69792000,0.42956440,7.63808700,34.49181000,22.31998000,358.16000000,0,1,0,0,
	4.70161400,0.42956440,7.63808700,34.49181000,22.31998000,358.16000000,0,1,0,0,
	4.70418000,0.40962030,7.71028700,34.47716000,22.31998000,358.16000000,0,1,0,0,
	4.70855900,0.40962030,7.71028700,34.47716000,22.31998000,358.16000000,0,1,0,0,
	4.71096100,0.40962030,7.71028700,34.47716000,22.31998000,358.16000000,0,1,0,0,
	4.71511900,0.40962030,7.71028700,34.47716000,22.31998000,358.16000000,0,1,0,0,
	4.71771800,0.40962030,7.71028700,34.47716000,22.31998000,358.16000000,0,1,0,0,
	4.72142100,0.40962030,7.71028700,34.47716000,22.31998000,358.16000000,0,1,0,0,
	4.72385100,0.38967620,7.77608700,34.46251000,22.31998000,358.16000000,0,1,0,0,
	4.72851200,0.38967620,7.77608700,34.46251000,22.31998000,358.16000000,0,1,0,0,
	4.73103500,0.38967620,7.77608700,34.46251000,22.31998000,358.16000000,0,1,0,0,
	4.73505300,0.38967620,7.77608700,34.46251000,22.31998000,358.16000000,0,1,0,0,
	4.73757000,0.38967620,7.77608700,34.46251000,22.31998000,358.16000000,0,1,0,0,
	4.74151800,0.38967620,7.77608700,34.46251000,22.31998000,358.16000000,0,1,0,0,
	4.74421600,0.36973200,7.83548700,34.44786000,22.31998000,358.16000000,0,1,0,0,
	4.74854700,0.36973200,7.83548700,34.44786000,22.31998000,358.16000000,0,1,0,0,
	4.75118700,0.36973200,7.83548700,34.44786000,22.31998000,358.16000000,0,1,0,0,
	4.75427900,0.36973200,7.83548700,34.44786000,22.31998000,358.16000000,0,1,0,0,
	4.75762100,0.36973200,7.83548700,34.44786000,22.31998000,358.16000000,0,1,0,0,
	4.76031400,0.36973200,7.83548700,34.44786000,22.31998000,358.16000000,0,1,0,0,
	4.76431400,0.34978790,7.88848700,34.43321000,22.31998000,358.16000000,0,1,0,0,
	4.76795900,0.34978790,7.88848700,34.43321000,22.31998000,358.16000000,0,1,0,0,
	4.77133600,0.34978790,7.88848700,34.43321000,22.31998000,358.16000000,0,1,0,0,
	4.77371700,0.34978790,7.88848700,34.43321000,22.31998000,358.16000000,0,1,0,0,
	4.77819600,0.34978790,7.88848700,34.43321000,22.31998000,358.16000000,0,1,0,0,
	4.78096800,0.34978790,7.88848700,34.43321000,22.31998000,358.16000000,0,1,0,0,
	4.78465700,0.32984380,7.93508700,34.41856000,22.31998000,358.16000000,0,1,0,0,
	4.78773900,0.32984380,7.93508700,34.41856000,22.31998000,358.16000000,0,1,0,0,
	4.79187500,0.32984380,7.93508700,34.41856000,22.31998000,358.16000000,0,1,0,0,
	4.79433600,0.32984380,7.93508700,34.41856000,22.31998000,358.16000000,0,1,0,0,
	4.79898800,0.32984380,7.93508700,34.41856000,22.31998000,358.16000000,0,0,0,0,
	4.80446900,0.30989960,7.97528600,34.40392000,22.31998000,358.16000000,0,0,0,0,
	4.80781200,0.30989960,7.97528600,34.40392000,22.31998000,358.16000000,0,0,0,0,
	4.81215500,0.30989960,7.97528600,34.40392000,22.31998000,358.16000000,0,0,0,0,
	4.81470500,0.30989960,7.97528600,34.40392000,22.31998000,358.16000000,0,0,0,0,
	4.81817900,0.30989960,7.97528600,34.40392000,22.31998000,358.16000000,0,0,0,0,
	4.82064900,0.30989960,7.97528600,34.40392000,22.31998000,358.16000000,0,0,0,0,
	4.82441700,0.28995550,8.00908700,34.38927000,22.31998000,358.16000000,0,0,0,0,
	4.82796900,0.28995550,8.00908700,34.38927000,22.31998000,358.16000000,0,0,0,0,
	4.83115200,0.28995550,8.00908700,34.38927000,22.31998000,358.16000000,0,0,0,0,
	4.83452600,0.28995550,8.00908700,34.38927000,22.31998000,358.16000000,0,0,0,0,
	4.83768800,0.28995550,8.00908700,34.38927000,22.31998000,358.16000000,0,0,0,0,
	4.84109700,0.28995550,8.00908700,34.38927000,22.31998000,358.16000000,0,0,0,0,
	4.84436300,0.27001140,8.03648700,34.37462000,22.31998000,358.16000000,0,0,0,0,
	4.84827900,0.27001140,8.03648700,34.37462000,22.31998000,358.16000000,0,0,0,0,
	4.85108400,0.27001140,8.03648700,34.37462000,22.31998000,358.16000000,0,0,0,0,
	4.85467000,0.27001140,8.03648700,34.37462000,22.31998000,358.16000000,0,0,0,0,
	4.85732400,0.27001140,8.03648700,34.37462000,22.31998000,358.16000000,0,0,0,0,
	4.86220800,0.27001140,8.03648700,34.37462000,22.31998000,358.16000000,0,0,0,0,
	4.86546300,0.25006720,8.05748700,34.35997000,22.31998000,358.16000000,0,0,0,0,
	4.86956200,0.25006720,8.05748700,34.35997000,22.31998000,358.16000000,0,0,0,0,
	4.87319100,0.25006720,8.05748700,34.35997000,22.31998000,358.16000000,0,0,0,0,
	4.87672900,0.25006720,8.05748700,34.35997000,22.31998000,358.16000000,0,0,0,0,
	4.88018600,0.25006720,8.05748700,34.35997000,22.31998000,358.16000000,0,0,0,0,
	4.88330800,0.23012310,8.07208600,34.34532000,22.31998000,358.16000000,0,0,0,0,
	4.88799900,0.23012310,8.07208600,34.34532000,22.31998000,358.16000000,0,0,0,0,
end
