map
	ez_square2
end

values
	0.00632570,-6.32982700,1.90000000,-4.64084600,14.07999000,329.60010000,1,0,0,0,
	0.01245180,-6.32982700,1.90000000,-4.64084600,14.23999000,329.68010000,1,0,0,0,
	0.01771130,-6.32982700,1.90000000,-4.64084600,14.39999000,329.68010000,1,0,0,0,
	0.02318540,-6.32982700,1.90000000,-4.64084600,14.39999000,329.68010000,1,0,0,0,
	0.02818670,-6.34339100,1.90000000,-4.61767200,14.47999000,329.68010000,1,0,0,0,
	0.03354400,-6.34339100,1.90000000,-4.61767200,14.55999000,329.68010000,1,0,0,0,
	0.03906140,-6.34339100,1.90000000,-4.61767200,14.55999000,329.68010000,1,0,0,0,
	0.04376640,-6.34339100,1.90000000,-4.61767200,14.71999000,329.68010000,1,0,0,0,
	0.04909260,-6.36110700,1.90000000,-4.58738900,14.71999000,329.68010000,1,0,0,0,
	0.05523560,-6.36110700,1.90000000,-4.58738900,14.79999000,329.68010000,1,0,0,0,
	0.06107200,-6.36110700,1.90000000,-4.58738900,14.87999000,329.68010000,1,0,0,0,
	0.07244740,-6.38231600,1.90000000,-4.55113100,14.95999000,329.68010000,1,0,0,0,
	0.08299030,-6.38231600,1.90000000,-4.55113100,15.03999000,329.68010000,1,0,0,0,
	0.08609641,-6.40796400,1.90000000,-4.50731200,15.19999000,329.60010000,1,0,0,0,
	0.09038720,-6.40796400,1.90000000,-4.50731200,15.19999000,329.60010000,1,0,0,0,
	0.09452140,-6.40796400,1.90000000,-4.50731200,15.27999000,329.60010000,1,0,0,0,
	0.09797900,-6.40796400,1.90000000,-4.50731200,15.35999000,329.52010000,1,0,0,0,
	0.10180790,-6.40796400,1.90000000,-4.50731200,15.35999000,329.52010000,1,0,0,0,
	0.10587790,-6.43745100,1.90000000,-4.45701800,15.43999000,329.44010000,1,0,0,0,
	0.11001660,-6.43745100,1.90000000,-4.45701800,15.51999000,329.44010000,1,0,0,0,
	0.11341880,-6.43745100,1.90000000,-4.45701800,15.51999000,329.44010000,1,0,0,0,
	0.11841480,-6.43745100,1.90000000,-4.45701800,15.59999000,329.36010000,1,0,0,0,
	0.12154380,-6.43745100,1.90000000,-4.45701800,15.75999000,329.28020000,1,0,0,0,
	0.12529020,-6.43745100,1.90000000,-4.45701800,15.75999000,329.28020000,1,0,0,0,
	0.12908610,-6.47178900,1.90000000,-4.39868100,15.83999000,329.20020000,1,0,0,0,
	0.13348250,-6.47178900,1.90000000,-4.39868100,15.91999000,329.20020000,1,0,0,0,
	0.13748320,-6.47178900,1.90000000,-4.39868100,15.99999000,329.12020000,1,0,0,0,
	0.14150570,-6.47178900,1.90000000,-4.39868100,16.07999000,329.04020000,1,0,0,0,
	0.14551920,-6.50952300,1.90000000,-4.33481700,16.15999000,329.04020000,1,0,0,0,
	0.14951120,-6.50952300,1.90000000,-4.33481700,16.31999000,328.96020000,1,0,0,0,
	0.15459360,-6.50952300,1.90000000,-4.33481700,16.39999000,328.88020000,1,0,0,0,
	0.15891680,-6.50952300,1.90000000,-4.33481700,16.55999000,328.72020000,1,0,0,0,
	0.16476840,-6.50952300,1.90000000,-4.33481700,16.63999000,328.64020000,1,0,0,0,
	0.16894850,-6.55224600,1.90000000,-4.26309400,16.79999000,328.48020000,1,0,0,0,
	0.17396250,-6.55224600,1.90000000,-4.26309400,16.95999000,328.40020000,1,0,0,0,
	0.17944010,-6.55224600,1.90000000,-4.26309400,17.11999000,328.24020000,1,0,0,0,
	0.18387480,-6.55224600,1.90000000,-4.26309400,17.27999000,328.08020000,1,0,0,0,
	0.18987780,-6.59919600,1.90000000,-4.18499900,17.43999000,327.92020000,1,0,0,0,
	0.19464250,-6.59919600,1.90000000,-4.18499900,17.59999000,327.76020000,1,0,0,0,
	0.19904020,-6.59919600,1.90000000,-4.18499900,17.75999000,327.68020000,1,0,0,0,
	0.20522100,-6.59919600,1.90000000,-4.18499900,17.91999000,327.60030000,1,0,0,0,
	0.20976050,-6.65099800,1.90000000,-4.09986500,18.15999000,327.44020000,1,0,0,0,
	0.21447540,-6.65099800,1.90000000,-4.09986500,18.31999000,327.36030000,1,0,0,0,
	0.21917490,-6.65099800,1.90000000,-4.09986500,18.47999000,327.28030000,1,0,0,0,
	0.22378400,-6.65099800,1.90000000,-4.09986500,18.63999000,327.20030000,1,0,0,0,
	0.22842790,-6.70707600,1.90000000,-4.00864900,18.79999000,327.12030000,1,0,0,0,
	0.23476660,-6.70707600,1.90000000,-4.00864900,18.95998000,327.04030000,1,0,0,0,
	0.23944290,-6.70707600,1.90000000,-4.00864900,19.19999000,326.96030000,1,0,0,0,
	0.24419240,-6.70707600,1.90000000,-4.00864900,19.35999000,326.96030000,1,0,0,0,
	0.25002180,-6.76789000,1.90000000,-3.91077100,19.51999000,326.88030000,1,0,0,0,
	0.25475880,-6.76789000,1.90000000,-3.91077100,19.67999000,326.88030000,1,0,0,0,
	0.25866780,-6.76789000,1.90000000,-3.91077100,19.83999000,326.80040000,1,0,0,0,
	0.26315010,-6.76789000,1.90000000,-3.91077100,19.99998000,326.80040000,1,0,0,0,
	0.26861770,-6.83309500,1.90000000,-3.80669900,20.15998000,326.80040000,1,0,0,0,
	0.27324560,-6.83309500,1.90000000,-3.80669900,20.31999000,326.72040000,1,0,0,0,
	0.27994200,-6.83309500,1.90000000,-3.80669900,20.47999000,326.72040000,1,0,0,0,
	0.28475350,-6.83309500,1.90000000,-3.80669900,20.71998000,326.72040000,1,0,0,0,
	0.28867810,-6.90329300,1.90000000,-3.69556500,20.87999000,326.72040000,1,0,0,0,
	0.29360690,-6.90329300,1.90000000,-3.69556500,21.03999000,326.72040000,1,0,0,0,
	0.29836920,-6.90329300,1.90000000,-3.69556500,21.19998000,326.64040000,1,0,0,0,
	0.30342400,-6.90329300,1.90000000,-3.69556500,21.35999000,326.64040000,1,0,0,0,
	0.30823030,-6.97778800,1.90000000,-3.57831600,21.51999000,326.64040000,1,0,0,0,
	0.31359500,-6.97778800,1.90000000,-3.57831600,21.67999000,326.64040000,1,0,0,0,
	0.32052550,-6.97778800,1.90000000,-3.57831600,21.83998000,326.64040000,1,0,0,0,
	0.32495680,-6.97778800,1.90000000,-3.57831600,22.15998000,326.56040000,1,0,0,0,
	0.33048180,-7.05722700,1.90000000,-3.45400700,22.23998000,326.56040000,1,0,0,0,
	0.33554520,-7.05722700,1.90000000,-3.45400700,22.47998000,326.56040000,1,0,0,0,
	0.34051970,-7.05722700,1.90000000,-3.45400700,22.63998000,326.56040000,1,0,0,0,
	0.34675960,-7.14022800,1.90000000,-3.32458900,22.79999000,326.56040000,1,0,0,0,
	0.35244450,-7.14022800,1.90000000,-3.32458900,23.03998000,326.56040000,1,0,0,0,
	0.35738530,-7.14022800,1.90000000,-3.32458900,23.27998000,326.56040000,1,0,0,0,
	0.36313310,-7.14022800,1.90000000,-3.32458900,23.43998000,326.56040000,1,0,0,0,
	0.36733630,-7.22354600,1.90000000,-3.19506100,23.67998000,326.56040000,1,0,0,0,
	0.37160830,-7.22354600,1.90000000,-3.19506100,23.83998000,326.56040000,1,0,0,0,
	0.37640080,-7.22354600,1.90000000,-3.19506100,23.99998000,326.56040000,1,0,0,0,
	0.38075720,-7.22354600,1.90000000,-3.19506100,24.15998000,326.56040000,1,0,0,0,
	0.38496740,-7.22354600,1.90000000,-3.19506100,24.31998000,326.56040000,1,0,0,0,
	0.39027450,-7.30701100,1.90000000,-3.06563000,24.47998000,326.56040000,1,0,0,0,
	0.39502720,-7.30701100,1.90000000,-3.06563000,24.63998000,326.56040000,1,0,0,0,
	0.39868550,-7.30701100,1.90000000,-3.06563000,24.79998000,326.56040000,1,0,0,0,
	0.40377770,-7.30701100,1.90000000,-3.06563000,24.95998000,326.56040000,1,0,0,0,
	0.40850010,-7.39059200,1.90000000,-2.93627600,25.11998000,326.56040000,1,0,0,0,
	0.41332510,-7.39059200,1.90000000,-2.93627600,25.27998000,326.56040000,1,0,0,0,
	0.41821000,-7.39059200,1.90000000,-2.93627600,25.43998000,326.56040000,1,0,0,0,
	0.42471700,-7.39059200,1.90000000,-2.93627600,25.59998000,326.56040000,1,0,0,0,
	0.42850520,-7.47428400,1.90000000,-2.80699700,25.83998000,326.64040000,1,0,0,0,
	0.43283010,-7.47428400,1.90000000,-2.80699700,25.91998000,326.64040000,1,0,0,0,
	0.43726650,-7.47428400,1.90000000,-2.80699700,26.07998000,326.64040000,1,0,0,0,
	0.44164700,-7.47428400,1.90000000,-2.80699700,26.15998000,326.64040000,1,0,0,0,
	0.44554780,-7.55805100,1.90000000,-2.67776700,26.31998000,326.64040000,1,0,0,0,
	0.45012830,-7.55805100,1.90000000,-2.67776700,26.39998000,326.64040000,1,0,0,0,
	0.45402370,-7.55805100,1.90000000,-2.67776700,26.47998000,326.64040000,1,0,0,0,
	0.45826100,-7.55805100,1.90000000,-2.67776700,26.63998000,326.64040000,1,0,0,0,
	0.46196450,-7.55805100,1.90000000,-2.67776700,26.71998000,326.64040000,1,0,0,0,
	0.46567370,-7.64189900,1.90000000,-2.54859100,26.79998000,326.64040000,1,0,0,0,
	0.46982750,-7.64189900,1.90000000,-2.54859100,26.87998000,326.64040000,1,0,0,0,
	0.47379610,-7.64189900,1.90000000,-2.54859100,26.95998000,326.64040000,1,0,0,0,
	0.47799560,-7.64189900,1.90000000,-2.54859100,27.03998000,326.64040000,1,0,0,0,
	0.48289240,-7.64189900,1.90000000,-2.54859100,27.11998000,326.64040000,1,0,0,0,
	0.48801910,-7.72582300,1.90000000,-2.41946500,27.19998000,326.64040000,1,0,0,0,
	0.49267560,-7.72582300,1.90000000,-2.41946500,27.27998000,326.64040000,1,0,0,0,
	0.49662290,-7.72582300,1.90000000,-2.41946500,27.35998000,326.64040000,1,0,0,0,
	0.50127170,-7.72582300,1.90000000,-2.41946500,27.43998000,326.64040000,1,0,0,0,
	0.50412710,-7.72582300,1.90000000,-2.41946500,27.51998000,326.64040000,1,0,0,0,
	0.50778260,-7.80981800,1.90000000,-2.29038500,27.51998000,326.64040000,1,0,0,0,
	0.51183300,-7.80981800,1.90000000,-2.29038500,27.59998000,326.64040000,1,0,0,0,
	0.51651500,-7.80981800,1.90000000,-2.29038500,27.67998000,326.64040000,1,0,0,0,
	0.52025580,-7.80981800,1.90000000,-2.29038500,27.75998000,326.64040000,1,0,0,0,
	0.52444520,-7.80981800,1.90000000,-2.29038500,27.75998000,326.64040000,1,0,0,0,
	0.52766070,-7.89387500,1.90000000,-2.16134600,27.83998000,326.64040000,1,0,0,0,
	0.53189380,-7.89387500,1.90000000,-2.16134600,27.83998000,326.64040000,1,0,0,0,
	0.53592910,-7.89387500,1.90000000,-2.16134600,27.91998000,326.64040000,1,0,0,0,
	0.53874190,-7.89387500,1.90000000,-2.16134600,27.99998000,326.64040000,1,0,0,0,
	0.54174850,-7.89387500,1.90000000,-2.16134600,27.99998000,326.64040000,1,0,0,0,
	0.54705230,-7.97797900,1.90000000,-2.03233900,27.99998000,326.64040000,1,0,0,0,
	0.55239580,-7.97797900,1.90000000,-2.03233900,28.07998000,326.64040000,1,0,0,0,
	0.55620440,-7.97797900,1.90000000,-2.03233900,28.15998000,326.56040000,1,0,0,0,
	0.55901280,-7.97797900,1.90000000,-2.03233900,28.15998000,326.56040000,1,0,0,0,
	0.56404110,-7.97797900,1.90000000,-2.03233900,28.15998000,326.56040000,1,0,0,0,
	0.56743020,-8.06215300,1.90000000,-1.90337600,28.23998000,326.56040000,1,0,0,0,
	0.57352990,-8.06215300,1.90000000,-1.90337600,28.23998000,326.56040000,1,0,0,0,
	0.57876750,-8.06215300,1.90000000,-1.90337600,28.31998000,326.48040000,1,0,0,0,
	0.58909570,-8.14638200,1.90000000,-1.77444900,28.31998000,326.48040000,1,0,0,0,
	0.60121080,-8.14638200,1.90000000,-1.77444900,28.47998000,326.40040000,1,0,0,0,
	0.61291150,-8.23061200,2.01060000,-1.64552100,28.63998000,326.24040000,1,0,0,0,
	0.61955300,-8.23061200,2.01060000,-1.64552100,28.79998000,326.00040000,1,0,0,0,
	0.62535400,-8.23061200,2.01060000,-1.64552100,28.87998000,325.84040000,1,0,0,0,
	0.63170450,-8.31484100,2.11480000,-1.51659300,28.95998000,325.68040000,1,0,0,0,
	0.63685060,-8.31484100,2.11480000,-1.51659300,28.95997000,325.52040000,1,0,0,0,
	0.64183240,-8.31484100,2.11480000,-1.51659300,29.03998000,325.44040000,1,0,0,0,
	0.64652730,-8.39907100,2.21260000,-1.38766600,29.03998000,325.36040000,1,0,0,0,
	0.65182160,-8.39907100,2.21260000,-1.38766600,29.11998000,325.28050000,1,0,1,0,
	0.65727580,-8.39907100,2.21260000,-1.38766600,29.11998000,325.28050000,1,0,1,0,
	0.66159390,-8.39907100,2.21260000,-1.38766600,29.11998000,325.28050000,0,0,1,0,
	0.66649180,-8.47620200,2.30400000,-1.25381900,29.11998000,325.28050000,0,0,1,0,
	0.67330090,-8.47620200,2.30400000,-1.25381900,29.11998000,325.28050000,0,0,1,0,
	0.68396520,-8.47620200,2.30400000,-1.25381900,29.19998000,325.44050000,0,0,1,0,
	0.69545730,-8.55077400,2.38900000,-1.11822400,29.43998000,326.00050000,0,0,1,0,
	0.70122350,-8.55077400,2.38900000,-1.11822400,29.67998000,327.28050000,0,0,1,0,
	0.70903900,-8.62061500,2.46760000,-0.97962500,29.83998000,328.08040000,0,0,1,0,
	0.71706130,-8.62061500,2.46760000,-0.97962500,30.07998000,329.60040000,0,0,1,0,
	0.72966980,-8.68292800,2.53980000,-0.83676430,30.31998000,331.28040000,0,0,1,0,
	0.73500030,-8.68292800,2.53980000,-0.83676430,30.71998000,334.64040000,0,0,1,0,
	0.74079680,-8.68292800,2.53980000,-0.83676430,30.79998000,335.84040000,0,0,1,0,
	0.74723560,-8.73039800,2.60560000,-0.68714400,30.95997000,337.28040000,0,0,1,0,
	0.75312970,-8.73039800,2.60560000,-0.68714400,31.11997000,339.20040000,0,0,1,0,
	0.75799140,-8.73039800,2.60560000,-0.68714400,31.19998000,340.80040000,0,0,1,0,
	0.76305290,-8.73039800,2.60560000,-0.68714400,31.35998000,342.16040000,0,0,1,0,
	0.76807020,-8.76168900,2.66500000,-0.53201630,31.43998000,343.52040000,0,0,1,0,
	0.77534060,-8.76168900,2.66500000,-0.53201630,31.51998000,345.12040000,0,0,1,0,
	0.78432020,-8.76168900,2.66500000,-0.53201630,31.59998000,347.52040000,0,0,1,0,
	0.78894080,-8.77680600,2.71800000,-0.37331790,31.67998000,349.52040000,0,0,1,0,
	0.79399490,-8.77680600,2.71800000,-0.37331790,31.75997000,350.96040000,0,0,1,0,
	0.79952740,-8.77680600,2.71800000,-0.37331790,31.75998000,352.32040000,0,0,1,0,
	0.80657310,-8.78024500,2.76460000,-0.21305080,31.83998000,353.76040000,0,0,1,0,
	0.82073790,-8.78024500,2.76460000,-0.21305080,31.83997000,355.36040000,0,0,1,1,
	0.82821200,-8.77923400,2.80480000,-0.05242256,31.91997000,358.24040000,0,0,1,1,
	0.83539080,-8.77923400,2.80480000,-0.05242256,31.99997000,359.36040000,0,0,1,1,
	0.84349460,-8.77923400,2.80480000,-0.05242256,32.07998000,0.80039890,0,0,0,1,
	0.85094170,-8.78807000,2.83860000,0.10852200,32.15998000,1.84041800,0,0,0,1,
	0.85907190,-8.78807000,2.83860000,0.10852200,32.15998000,2.48043400,0,0,0,1,
	0.86331950,-8.78807000,2.83860000,0.10852200,32.23999000,3.20044600,0,0,0,1,
	0.86793260,-8.79690600,2.86600000,0.26946660,32.31998000,3.52045400,0,0,0,1,
	0.87299300,-8.79690600,2.86600000,0.26946660,32.31999000,3.76043900,0,0,0,1,
	0.87638490,-8.79690600,2.86600000,0.26946660,32.39999000,3.92043000,0,0,0,1,
	0.87907060,-8.79690600,2.86600000,0.26946660,32.39999000,3.92043000,0,0,0,1,
	0.88264540,-8.79690600,2.86600000,0.26946660,32.39999000,3.92043000,0,0,0,1,
	0.88552170,-8.80574100,2.88700000,0.43041120,32.39999000,3.92043000,0,0,0,1,
	0.89018190,-8.80574100,2.88700000,0.43041120,32.39999000,3.92043000,0,0,0,1,
	0.89291860,-8.80574100,2.88700000,0.43041120,32.39999000,3.92043000,0,0,0,1,
	0.89594360,-8.80574100,2.88700000,0.43041120,32.39999000,3.92043000,0,0,0,1,
	0.89886970,-8.80574100,2.88700000,0.43041120,32.39999000,3.92043000,0,0,0,1,
	0.90230110,-8.80574100,2.88700000,0.43041120,32.39999000,3.92043000,0,0,0,1,
	0.90664510,-8.81457700,2.90160000,0.59135580,32.39999000,3.92043000,0,0,0,1,
	0.91199430,-8.81457700,2.90160000,0.59135580,32.48000000,3.84046100,0,0,0,1,
	0.91808550,-8.81457700,2.90160000,0.59135580,32.47999000,3.76046600,0,0,0,1,
	0.92280270,-8.81457700,2.90160000,0.59135580,32.55999000,3.60044900,0,0,0,1,
	0.92682210,-8.82341300,2.90980000,0.75230040,32.63999000,3.44045800,0,0,0,1,
	0.93316580,-8.82341300,2.90980000,0.75230040,32.63999000,3.28044100,0,0,0,1,
	0.93998690,-8.82341300,2.90980000,0.75230040,32.71999000,2.96046000,0,0,0,1,
	0.94672580,-8.83224900,2.91160000,0.91324500,32.80000000,2.64045200,0,0,0,1,
	0.95402280,-8.83224900,2.91160000,0.91324500,32.80000000,2.08043100,0,0,0,1,
	0.96077390,-8.83224900,2.91160000,0.91324500,32.88000000,1.52043800,0,0,0,1,
	0.96647020,-8.84355200,2.90700000,1.07424000,32.96000000,0.96044390,0,0,0,1,
	0.97233830,-8.84355200,2.90700000,1.07424000,32.96000000,0.32042790,0,0,0,1,
	0.97745450,-8.84355200,2.90700000,1.07424000,32.96000000,359.68040000,0,0,0,1,
	0.98358570,-8.84355200,2.90700000,1.07424000,32.96000000,359.04040000,0,0,0,1,
	0.98951470,-8.86227600,2.89600000,1.23514500,32.96001000,358.32040000,0,0,0,1,
	0.99577330,-8.86227600,2.89600000,1.23514500,32.96000000,357.52040000,0,0,0,1,
	1.00092900,-8.86227600,2.89600000,1.23514500,32.96000000,356.64040000,0,0,0,1,
	1.00807900,-8.88821100,2.87860000,1.39562300,32.96000000,355.76040000,0,0,0,1,
	1.01521600,-8.88821100,2.87860000,1.39562300,32.96000000,354.48040000,0,0,0,1,
	1.02171700,-8.88821100,2.87860000,1.39562300,32.96000000,353.36040000,0,0,0,1,
	1.02869600,-8.92472600,2.85480000,1.55484900,32.88000000,352.00040000,0,0,0,1,
	1.03478800,-8.92472600,2.85480000,1.55484900,32.79999000,350.72040000,0,0,0,1,
	1.04301200,-8.92472600,2.85480000,1.55484900,32.79999000,349.68040000,0,0,0,1,
	1.04970800,-8.97198800,2.82460000,1.71206800,32.71999000,348.16040000,0,0,0,1,
	1.05875900,-8.97198800,2.82460000,1.71206800,32.63999000,346.80040000,0,0,0,1,
	1.06906000,-9.02812200,2.78800000,1.86703300,32.56000000,344.96040000,0,0,0,1,
	1.07512600,-9.02812200,2.78800000,1.86703300,32.39999000,342.88050000,0,0,0,1,
	1.07955500,-9.02812200,2.78800000,1.86703300,32.39999000,341.60050000,0,0,0,1,
	1.08490200,-9.02812200,2.78800000,1.86703300,32.31998000,340.48050000,0,0,0,1,
	1.09041200,-9.09908800,2.74500000,2.01703200,32.23999000,339.52050000,0,0,0,1,
	1.09510100,-9.09908800,2.74500000,2.01703200,32.23998000,338.24050000,0,0,0,1,
	1.09962600,-9.09908800,2.74500000,2.01703200,32.15998000,337.20040000,0,0,0,1,
	1.10659700,-9.17964600,2.69560000,2.16298100,32.07998000,335.92050000,0,0,0,1,
	1.11443100,-9.17964600,2.69560000,2.16298100,31.99998000,334.24050000,0,0,0,1,
	1.12087700,-9.17964600,2.69560000,2.16298100,31.91998000,332.00050000,0,0,0,1,
	1.12581100,-9.27380500,2.63980000,2.30180900,31.83998000,330.64050000,0,0,0,1,
	1.13377500,-9.27380500,2.63980000,2.30180900,31.67999000,329.12050000,0,0,0,1,
	1.14270400,-9.27380500,2.63980000,2.30180900,31.59998000,326.88050000,0,0,0,1,
	1.14799800,-9.38355300,2.57760000,2.43024800,31.35998000,324.24050000,0,0,0,1,
	1.15693100,-9.38355300,2.57760000,2.43024800,31.27998000,322.96050000,0,0,0,1,
	1.16208700,-9.38355300,2.57760000,2.43024800,31.03998000,320.16050000,0,0,0,1,
	1.16721200,-9.50549100,2.50900000,2.54864400,30.95998000,318.88050000,0,0,0,1,
	1.17182900,-9.50549100,2.50900000,2.54864400,30.87998000,317.28050000,0,0,0,1,
	1.17796800,-9.50549100,2.50900000,2.54864400,30.71998000,315.92050000,0,0,0,1,
	1.18459500,-9.50549100,2.50900000,2.54864400,30.63998000,314.24050000,0,0,0,1,
	1.19070600,-9.64113400,2.43400000,2.65322400,30.47999000,312.32050000,0,0,0,1,
	1.19593100,-9.64113400,2.43400000,2.65322400,30.39998000,310.64050000,0,0,0,1,
	1.20170400,-9.64113400,2.43400000,2.65322400,30.23998000,309.28050000,0,0,0,1,
	1.20952500,-9.78539800,2.35260000,2.74726000,30.15998000,307.76060000,0,0,0,1,
	1.21862300,-9.78539800,2.35260000,2.74726000,29.99998000,305.68060000,0,0,0,1,
	1.22438700,-9.78539800,2.35260000,2.74726000,29.83998000,303.68060000,0,0,0,1,
	1.23475900,-9.93870200,2.26480000,2.82797000,29.67998000,302.40060000,0,0,1,1,
	1.24762500,-10.09200000,2.37540000,2.90867900,29.51999000,300.40060000,0,0,1,0,
	1.25498900,-10.09200000,2.37540000,2.90867900,29.27998000,298.16060000,0,0,1,0,
	1.26169200,-10.09200000,2.37540000,2.90867900,29.19998000,297.44060000,0,0,1,0,
	1.26600100,-10.23814000,2.47960000,3.00278500,29.11998000,296.88060000,0,0,1,0,
	1.27154800,-10.23814000,2.47960000,3.00278500,29.11998000,296.64060000,0,0,1,0,
	1.27486400,-10.23814000,2.47960000,3.00278500,29.03998000,296.48060000,0,0,1,0,
	1.27828900,-10.23814000,2.47960000,3.00278500,29.03998000,296.48060000,0,0,1,0,
	1.28118800,-10.23814000,2.47960000,3.00278500,29.03998000,296.48060000,0,0,1,0,
	1.28399700,-10.23814000,2.47960000,3.00278500,29.03998000,296.48060000,0,0,1,0,
	1.28711000,-10.38427000,2.57740000,3.09689100,29.03998000,296.48060000,0,0,1,0,
	1.29312500,-10.38427000,2.57740000,3.09689100,29.03998000,296.48060000,0,0,1,0,
	1.29768700,-10.38427000,2.57740000,3.09689100,29.03998000,296.56060000,0,0,1,0,
	1.30372100,-10.38427000,2.57740000,3.09689100,28.95998000,296.64060000,0,0,1,0,
	1.30807800,-10.53040000,2.66880000,3.19099700,28.95998000,296.80060000,0,0,1,0,
	1.31452900,-10.53040000,2.66880000,3.19099700,28.95998000,296.96060000,0,0,1,0,
	1.32314500,-10.53040000,2.66880000,3.19099700,28.87998000,297.20060000,0,0,1,0,
	1.32799100,-10.67653000,2.75380000,3.28510200,28.87998000,297.76060000,0,0,1,0,
	1.33465400,-10.67653000,2.75380000,3.28510200,28.87999000,298.16060000,0,0,1,0,
	1.34084900,-10.67653000,2.75380000,3.28510200,28.87999000,298.88060000,0,0,1,0,
	1.34866200,-10.82054000,2.83240000,3.38301100,28.87999000,299.60060000,0,0,1,0,
	1.35739800,-10.82054000,2.83240000,3.38301100,28.87998000,300.72060000,0,0,1,0,
	1.36269000,-10.82054000,2.83240000,3.38301100,28.87998000,302.08050000,0,0,1,0,
	1.36847700,-10.95875000,2.90460000,3.49018700,28.87998000,303.20050000,0,0,1,0,
	1.37417300,-10.95875000,2.90460000,3.49018700,28.87998000,304.32050000,0,0,1,0,
	1.38072400,-10.95875000,2.90460000,3.49018700,28.95999000,305.36050000,0,0,1,0,
	1.38672700,-11.09011000,2.97040000,3.60686100,29.03998000,307.04050000,0,0,1,0,
	1.39263200,-11.09011000,2.97040000,3.60686100,29.11999000,308.72050000,0,0,1,0,
	1.39750700,-11.09011000,2.97040000,3.60686100,29.19998000,310.40050000,0,0,1,0,
	1.40693600,-11.21281000,3.02980000,3.73386100,29.19998000,311.44050000,0,0,1,0,
	1.41257100,-11.21281000,3.02980000,3.73386100,29.35998000,314.40050000,0,0,1,0,
	1.41861400,-11.21281000,3.02980000,3.73386100,29.51999000,316.32050000,0,0,1,0,
	1.42655500,-11.32023000,3.08280000,3.87557100,29.59999000,318.32050000,0,0,1,0,
	1.43305800,-11.32023000,3.08280000,3.87557100,29.67999000,320.64050000,0,0,1,0,
	1.43919200,-11.32023000,3.08280000,3.87557100,29.83998000,323.20050000,0,0,1,0,
	1.44655300,-11.41228000,3.12940000,4.02905400,29.91998000,324.56050000,0,0,1,0,
	1.45272900,-11.41228000,3.12940000,4.02905400,30.07998000,327.20050000,0,0,1,0,
	1.45655000,-11.41228000,3.12940000,4.02905400,30.15999000,329.20050000,0,0,1,0,
	1.46234300,-11.41228000,3.12940000,4.02905400,30.23998000,330.80050000,0,0,1,0,
	1.46846800,-11.48209000,3.16960000,4.19551200,30.39998000,332.80050000,0,0,1,0,
	1.47468900,-11.48209000,3.16960000,4.19551200,30.47999000,334.80050000,0,0,1,0,
	1.48108600,-11.48209000,3.16960000,4.19551200,30.63998000,336.72060000,0,0,1,0,
	1.48603200,-11.53404000,3.20340000,4.36957700,30.71998000,338.96050000,0,0,1,0,
	1.49157000,-11.53404000,3.20340000,4.36957700,30.87998000,340.40050000,0,0,1,0,
	1.49777600,-11.53404000,3.20340000,4.36957700,31.03998000,342.72060000,0,0,1,0,
	1.50374600,-11.53404000,3.20340000,4.36957700,31.19998000,344.72060000,0,0,1,0,
	1.50855000,-11.56261000,3.23080000,4.55044300,31.35998000,346.64060000,0,0,1,0,
	1.51659300,-11.56261000,3.23080000,4.55044300,31.51998000,348.32060000,0,0,1,0,
	1.52286700,-11.56261000,3.23080000,4.55044300,31.75998000,350.72060000,0,0,1,0,
	1.52805600,-11.57200000,3.25180000,4.73444200,31.99998000,352.72060000,0,0,1,0,
	1.53250100,-11.57200000,3.25180000,4.73444200,32.15998000,354.16060000,0,0,1,0,
	1.53884900,-11.57200000,3.25180000,4.73444200,32.31998000,355.84050000,0,0,1,0,
	1.54361700,-11.57200000,3.25180000,4.73444200,32.47998000,357.52050000,0,0,1,0,
	1.55102300,-11.56084000,3.26640000,4.91961600,32.71998000,359.12050000,0,0,1,0,
	1.55751100,-11.56084000,3.26640000,4.91961600,32.95998000,1.28053400,0,0,1,0,
	1.56655600,-11.53649000,3.27460000,5.10428700,33.19999000,3.20055500,0,0,1,0,
	1.57270100,-11.53649000,3.27460000,5.10428700,33.43999000,5.84058700,0,0,1,0,
	1.57842700,-11.53649000,3.27460000,5.10428700,33.59999000,7.44057300,0,0,1,0,
	1.58259900,-11.53649000,3.27460000,5.10428700,33.84000000,9.12058100,0,0,1,0,
	1.59647600,-11.48920000,3.27640000,5.28584200,33.91999000,10.32059000,0,0,1,0,
	1.60149100,-11.48920000,3.27640000,5.28584200,34.32000000,14.00059000,0,0,1,0,
	1.60697300,-11.42593000,3.27180000,5.46330500,34.40000000,15.36056000,0,0,1,0,
	1.61790300,-11.42593000,3.27180000,5.46330500,34.55999000,16.88055000,0,0,1,0,
	1.62989100,-11.34824000,3.26080000,5.63580900,34.88000000,20.00056000,0,0,1,0,
	1.63481100,-11.34824000,3.26080000,5.63580900,35.12000000,23.28055000,0,0,1,0,
	1.64541400,-11.25677000,3.24340000,5.80228000,35.27999000,24.56055000,0,0,1,0,
	1.65140100,-11.25677000,3.24340000,5.80228000,35.44001000,26.96054000,0,0,1,0,
	1.65858300,-11.25677000,3.24340000,5.80228000,35.52000000,28.96053000,0,0,1,0,
	1.66391600,-11.25677000,3.24340000,5.80228000,35.68000000,30.80053000,0,0,1,0,
	1.66967500,-11.14422000,3.21960000,5.95697900,35.68000000,31.84056000,0,0,1,0,
	1.67554500,-11.14422000,3.21960000,5.95697900,35.76000000,33.36054000,0,0,1,0,
	1.68186700,-11.14422000,3.21960000,5.95697900,35.84000000,34.88053000,0,0,1,0,
	1.68821700,-11.01919000,3.20392000,6.10297400,35.92001000,36.40052000,0,0,1,0,
	1.69389700,-11.01919000,3.20392000,6.10297400,35.92001000,37.76049000,0,0,1,0,
	1.70561200,-10.88722000,3.20078400,6.24347800,36.00001000,39.04049000,0,0,1,0,
	1.71040300,-10.88722000,3.20078400,6.24347800,36.08001000,41.68051000,0,0,1,0,
	1.71450900,-10.88722000,3.20078400,6.24347800,36.16001000,42.64050000,0,0,1,0,
	1.71888500,-10.88722000,3.20078400,6.24347800,36.16001000,43.52050000,0,0,1,0,
	1.73004500,-10.74256000,3.31138400,6.37235100,36.24002000,44.16052000,0,0,1,0,
	1.73477300,-10.74256000,3.31138400,6.37235100,36.32001000,46.08054000,0,0,1,0,
	1.74067000,-10.74256000,3.31138400,6.37235100,36.40001000,46.96054000,0,0,1,0,
	1.74575600,-10.58901000,3.41558400,6.49176400,36.40001000,48.00056000,0,0,1,0,
	1.75200900,-10.58901000,3.41558400,6.49176400,36.48002000,48.72054000,0,0,1,0,
	1.76176400,-10.58901000,3.41558400,6.49176400,36.48001000,49.52055000,0,0,1,0,
	1.76646300,-10.42935000,3.51338400,6.60391400,36.56002000,50.80053000,0,0,1,0,
	1.77499200,-10.42935000,3.51338400,6.60391400,36.64002000,51.36052000,0,0,1,1,
	1.78285300,-10.42935000,3.51338400,6.60391400,36.72002000,51.92054000,0,0,1,1,
	1.78804400,-10.26849000,3.60478400,6.71457800,36.80003000,52.40054000,0,0,1,1,
	1.79179900,-10.26849000,3.60478400,6.71457800,36.80002000,52.56056000,0,0,1,1,
	1.79470200,-10.26849000,3.60478400,6.71457800,36.80002000,52.56056000,0,0,1,1,
	1.79747200,-10.26849000,3.60478400,6.71457800,36.80002000,52.56056000,0,0,1,1,
	1.80095300,-10.26849000,3.60478400,6.71457800,36.80002000,52.56056000,0,0,1,1,
	1.80394900,-10.26849000,3.60478400,6.71457800,36.80002000,52.56056000,0,0,1,1,
	1.80717900,-10.10764000,3.68978400,6.82524200,36.80002000,52.56056000,0,0,1,1,
	1.81364000,-10.10764000,3.68978400,6.82524200,36.80002000,52.56056000,0,0,0,1,
	1.82050600,-10.10764000,3.68978400,6.82524200,36.80002000,52.48056000,0,0,0,1,
	1.82933200,-9.96224100,3.76838400,6.95591400,36.80003000,52.16055000,0,0,0,1,
	1.83549100,-9.96224100,3.76838400,6.95591400,36.88003000,51.44054000,0,0,0,1,
	1.84200800,-9.96224100,3.76838400,6.95591400,36.88003000,50.88055000,0,0,0,1,
	1.84808700,-9.82114500,3.84058400,7.09186900,36.88002000,50.16055000,0,0,0,1,
	1.85255600,-9.82114500,3.84058400,7.09186900,36.88002000,49.44056000,0,0,0,1,
	1.85948300,-9.82114500,3.84058400,7.09186900,36.88003000,48.72054000,0,0,0,1,
	1.86544700,-9.68604000,3.90638400,7.23456400,36.88003000,47.52053000,0,0,0,1,
	1.87180900,-9.68604000,3.90638400,7.23456400,36.88003000,46.40055000,0,0,0,1,
	1.87689700,-9.68604000,3.90638400,7.23456400,36.88003000,45.44054000,0,0,0,1,
	1.88070800,-9.68604000,3.90638400,7.23456400,36.80003000,44.32056000,0,0,0,1,
	1.88673600,-9.56083000,3.96578400,7.38714200,36.80003000,43.44056000,0,0,0,1,
	1.89371400,-9.56083000,3.96578400,7.38714200,36.80003000,42.16056000,0,0,0,1,
	1.90046700,-9.56083000,3.96578400,7.38714200,36.72002000,40.48055000,0,0,0,1,
	1.90696400,-9.44780100,4.01878400,7.55006200,36.72002000,38.80057000,0,0,0,1,
	1.91261200,-9.44780100,4.01878400,7.55006200,36.64002000,37.52056000,0,0,0,1,
	1.91799700,-9.44780100,4.01878400,7.55006200,36.56002000,35.84058000,0,0,0,1,
	1.92551300,-9.34687400,4.06538400,7.72174700,36.56002000,34.48058000,0,0,0,1,
	1.93174200,-9.34687400,4.06538400,7.72174700,36.48001000,32.16058000,0,0,0,1,
	1.93886900,-9.34687400,4.06538400,7.72174700,36.40001000,30.48057000,0,0,0,1,
	1.94505600,-9.34687400,4.06538400,7.72174700,36.40001000,28.48059000,0,0,0,1,
	1.95505000,-9.26915600,4.10558400,7.90664700,36.32001000,26.80061000,0,0,0,1,
	1.96157100,-9.26915600,4.10558400,7.90664700,36.16001000,23.52058000,0,0,0,1,
	1.96630800,-9.20927000,4.13938400,8.09897400,36.00001000,21.28061000,0,0,0,1,
	1.97122400,-9.20927000,4.13938400,8.09897400,35.92001000,19.60061000,0,0,0,1,
	1.97672800,-9.20927000,4.13938400,8.09897400,35.84002000,18.00062000,0,0,0,1,
	1.98375500,-9.20927000,4.13938400,8.09897400,35.68001000,15.92061000,0,0,0,1,
	1.98976800,-9.17557000,4.16678400,8.29900700,35.52001000,13.52062000,0,0,0,1,
	1.99677600,-9.17557000,4.16678400,8.29900700,35.28001000,11.20062000,0,0,0,1,
	2.00282500,-9.17557000,4.16678400,8.29900700,35.12001000,8.64061100,0,0,0,1,
	2.00765900,-9.16678700,4.18778400,8.50288300,34.96001000,6.40063500,0,0,0,1,
	2.01261200,-9.16678700,4.18778400,8.50288300,34.80001000,4.56063700,0,0,0,1,
	2.02150200,-9.16678700,4.18778400,8.50288300,34.64001000,2.96062400,0,0,0,1,
	2.02633800,-9.18192800,4.20238400,8.70750800,34.32001000,359.68060000,0,0,0,1,
	2.03406400,-9.18192800,4.20238400,8.70750800,34.16001000,357.92060000,0,0,0,1,
	2.03951700,-9.18192800,4.20238400,8.70750800,34.00001000,355.60060000,0,0,0,1,
	2.04424400,-9.18192800,4.20238400,8.70750800,33.84002000,353.60060000,0,0,0,1,
	2.05302500,-9.22333800,4.21058400,8.90985300,33.76001000,352.32060000,0,0,0,1,
	2.06108100,-9.22333800,4.21058400,8.90985300,33.52000000,349.68060000,0,0,0,1,
	2.06698100,-9.28338400,4.21238400,9.10835800,33.28000000,347.04060000,0,0,0,1,
	2.07800400,-9.28338400,4.21238400,9.10835800,33.20000000,345.04060000,0,0,0,1,
	2.08519200,-9.28338400,4.21238400,9.10835800,32.88000000,341.60060000,0,0,0,1,
	2.09063800,-9.36904400,4.20778400,9.29853300,32.72001000,339.60060000,0,0,0,1,
	2.09698700,-9.36904400,4.20778400,9.29853300,32.48000000,337.60060000,0,0,0,1,
	2.10367800,-9.36904400,4.20778400,9.29853300,32.32000000,335.60060000,0,0,0,1,
	2.10859200,-9.47433900,4.19678400,9.47982300,32.07999000,333.68060000,0,0,0,1,
	2.11463500,-9.47433900,4.19678400,9.47982300,32.00000000,332.32060000,0,0,0,1,
	2.12095400,-9.47433900,4.19678400,9.47982300,31.76000000,330.40060000,0,0,0,1,
	2.12794500,-9.59565000,4.17938400,9.65197800,31.60000000,328.64060000,0,0,0,1,
	2.13473000,-9.59565000,4.17938400,9.65197800,31.36000000,326.72060000,0,0,0,1,
	2.14079700,-9.59565000,4.17938400,9.65197800,31.04000000,324.72060000,0,0,0,1,
	2.14800700,-9.73334000,4.15558400,9.81266400,30.88000000,323.20060000,0,0,0,1,
	2.15599700,-9.73334000,4.15558400,9.81266400,30.64000000,321.44060000,0,0,0,1,
	2.16247400,-9.73334000,4.15558400,9.81266400,30.40000000,319.44060000,0,0,0,1,
	2.16719800,-9.88653600,4.12538400,9.96011400,30.15999000,317.68050000,0,0,0,1,
	2.17372500,-9.88653600,4.12538400,9.96011400,30.08000000,316.64050000,0,0,0,1,
	2.18240800,-9.88653600,4.12538400,9.96011400,29.84001000,314.88050000,0,0,0,1,
	2.19097300,-10.05259000,4.08878400,10.09440000,29.60000000,312.72050000,0,0,0,1,
	2.19782300,-10.05259000,4.08878400,10.09440000,29.36000000,310.72050000,0,0,0,1,
	2.20390100,-10.05259000,4.08878400,10.09440000,29.20000000,309.04050000,0,0,0,1,
	2.21052900,-10.23054000,4.04578400,10.21415000,29.04000000,307.68050000,0,0,0,1,
	2.22029600,-10.23054000,4.04578400,10.21415000,28.88000000,305.92050000,0,0,0,1,
	2.22589300,-10.41732000,3.99638300,10.32108000,28.64000000,303.52050000,0,0,0,1,
	2.23292500,-10.41732000,3.99638300,10.32108000,28.48000000,302.24050000,0,0,0,1,
	2.23792600,-10.41732000,3.99638300,10.32108000,28.32000000,300.56050000,0,0,0,1,
	2.24201300,-10.41732000,3.99638300,10.32108000,28.24001000,299.60060000,0,0,0,1,
	2.24687100,-10.61339000,4.10698300,10.41221000,28.16000000,298.64060000,0,0,0,1,
	2.25371500,-10.61339000,4.10698300,10.41221000,28.08001000,297.44060000,0,0,0,1,
	2.25893600,-10.61339000,4.10698300,10.41221000,27.92000000,295.84050000,0,0,0,1,
	2.26595600,-10.81582000,4.21118300,10.49032000,27.84001000,294.80050000,0,0,0,1,
	2.27194600,-10.81582000,4.21118300,10.49032000,27.68000000,293.36050000,0,0,0,1,
	2.28096700,-10.81582000,4.21118300,10.49032000,27.52000000,292.08050000,0,0,0,1,
	2.28690500,-11.02445000,4.30898300,10.55298000,27.36000000,290.40050000,0,0,0,1,
	2.29265700,-11.02445000,4.30898300,10.55298000,27.20000000,289.28050000,0,0,0,1,
	2.29900000,-11.02445000,4.30898300,10.55298000,27.12000000,288.16060000,0,0,0,1,
	2.30301500,-11.02445000,4.30898300,10.55298000,26.96000000,287.04060000,0,0,0,1,
	2.30875500,-11.23749000,4.40038300,10.60204000,26.88000000,286.64060000,0,0,0,1,
	2.31905500,-11.23749000,4.40038300,10.60204000,26.80001000,285.76060000,0,0,0,1,
	2.32458100,-11.23749000,4.40038300,10.60204000,26.72000000,284.96060000,0,0,0,1,
	2.32826400,-11.45247000,4.48538300,10.64405000,26.64001000,284.72060000,0,0,0,1,
	2.33259200,-11.45247000,4.48538300,10.64405000,26.64001000,284.72060000,0,0,1,1,
	2.33751600,-11.45247000,4.48538300,10.64405000,26.64001000,284.72060000,0,0,1,1,
	2.34425400,-11.45247000,4.48538300,10.64405000,26.64001000,284.72060000,0,0,1,1,
	2.35473300,-11.66744000,4.56398300,10.68605000,26.64000000,284.96060000,0,0,1,0,
	2.36293900,-11.66744000,4.56398300,10.68605000,26.64001000,285.68050000,0,0,1,0,
	2.36798000,-11.87264000,4.63618300,10.76200000,26.64001000,286.64060000,0,0,1,0,
	2.37391300,-11.87264000,4.63618300,10.76200000,26.72000000,287.28060000,0,0,1,0,
	2.37984400,-11.87264000,4.63618300,10.76200000,26.80000000,288.40060000,0,0,1,0,
	2.38528300,-11.87264000,4.63618300,10.76200000,26.88000000,289.52060000,0,0,1,0,
	2.39095500,-12.07248000,4.70198300,10.85321000,27.04000000,290.88060000,0,0,1,0,
	2.39631000,-12.07248000,4.70198300,10.85321000,27.12000000,292.16060000,0,0,1,0,
	2.40740300,-12.26891000,4.76138300,10.95264000,27.20001000,293.20060000,0,0,1,0,
	2.41358800,-12.26891000,4.76138300,10.95264000,27.44000000,296.16060000,0,0,1,0,
	2.41906500,-12.26891000,4.76138300,10.95264000,27.52000000,297.84050000,0,0,1,0,
	2.42657600,-12.45491000,4.81438300,11.07227000,27.60001000,299.12050000,0,0,1,0,
	2.43212900,-12.45491000,4.81438300,11.07227000,27.76000000,301.44050000,0,0,1,0,
	2.44049900,-12.45491000,4.81438300,11.07227000,27.84000000,302.80050000,0,0,1,0,
	2.44674800,-12.62747000,4.86098300,11.21228000,28.00000000,305.44060000,0,0,1,0,
	2.45384500,-12.62747000,4.86098300,11.21228000,28.16000000,307.12050000,0,0,1,0,
	2.45798900,-12.62747000,4.86098300,11.21228000,28.24001000,308.80050000,0,0,1,0,
	2.46350900,-12.62747000,4.86098300,11.21228000,28.32000000,310.00050000,0,0,1,0,
	2.46970700,-12.78554000,4.90118300,11.37009000,28.40000000,311.36050000,0,0,1,0,
	2.47469500,-12.78554000,4.90118300,11.37009000,28.48000000,312.64050000,0,0,1,0,
	2.47986100,-12.78554000,4.90118300,11.37009000,28.56000000,313.52060000,0,0,1,0,
	2.48714600,-12.93546000,4.93498300,11.53651000,28.72000000,314.40050000,0,0,1,0,
	2.49463300,-12.93546000,4.93498300,11.53651000,28.80000000,315.44060000,0,0,1,1,
	2.50251600,-12.93546000,4.93498300,11.53651000,28.88000000,316.32060000,0,0,1,1,
	2.50717200,-13.08249000,4.96238300,11.70577000,28.96000000,316.88060000,0,0,1,1,
	2.51159000,-13.08249000,4.96238300,11.70577000,29.04000000,317.04060000,0,0,0,1,
	2.51672100,-13.08249000,4.96238300,11.70577000,29.04000000,317.12050000,0,0,0,1,
	2.51940100,-13.08249000,4.96238300,11.70577000,29.04000000,317.12050000,0,0,0,1,
	2.52259300,-13.08249000,4.96238300,11.70577000,29.04000000,317.12050000,0,0,0,1,
	2.52663300,-13.24523000,4.98338300,11.86045000,29.04000000,317.12050000,0,0,0,1,
	2.53137300,-13.24523000,4.98338300,11.86045000,29.04000000,317.04060000,0,0,0,1,
	2.53549400,-13.24523000,4.98338300,11.86045000,29.12000000,316.88060000,0,0,0,1,
	2.54297700,-13.24523000,4.98338300,11.86045000,29.12000000,316.72050000,0,0,0,1,
	2.54798800,-13.41047000,4.99798300,12.01276000,29.20000000,316.24050000,0,0,0,1,
	2.55699900,-13.41047000,4.99798300,12.01276000,29.28000000,315.76050000,0,0,0,1,
	2.56195200,-13.41047000,4.99798300,12.01276000,29.36000000,314.72050000,0,0,0,1,
	2.56681400,-13.58167000,5.00618300,12.15906000,29.36000000,314.08050000,0,0,0,1,
	2.57263900,-13.58167000,5.00618300,12.15906000,29.36000000,313.28050000,0,0,0,1,
	2.57878100,-13.58167000,5.00618300,12.15906000,29.44000000,312.00050000,0,0,0,1,
	2.58588100,-13.76107000,5.00798300,12.29625000,29.44000000,310.96050000,0,0,0,1,
	2.59372000,-13.76107000,5.00798300,12.29625000,29.44000000,309.28050000,0,0,0,1,
	2.59954200,-13.76107000,5.00798300,12.29625000,29.44000000,307.28050000,0,0,0,1,
	2.60587000,-13.95311000,5.00338300,12.41692000,29.44000000,305.68050000,0,0,0,1,
	2.61287800,-13.95311000,5.00338300,12.41692000,29.44000000,304.00050000,0,0,0,1,
	2.61974500,-13.95311000,5.00338300,12.41692000,29.36001000,301.92050000,0,0,0,1,
	2.62572300,-14.15748000,4.99238300,12.51764000,29.36001000,299.76050000,0,0,0,1,
	2.63173200,-14.15748000,4.99238300,12.51764000,29.28000000,297.76050000,0,0,0,1,
	2.63981600,-14.15748000,4.99238300,12.51764000,29.20000000,295.84050000,0,0,0,1,
	2.64557000,-14.37280000,4.97498300,12.59539000,29.12000000,293.36050000,0,0,0,1,
	2.65158300,-14.37280000,4.97498300,12.59539000,28.96001000,291.44050000,0,0,0,1,
	2.65793700,-14.37280000,4.97498300,12.59539000,28.88001000,289.76050000,0,0,0,1,
	2.66444000,-14.37280000,4.97498300,12.59539000,28.72001000,287.76050000,0,0,0,1,
	2.66971400,-14.59780000,4.95118300,12.64435000,28.56000000,285.76050000,0,0,0,1,
	2.67643400,-14.59780000,4.95118300,12.64435000,28.48000000,284.08050000,0,0,0,1,
	2.68719900,-14.82602000,4.92098300,12.67953000,28.32001000,282.24050000,0,0,0,1,
	2.69338600,-14.82602000,4.92098300,12.67953000,28.00001000,279.28050000,0,0,0,1,
	2.70085800,-14.82602000,4.92098300,12.67953000,27.84000000,277.60050000,0,0,0,1,
	2.70569200,-15.05780000,4.88438300,12.68885000,27.68000000,275.76050000,0,0,0,1,
	2.71363400,-15.05780000,4.88438300,12.68885000,27.52000000,274.40050000,0,0,0,1,
	2.72080300,-15.05780000,4.88438300,12.68885000,27.36000000,272.32060000,0,0,0,1,
	2.72715300,-15.29043000,4.84138300,12.67777000,27.12001000,270.72060000,0,0,0,1,
	2.73418600,-15.29043000,4.84138300,12.67777000,26.96000000,269.12050000,0,0,0,1,
	2.74088700,-15.29043000,4.84138300,12.67777000,26.80000000,267.76060000,0,0,0,1,
	2.74707700,-15.52233000,4.79198300,12.64850000,26.64000000,266.24050000,0,0,0,1,
	2.75654700,-15.52233000,4.79198300,12.64850000,26.48000000,265.12050000,0,0,0,1,
	2.76298000,-15.52233000,4.79198300,12.64850000,26.32000000,263.76060000,0,0,0,1,
	2.76796700,-15.75289000,4.73618300,12.60626000,26.16000000,263.04060000,0,0,0,1,
	2.77322900,-15.75289000,4.73618300,12.60626000,26.08001000,262.64060000,0,0,0,1,
	2.77824900,-15.75289000,4.73618300,12.60626000,26.08001000,262.40060000,0,0,0,1,
	2.78194700,-15.75289000,4.73618300,12.60626000,26.08001000,262.32060000,0,0,0,1,
	2.78447800,-15.75289000,4.73618300,12.60626000,26.08001000,262.32060000,0,0,0,1,
	2.78762400,-15.98306000,4.67398300,12.56109000,26.08001000,262.32060000,0,0,0,1,
	2.79234700,-15.98306000,4.67398300,12.56109000,26.08001000,262.32060000,0,0,0,1,
	2.79638900,-15.98306000,4.67398300,12.56109000,26.00001000,262.40060000,0,0,0,1,
	2.80173700,-15.98306000,4.67398300,12.56109000,26.00000000,262.48060000,0,0,0,1,
	2.80881000,-16.21324000,4.78458300,12.51593000,25.92000000,262.64060000,0,0,1,1,
	2.81624500,-16.21324000,4.78458300,12.51593000,25.92000000,262.88060000,0,0,1,1,
	2.82263900,-16.21324000,4.78458300,12.51593000,25.84000000,263.28060000,0,0,1,0,
	2.83074300,-16.44482000,4.88878300,12.48348000,25.84001000,263.68060000,0,0,1,0,
	2.83678300,-16.44482000,4.88878300,12.48348000,25.84000000,264.40060000,0,0,1,0,
	2.84301700,-16.44482000,4.88878300,12.48348000,25.84000000,265.20060000,0,0,1,0,
	2.85280800,-16.67911000,4.98658200,12.48113000,25.84001000,266.00050000,0,0,1,0,
	2.85766100,-16.67911000,4.98658200,12.48113000,25.84001000,267.44060000,0,0,1,0,
	2.86349700,-16.67911000,4.98658200,12.48113000,25.84001000,268.48060000,0,0,1,0,
	2.86761700,-16.91381000,5.07798200,12.49349000,25.84000000,269.60060000,0,0,1,0,
	2.87430800,-16.91381000,5.07798200,12.49349000,25.84001000,270.48050000,0,0,1,0,
	2.88057200,-16.91381000,5.07798200,12.49349000,25.84000000,271.76060000,0,0,1,0,
	2.88563900,-17.14778000,5.16298200,12.52290000,25.92001000,273.76060000,0,0,1,0,
	2.89212500,-17.14778000,5.16298200,12.52290000,26.00000000,275.12050000,0,0,1,0,
	2.89749600,-17.14778000,5.16298200,12.52290000,26.16000000,277.12050000,0,0,1,0,
	2.90216100,-17.14778000,5.16298200,12.52290000,26.24001000,279.12050000,0,0,1,0,
	2.90645200,-17.37762000,5.24158200,12.58100000,26.40000000,280.80050000,0,0,1,0,
	2.91277600,-17.37762000,5.24158200,12.58100000,26.48000000,282.16050000,0,0,1,0,
	2.91908600,-17.37762000,5.24158200,12.58100000,26.64000000,284.40050000,0,0,1,0,
	2.92768500,-17.60121000,5.31378200,12.66279000,26.80000000,286.72050000,0,0,1,0,
	2.93331800,-17.60121000,5.31378200,12.66279000,27.04000000,290.56050000,0,0,1,0,
	2.94142600,-17.60121000,5.31378200,12.66279000,27.28000000,293.20060000,0,0,1,0,
	2.94763300,-17.80844000,5.37958200,12.78241000,27.60001000,296.64050000,0,0,1,0,
	2.95405500,-17.80844000,5.37958200,12.78241000,27.84000000,299.28050000,0,0,1,0,
	2.96250600,-17.80844000,5.37958200,12.78241000,28.08000000,301.92060000,0,0,1,0,
	2.96860100,-17.99484000,5.43898200,12.93431000,28.40000000,305.84060000,0,0,1,0,
	2.97511100,-17.99484000,5.43898200,12.93431000,28.72000000,308.72060000,0,0,1,0,
	2.98154000,-17.99484000,5.43898200,12.93431000,29.04000000,311.68060000,0,0,1,0,
	2.98776100,-18.15633000,5.49198200,13.11402000,29.36001000,314.96060000,0,0,1,0,
	2.99296200,-18.15633000,5.49198200,13.11402000,29.60000000,317.76060000,0,0,1,0,
	2.99815800,-18.15633000,5.49198200,13.11402000,29.92000000,320.24060000,0,0,1,0,
	3.00247300,-18.15633000,5.49198200,13.11402000,30.16000000,322.88060000,0,0,1,0,
	3.00749300,-18.28523000,5.53858200,13.31994000,30.48000000,325.28060000,0,0,1,0,
	3.01299000,-18.28523000,5.53858200,13.31994000,30.72001000,327.92060000,0,0,1,0,
	3.01960000,-18.28523000,5.53858200,13.31994000,31.12000000,330.96060000,0,0,1,0,
	3.02662300,-18.38415000,5.57878200,13.54235000,31.44000000,333.84060000,0,0,1,0,
	3.03388900,-18.38415000,5.57878200,13.54235000,31.84000000,337.52060000,0,0,1,0,
	3.03771500,-18.38415000,5.57878200,13.54235000,32.24000000,341.04060000,0,0,1,0,
	3.04152800,-18.38415000,5.57878200,13.54235000,32.48000000,343.04060000,0,0,1,0,
	3.04574100,-18.44165000,5.61258200,13.77906000,32.72000000,345.04060000,0,0,1,0,
	3.05163500,-18.44165000,5.61258200,13.77906000,32.96000000,346.96060000,0,0,1,0,
	3.05646700,-18.44165000,5.61258200,13.77906000,33.36000000,349.92060000,0,0,1,0,
	3.06233300,-18.44165000,5.61258200,13.77906000,33.60001000,352.24060000,0,0,1,0,
	3.06672100,-18.45808000,5.63998200,14.02207000,34.00001000,354.96060000,0,0,1,0,
	3.07239400,-18.45808000,5.63998200,14.02207000,34.24001000,356.88060000,0,0,1,0,
	3.07749800,-18.45808000,5.63998200,14.02207000,34.56001000,359.52060000,0,0,1,0,
	3.08474700,-18.45808000,5.63998200,14.02207000,34.88001000,1.76061400,0,0,1,0,
	3.08954700,-18.42975000,5.66098200,14.26412000,35.28001000,4.80062300,0,0,1,0,
	3.09848600,-18.42975000,5.66098200,14.26412000,35.60001000,7.04062500,0,0,1,0,
	3.10437600,-18.42975000,5.66098200,14.26412000,36.16001000,10.96063000,0,0,1,0,
	3.10868200,-18.36289000,5.67558200,14.49882000,36.48001000,13.60064000,0,0,1,0,
	3.11535400,-18.36289000,5.67558200,14.49882000,36.72002000,15.36064000,0,0,1,0,
	3.12173200,-18.36289000,5.67558200,14.49882000,37.04001000,18.00068000,0,0,1,0,
	3.13481000,-18.26313000,5.68378200,14.72254000,37.44003000,21.04069000,0,0,1,0,
	3.14230600,-18.26313000,5.68378200,14.72254000,38.08002000,26.56068000,0,0,1,0,
	3.14744400,-18.12902000,5.68558200,14.92819000,38.48002000,29.84067000,0,0,1,0,
	3.15406300,-18.12902000,5.68558200,14.92819000,38.72002000,31.84065000,0,0,1,0,
	3.15965400,-18.12902000,5.68558200,14.92819000,38.96002000,34.24065000,0,0,1,0,
	3.16560200,-17.97059000,5.68098200,15.11717000,39.28003000,36.72066000,0,0,1,0,
	3.17470600,-17.97059000,5.68098200,15.11717000,39.52002000,38.88068000,0,0,1,0,
	3.18041200,-17.97059000,5.68098200,15.11717000,39.84002000,41.76069000,0,0,1,0,
	3.18635400,-17.78897000,5.66998200,15.28559000,40.08002000,43.92069000,0,0,1,0,
	3.19378400,-17.78897000,5.66998200,15.28559000,40.40002000,46.32069000,0,0,1,0,
	3.20311200,-17.78897000,5.66998200,15.28559000,40.64003000,48.56066000,0,0,1,0,
	3.21147100,-17.58619000,5.65258200,15.42976000,40.96003000,51.36065000,0,0,1,0,
	3.21858800,-17.58619000,5.65258200,15.42976000,41.28003000,54.24065000,0,0,1,0,
	3.22343700,-17.58619000,5.65258200,15.42976000,41.52002000,56.48065000,0,0,1,0,
	3.23083800,-17.36723000,5.62878200,15.55008000,41.68003000,58.00064000,0,0,1,0,
	3.23864700,-17.36723000,5.62878200,15.55008000,41.84003000,59.92066000,0,0,1,0,
	3.24551300,-17.13906000,5.59858200,15.65356000,42.08002000,62.40067000,0,0,1,0,
	3.25472300,-17.13906000,5.59858200,15.65356000,42.32004000,64.40065000,0,0,1,0,
	3.26401600,-17.13906000,5.59858200,15.65356000,42.48003000,66.72066000,0,0,1,0,
	3.27354100,-16.90004000,5.56198200,15.73200000,42.64002000,68.64069000,0,0,1,0,
	3.28012700,-16.90004000,5.56198200,15.73200000,42.88003000,70.40069000,0,0,1,0,
	3.29145100,-16.65719000,5.51898200,15.79951000,42.96003000,71.28069000,0,0,1,0,
	3.29768800,-16.65719000,5.51898200,15.79951000,43.04003000,72.56069000,0,0,1,0,
	3.30337200,-16.65719000,5.51898200,15.79951000,43.12004000,72.96069000,0,0,1,0,
	3.30744100,-16.49395000,5.62958200,15.95929000,43.12003000,73.20068000,0,0,1,0,
	3.31242200,-16.49395000,5.62958200,15.95929000,43.12003000,73.28068000,0,0,1,0,
	3.31626500,-16.49395000,5.62958200,15.95929000,43.20004000,73.36064000,0,0,1,0,
	3.32088100,-16.49395000,5.62958200,15.95929000,43.20004000,73.36064000,0,0,1,0,
	3.32395000,-16.49395000,5.62958200,15.95929000,43.20004000,73.36064000,0,0,1,0,
	3.32686300,-16.30607000,5.73378200,16.06396000,43.20004000,73.36064000,0,0,1,0,
	3.33338700,-16.30607000,5.73378200,16.06396000,43.20004000,73.36064000,0,0,1,1,
	3.34353600,-16.30607000,5.73378200,16.06396000,43.20004000,73.28067000,0,0,1,1,
	3.35420600,-16.11653000,5.83158200,16.16305000,43.12003000,72.96066000,0,0,0,1,
	3.36151000,-16.11653000,5.83158200,16.16305000,43.04003000,72.08066000,0,0,0,1,
	3.36767100,-15.92698000,5.92298200,16.26213000,42.88003000,71.12067000,0,0,0,1,
	3.37368300,-15.92698000,5.92298200,16.26213000,42.80003000,70.32068000,0,0,0,1,
	3.38097900,-15.92698000,5.92298200,16.26213000,42.72003000,69.20066000,0,0,0,1,
	3.38792200,-15.73744000,6.00798200,16.36122000,42.56003000,67.84070000,0,0,0,1,
	3.39375200,-15.73744000,6.00798200,16.36122000,42.40004000,66.56070000,0,0,0,1,
	3.40199600,-15.73744000,6.00798200,16.36122000,42.24003000,65.20073000,0,0,0,1,
	3.40885400,-15.55275000,6.08658200,16.47020000,42.08003000,63.20071000,0,0,0,1,
	3.41595500,-15.55275000,6.08658200,16.47020000,41.92004000,61.60069000,0,0,0,1,
	3.42261300,-15.55275000,6.08658200,16.47020000,41.76003000,59.92072000,0,0,0,1,
	3.43073700,-15.37804000,6.15878200,16.59623000,41.60003000,57.92072000,0,0,0,1,
	3.43625700,-15.37804000,6.15878200,16.59623000,41.36003000,55.92071000,0,0,0,1,
	3.44245800,-15.37804000,6.15878200,16.59623000,41.20003000,54.00069000,0,0,0,1,
	3.44901800,-15.21565000,6.22458200,16.73933000,41.12003000,52.32071000,0,0,0,1,
	3.45677300,-15.21565000,6.22458200,16.73933000,40.96003000,50.64072000,0,0,0,1,
	3.46378400,-15.21565000,6.22458200,16.73933000,40.80003000,48.08072000,0,0,0,1,
	3.46971600,-15.07031000,6.28398200,16.90124000,40.64003000,45.60070000,0,0,0,1,
	3.47683200,-15.07031000,6.28398200,16.90124000,40.48003000,43.44069000,0,0,0,1,
	3.48287300,-15.07031000,6.28398200,16.90124000,40.32003000,40.80069000,0,0,0,1,
	3.49098000,-14.94543000,6.33698200,17.08084000,40.16003000,38.48067000,0,0,0,1,
	3.49772700,-14.94543000,6.33698200,17.08084000,39.92003000,35.20068000,0,0,0,1,
	3.50325200,-14.94543000,6.33698200,17.08084000,39.76003000,32.24069000,0,0,0,1,
	3.50756500,-14.84887000,6.38358200,17.27855000,39.52003000,29.68068000,0,0,0,1,
	3.51473000,-14.84887000,6.38358200,17.27855000,39.36002000,27.92068000,0,0,0,1,
	3.52103900,-14.84887000,6.38358200,17.27855000,39.20003000,24.88067000,0,0,0,1,
	3.52660600,-14.77827000,6.42378100,17.48817000,38.96002000,22.24066000,0,0,0,1,
	3.53651900,-14.77827000,6.42378100,17.48817000,38.64003000,19.36065000,0,0,0,1,
	3.54157800,-14.77827000,6.42378100,17.48817000,38.24002000,15.20065000,0,0,0,1,
	3.54751700,-14.74183000,6.45758200,17.70758000,38.00002000,13.04065000,0,0,0,1,
	3.55480900,-14.74183000,6.45758200,17.70758000,37.76002000,10.56063000,0,0,0,1,
	3.55955600,-14.74183000,6.45758200,17.70758000,37.44002000,7.76063400,0,0,0,1,
	3.56612500,-14.73305000,6.48498200,17.93099000,37.20002000,5.84064100,0,0,0,1,
	3.57345900,-14.73305000,6.48498200,17.93099000,36.96002000,3.60064000,0,0,0,1,
	3.57871300,-14.73305000,6.48498200,17.93099000,36.56001000,0.96063510,0,0,0,1,
	3.58363500,-14.73305000,6.48498200,17.93099000,36.32001000,359.04060000,0,0,0,1,
	3.58998300,-14.75706000,6.50598100,18.15471000,36.08002000,357.44060000,0,0,0,1,
	3.59568800,-14.75706000,6.50598100,18.15471000,35.76001000,355.36060000,0,0,0,1,
	3.60089000,-14.75706000,6.50598100,18.15471000,35.52001000,353.36060000,0,0,0,1,
	3.61034000,-14.80293000,6.52058100,18.37601000,35.28001000,351.84060000,0,0,0,1,
	3.61755600,-14.80293000,6.52058100,18.37601000,34.80001000,348.80060000,0,0,0,1,
	3.62475800,-14.80293000,6.52058100,18.37601000,34.40001000,346.16060000,0,0,0,1,
	3.63148700,-14.87920000,6.52878100,18.59003000,34.08001000,343.92060000,0,0,0,1,
	3.64085900,-14.87920000,6.52878100,18.59003000,33.76001000,341.60060000,0,0,0,1,
	3.64551800,-14.97483000,6.53058100,18.79701000,33.28001000,338.72060000,0,0,0,1,
	3.65500900,-14.97483000,6.53058100,18.79701000,33.04001000,337.12060000,0,0,0,1,
	3.66131200,-14.97483000,6.53058100,18.79701000,32.64000000,334.40060000,0,0,0,1,
	3.66605500,-15.09316000,6.52598100,18.99314000,32.40001000,332.40060000,0,0,0,1,
	3.67382600,-15.09316000,6.52598100,18.99314000,32.24000000,331.28060000,0,0,0,1,
	3.67874100,-15.09316000,6.52598100,18.99314000,31.92000000,329.12060000,0,0,0,1,
	3.68411500,-15.09316000,6.52598100,18.99314000,31.76000000,327.76060000,0,0,0,1,
	3.69035300,-15.23171000,6.51498100,19.17696000,31.60001000,326.48060000,0,0,0,1,
	3.69675700,-15.23171000,6.51498100,19.17696000,31.36000000,324.72060000,0,0,0,1,
	3.70358400,-15.23171000,6.51498100,19.17696000,31.12000000,323.44060000,0,0,0,1,
	3.70764300,-15.38421000,6.49758100,19.35047000,30.96000000,322.16060000,0,0,0,1,
	3.71261500,-15.38421000,6.49758100,19.35047000,30.88000000,321.52060000,0,0,0,1,
	3.72022000,-15.38421000,6.49758100,19.35047000,30.72001000,320.72060000,0,0,0,1,
	3.72693100,-15.54467000,6.47378200,19.51741000,30.56001000,319.60060000,0,0,0,1,
	3.73438000,-15.54467000,6.47378200,19.51741000,30.40001000,318.80060000,0,0,0,1,
	3.73901300,-15.54467000,6.47378200,19.51741000,30.32000000,318.16060000,0,0,0,1,
	3.74419600,-15.54467000,6.47378200,19.51741000,30.24001000,317.84060000,0,0,0,1,
	3.75201700,-15.71116000,6.44358200,19.67898000,30.16001000,317.60060000,0,0,0,1,
	3.75753500,-15.71116000,6.44358200,19.67898000,30.08000000,317.20060000,0,0,0,1,
	3.76081300,-15.71116000,6.44358200,19.67898000,30.00000000,317.12060000,0,0,0,1,
	3.76372200,-15.71116000,6.44358200,19.67898000,30.00000000,317.12060000,0,0,0,1,
	3.76672100,-15.87907000,6.40698100,19.83923000,30.00000000,317.12060000,0,0,0,1,
	3.77019200,-15.87907000,6.40698100,19.83923000,30.00000000,317.12060000,0,0,0,1,
	3.77299300,-15.87907000,6.40698100,19.83923000,30.00000000,317.12060000,0,0,0,1,
	3.77570200,-15.87907000,6.40698100,19.83923000,30.00000000,317.12060000,0,0,0,1,
	3.77838300,-15.87907000,6.40698100,19.83923000,30.00000000,317.12060000,0,0,0,1,
	3.78363700,-15.87907000,6.40698100,19.83923000,30.00000000,317.12060000,0,0,0,1,
	3.78883500,-16.04698000,6.36398100,19.99948000,30.00000000,317.20060000,0,0,0,1,
	3.79333400,-16.04698000,6.36398100,19.99948000,30.00001000,317.28060000,0,0,0,1,
	3.79913100,-16.04698000,6.36398100,19.99948000,30.00000000,317.36060000,0,0,0,1,
	3.80326100,-16.04698000,6.36398100,19.99948000,29.92000000,317.60060000,0,0,0,1,
	3.80878600,-16.21490000,6.31458100,20.15973000,29.92000000,317.76060000,0,0,0,1,
	3.81424000,-16.21490000,6.31458100,20.15973000,29.92001000,318.00060000,0,0,0,1,
	3.82078000,-16.21490000,6.31458100,20.15973000,29.92000000,318.32060000,0,0,0,1,
	3.82702500,-16.38281000,6.25878100,20.31998000,29.92000000,318.88060000,0,0,0,1,
	3.83275300,-16.38281000,6.25878100,20.31998000,29.92001000,319.28060000,0,0,0,1,
	3.83767300,-16.38281000,6.25878100,20.31998000,29.92001000,319.76060000,0,0,0,1,
	3.84293800,-16.38281000,6.25878100,20.31998000,29.92000000,320.16060000,0,0,0,1,
	3.84916100,-16.55072000,6.19658100,20.48023000,29.92000000,320.72060000,0,0,0,1,
	3.85487700,-16.55072000,6.19658100,20.48023000,30.00000000,321.20060000,0,0,0,1,
	3.85951300,-16.55072000,6.19658100,20.48023000,30.00000000,321.92060000,0,0,0,1,
	3.86552900,-16.71863000,6.12798100,20.64048000,30.08000000,322.56060000,0,0,0,1,
	3.87004200,-16.71863000,6.12798100,20.64048000,30.08000000,323.20060000,0,0,0,1,
	3.87399100,-16.71863000,6.12798100,20.64048000,30.16001000,323.84060000,0,0,0,1,
	3.88077900,-16.71863000,6.12798100,20.64048000,30.24001000,324.24060000,0,0,0,1,
	3.88787400,-16.88654000,6.05298100,20.80073000,30.32000000,325.36060000,0,0,0,1,
	3.89598800,-16.88654000,6.05298100,20.80073000,30.40001000,326.40060000,0,0,0,1,
	3.90261400,-16.88654000,6.05298100,20.80073000,30.48000000,327.44060000,0,0,0,0,
	3.90974500,-17.05445000,6.16358100,20.96098000,30.64000000,328.56060000,0,0,0,0,
	3.91574400,-17.05445000,6.16358100,20.96098000,30.72001000,329.60060000,0,0,0,0,
	3.92094500,-17.05445000,6.16358100,20.96098000,30.80000000,330.56060000,0,0,0,0,
	3.92757000,-17.22236000,6.26778100,21.12123000,30.88000000,331.44060000,0,0,0,0,
	3.93404900,-17.22236000,6.26778100,21.12123000,30.96001000,332.56060000,0,0,0,0,
	3.94151700,-17.22236000,6.26778100,21.12123000,31.12001000,333.52060000,0,0,0,0,
	3.94718200,-17.39028000,6.36558100,21.28148000,31.20001000,334.80060000,0,0,0,0,
	3.95558900,-17.39028000,6.36558100,21.28148000,31.36000000,335.84060000,0,0,0,0,
	3.96195600,-17.39028000,6.36558100,21.28148000,31.52000000,337.36060000,0,0,0,0,
	3.96575400,-17.55819000,6.45698100,21.44172000,31.68001000,338.48060000,0,0,0,0,
	3.97171300,-17.55819000,6.45698100,21.44172000,31.76000000,339.36060000,0,0,0,0,
	3.97710800,-17.55819000,6.45698100,21.44172000,31.92000000,340.64060000,0,0,0,0,
	3.98670300,-17.72610000,6.54198100,21.60197000,32.08001000,341.60060000,0,0,1,0,
	3.99606200,-17.72610000,6.54198100,21.60197000,32.32001000,343.92060000,0,0,1,0,
	4.00034900,-17.72610000,6.54198100,21.60197000,32.56001000,345.92060000,0,0,1,0,
	4.00471000,-17.72610000,6.54198100,21.60197000,32.72001000,346.88060000,0,0,1,0,
	4.00949000,-17.84054000,6.62058100,21.77586000,32.80001000,347.92060000,0,0,1,0,
	4.01768300,-17.84054000,6.62058100,21.77586000,32.96001000,349.12060000,0,0,1,0,
	4.02503300,-17.84054000,6.62058100,21.77586000,33.12002000,350.88060000,0,0,1,0,
	4.03264700,-17.91484000,6.69278100,21.95610000,33.36001000,352.40060000,0,0,1,0,
	4.03777600,-17.91484000,6.69278100,21.95610000,33.52001000,354.16060000,0,0,1,0,
	4.04358200,-17.91484000,6.69278100,21.95610000,33.68001000,355.20070000,0,0,1,0,
	4.04865900,-17.95218000,6.75858100,22.13944000,33.84001000,356.56060000,0,0,1,0,
	4.05559900,-17.95218000,6.75858100,22.13944000,34.00001000,357.68060000,0,0,1,0,
	4.06153200,-17.95218000,6.75858100,22.13944000,34.16001000,359.44060000,0,0,1,0,
	4.06690900,-17.95362000,6.81798100,22.32314000,34.40001000,0.88064000,0,0,1,0,
	4.07262100,-17.95362000,6.81798100,22.32314000,34.56001000,2.08065000,0,0,1,0,
	4.07729200,-17.95362000,6.81798100,22.32314000,34.72001000,3.44064900,0,0,1,0,
	4.08401400,-17.95362000,6.81798100,22.32314000,34.88001000,4.64065900,0,0,1,0,
	4.08898200,-17.92021000,6.87098100,22.50462000,35.04001000,6.08065500,0,0,1,0,
	4.09450400,-17.92021000,6.87098100,22.50462000,35.20001000,7.28066400,0,0,1,0,
	4.09981900,-17.92021000,6.87098100,22.50462000,35.36001000,8.56066800,0,0,1,0,
	4.10598500,-17.87535000,6.91758100,22.68439000,35.52001000,9.68065600,0,0,1,0,
	4.11556500,-17.87535000,6.91758100,22.68439000,35.68001000,10.96066000,0,0,1,0,
	4.12396900,-17.87535000,6.91758100,22.68439000,35.92001000,12.96065000,0,0,1,0,
	4.12908500,-17.81560000,6.95778100,22.86077000,36.08001000,14.40067000,0,0,1,0,
	4.13477900,-17.81560000,6.95778100,22.86077000,36.24002000,15.44066000,0,0,1,0,
	4.14563400,-17.74912000,6.99158100,23.03521000,36.40001000,16.56068000,0,0,1,0,
	4.15118900,-17.74912000,6.99158100,23.03521000,36.64002000,18.48067000,0,0,1,0,
	4.16678500,-17.67329000,7.01898100,23.20644000,36.80001000,19.60069000,0,0,1,0,
	4.17220400,-17.67329000,7.01898100,23.20644000,37.20001000,22.72066000,0,0,1,0,
	4.17750400,-17.67329000,7.01898100,23.20644000,37.44002000,24.00067000,0,0,1,0,
	4.18153600,-17.67329000,7.01898100,23.20644000,37.52002000,24.88067000,0,0,1,0,
	4.18667800,-17.57925000,7.03998100,23.36970000,37.60002000,25.68068000,0,0,1,0,
	4.19173700,-17.57925000,7.03998100,23.36970000,37.76002000,26.64065000,0,0,1,0,
	4.19790500,-17.57925000,7.03998100,23.36970000,37.84002000,27.44065000,0,0,1,0,
	4.20494000,-17.57925000,7.03998100,23.36970000,37.92002000,28.40062000,0,0,1,0,
	4.20891300,-17.47431000,7.05458100,23.52714000,38.08002000,29.44064000,0,0,1,0,
	4.21580300,-17.47431000,7.05458100,23.52714000,38.16003000,30.00063000,0,0,1,0,
	4.22105600,-17.47431000,7.05458100,23.52714000,38.24003000,30.80064000,0,0,1,0,
	4.22762900,-17.36416000,7.06278100,23.68149000,38.32003000,31.28064000,0,0,1,0,
	4.23413500,-17.36416000,7.06278100,23.68149000,38.40003000,31.92066000,0,0,1,0,
	4.24259100,-17.36416000,7.06278100,23.68149000,38.48002000,32.48065000,0,0,1,0,
	4.24985700,-17.24910000,7.06458100,23.83272000,38.56003000,33.04064000,0,0,1,0,
	4.25838000,-17.24910000,7.06458100,23.83272000,38.56003000,33.44065000,0,0,1,0,
	4.26959700,-17.13183000,7.05998100,23.98248000,38.64004000,33.84065000,0,0,1,0,
	4.28022500,-17.13183000,7.05998100,23.98248000,38.72004000,34.24063000,0,0,1,0,
	4.28506500,-17.13183000,7.05998100,23.98248000,38.72003000,34.56063000,0,0,1,0,
	4.28886200,-17.01238000,7.04898100,24.13075000,38.80004000,34.64063000,0,0,1,0,
	4.29327200,-17.01238000,7.04898100,24.13075000,38.80004000,34.64063000,0,0,1,0,
	4.29651000,-17.01238000,7.04898100,24.13075000,38.80004000,34.72062000,0,0,1,0,
	4.29919300,-17.01238000,7.04898100,24.13075000,38.80004000,34.72062000,0,0,1,0,
	4.30222400,-17.01238000,7.04898100,24.13075000,38.80004000,34.72062000,0,0,1,0,
	4.30516200,-17.01238000,7.04898100,24.13075000,38.80004000,34.72062000,0,0,1,0,
	4.30819200,-16.89271000,7.03158100,24.27886000,38.80004000,34.72062000,0,0,1,0,
	4.31177700,-16.89271000,7.03158100,24.27886000,38.80004000,34.72062000,0,0,1,0,
	4.31517600,-16.89271000,7.03158100,24.27886000,38.80004000,34.72062000,0,0,1,0,
	4.31854100,-16.89271000,7.03158100,24.27886000,38.80004000,34.72062000,0,0,1,0,
	4.32195700,-16.89271000,7.03158100,24.27886000,38.80004000,34.72062000,0,0,1,0,
	4.32489100,-16.89271000,7.03158100,24.27886000,38.80004000,34.72062000,0,0,1,0,
	4.32822500,-16.77304000,7.00778100,24.42698000,38.80004000,34.72062000,0,0,1,0,
	4.33190400,-16.77304000,7.00778100,24.42698000,38.80004000,34.72062000,0,0,1,0,
	4.33437700,-16.77304000,7.00778100,24.42698000,38.80004000,34.72062000,0,0,1,0,
	4.33712700,-16.77304000,7.00778100,24.42698000,38.80004000,34.72062000,0,0,1,0,
	4.33986500,-16.77304000,7.00778100,24.42698000,38.80004000,34.72062000,0,0,1,0,
	4.34287500,-16.77304000,7.00778100,24.42698000,38.80004000,34.72062000,0,0,1,0,
	4.34559700,-16.65336000,6.97758100,24.57509000,38.80004000,34.72062000,0,0,1,0,
	4.34902500,-16.65336000,6.97758100,24.57509000,38.80004000,34.72062000,0,0,1,0,
	4.35224700,-16.65336000,6.97758100,24.57509000,38.80004000,34.72062000,0,0,1,0,
	4.35491200,-16.65336000,6.97758100,24.57509000,38.80004000,34.72062000,0,0,1,0,
	4.35794800,-16.65336000,6.97758100,24.57509000,38.80004000,34.72062000,0,0,1,0,
	4.36096000,-16.65336000,6.97758100,24.57509000,38.80004000,34.72062000,0,0,1,0,
	4.36375900,-16.65336000,6.97758100,24.57509000,38.80004000,34.72062000,0,0,1,0,
	4.36641800,-16.53369000,6.94098100,24.72320000,38.80004000,34.72062000,0,0,1,0,
	4.37015600,-16.53369000,6.94098100,24.72320000,38.80004000,34.72062000,0,0,1,0,
	4.37505400,-16.53369000,6.94098100,24.72320000,38.80004000,34.72062000,0,0,1,0,
	4.37983900,-16.53369000,6.94098100,24.72320000,38.80004000,34.64063000,0,0,1,0,
	4.38574800,-16.41402000,6.89798100,24.87132000,38.80004000,34.56063000,0,0,1,0,
	4.39271300,-16.41402000,6.89798100,24.87132000,38.80004000,34.32064000,0,0,1,0,
	4.39696700,-16.41402000,6.89798100,24.87132000,38.80004000,33.92064000,0,0,1,0,
	4.40253200,-16.41402000,6.89798100,24.87132000,38.80004000,33.68066000,0,0,1,0,
	4.40807100,-16.29435000,7.00858100,25.01943000,38.80004000,33.20066000,0,0,1,0,
	4.41490700,-16.29435000,7.00858100,25.01943000,38.80004000,32.80066000,0,0,1,0,
	4.41908700,-16.29435000,7.00858100,25.01943000,38.72004000,32.00067000,0,0,1,0,
	4.42379000,-16.29435000,7.00858100,25.01943000,38.72004000,31.52066000,0,0,1,0,
	4.42874900,-16.17468000,7.11278100,25.16754000,38.72004000,31.04065000,0,0,1,0,
	4.43780400,-16.17468000,7.11278100,25.16754000,38.64004000,30.32064000,0,0,1,1,
	4.44738300,-16.05501000,7.21058000,25.31566000,38.56003000,29.04064000,0,0,1,1,
	4.45622600,-16.05501000,7.21058000,25.31566000,38.48003000,27.52065000,0,0,1,1,
	4.46417600,-16.05501000,7.21058000,25.31566000,38.40003000,26.16068000,0,0,0,1,
	4.47315100,-15.94977000,7.30198000,25.47044000,38.32002000,24.80070000,0,0,0,1,
	4.47879800,-15.94977000,7.30198000,25.47044000,38.24003000,23.28071000,0,0,0,1,
	4.48616600,-15.87147000,7.38698100,25.63661000,38.16002000,22.32071000,0,0,0,1,
	4.49373000,-15.87147000,7.38698100,25.63661000,38.08002000,21.20070000,0,0,0,1,
	4.49921800,-15.87147000,7.38698100,25.63661000,38.00002000,19.76070000,0,0,0,1,
	4.50780200,-15.82537000,7.46558000,25.81466000,37.92002000,18.88070000,0,0,0,1,
	4.51489600,-15.82537000,7.46558000,25.81466000,37.76003000,17.20072000,0,0,0,1,
	4.52179400,-15.82537000,7.46558000,25.81466000,37.60002000,15.84072000,0,0,0,1,
	4.52800700,-15.79310000,7.53778000,25.99665000,37.52002000,14.40073000,0,0,0,1,
	4.53495300,-15.79310000,7.53778000,25.99665000,37.28001000,13.04073000,0,0,0,1,
	4.54751000,-15.76989000,7.60358000,26.18061000,37.12001000,11.52074000,0,0,0,1,
	4.55783100,-15.76989000,7.60358000,26.18061000,36.72001000,8.48072600,0,0,0,1,
	4.56355500,-15.76989000,7.60358000,26.18061000,36.40001000,6.16073200,0,0,0,1,
	4.56969600,-15.76905000,7.66298100,26.36724000,36.16001000,4.56071900,0,0,0,1,
	4.57559800,-15.76905000,7.66298100,26.36724000,35.92001000,3.20074600,0,0,0,1,
	4.58237300,-15.76905000,7.66298100,26.36724000,35.68001000,1.52073800,0,0,0,1,
	4.58855800,-15.78331000,7.71598100,26.55425000,35.52001000,359.92070000,0,0,0,1,
	4.59502300,-15.78331000,7.71598100,26.55425000,35.28001000,358.40080000,0,0,0,1,
	4.60059000,-15.78331000,7.71598100,26.55425000,35.04000000,356.96080000,0,0,0,1,
	4.61262600,-15.81220000,7.76258000,26.74047000,34.80000000,355.44070000,0,0,0,1,
	4.62357200,-15.81220000,7.76258000,26.74047000,34.40001000,352.72080000,0,0,0,1,
	4.63099200,-15.85826000,7.80278000,26.92413000,34.00001000,350.16080000,0,0,0,1,
	4.63851500,-15.85826000,7.80278000,26.92413000,33.76000000,348.64080000,0,0,0,1,
	4.64378700,-15.85826000,7.80278000,26.92413000,33.52000000,346.88080000,0,0,0,1,
	4.65512500,-15.91824000,7.83658000,27.10463000,33.36000000,345.84080000,0,0,0,1,
	4.66102500,-15.91824000,7.83658000,27.10463000,33.04000000,343.76080000,0,0,0,1,
	4.66589000,-15.98788000,7.86398000,27.28226000,32.88000000,342.80080000,0,0,0,1,
	4.67122600,-15.98788000,7.86398000,27.28226000,32.80000000,341.92080000,0,0,0,1,
	4.67870100,-15.98788000,7.86398000,27.28226000,32.64000000,341.12080000,0,0,0,1,
	4.68815600,-16.06657000,7.88498000,27.45676000,32.48000000,339.92080000,0,0,0,1,
	4.70060500,-16.06657000,7.88498000,27.45676000,32.32000000,338.96080000,0,0,0,1,
	4.70870300,-16.15146000,7.89958000,27.62880000,32.16000000,337.92080000,0,0,0,1,
	4.71326300,-16.15146000,7.89958000,27.62880000,32.16000000,337.68080000,0,0,0,1,
	4.71626200,-16.15146000,7.89958000,27.62880000,32.16000000,337.60080000,0,0,0,1,
	4.71940200,-16.15146000,7.89958000,27.62880000,32.16000000,337.60080000,0,0,0,1,
	4.72225100,-16.15146000,7.89958000,27.62880000,32.16000000,337.60080000,0,0,0,1,
	4.72491800,-16.15146000,7.89958000,27.62880000,32.16000000,337.60080000,0,0,0,1,
	4.72775600,-16.23734000,7.90778000,27.80043000,32.16000000,337.60080000,0,0,0,1,
	4.73114200,-16.23734000,7.90778000,27.80043000,32.16000000,337.60080000,0,0,0,1,
	4.73406100,-16.23734000,7.90778000,27.80043000,32.16000000,337.60080000,0,0,0,1,
	4.73693800,-16.23734000,7.90778000,27.80043000,32.16000000,337.60080000,0,0,0,1,
	4.74029500,-16.23734000,7.90778000,27.80043000,32.16000000,337.60080000,0,0,0,1,
	4.74408300,-16.23734000,7.90778000,27.80043000,32.16000000,337.60080000,0,0,0,1,
	4.74854600,-16.32323000,7.90958000,27.97207000,32.16000000,337.68080000,0,0,0,1,
	4.75508700,-16.32323000,7.90958000,27.97207000,32.16000000,337.68080000,0,0,0,0,
	4.76457600,-16.32323000,7.90958000,27.97207000,32.08001000,337.76080000,0,0,1,0,
	4.77238700,-16.39152000,7.90498000,28.15084000,32.07999000,337.92080000,0,0,1,0,
	4.77807800,-16.39152000,7.90498000,28.15084000,32.07999000,338.16080000,0,0,1,0,
	4.78338700,-16.39152000,7.90498000,28.15084000,32.07999000,338.32080000,0,0,1,0,
	4.78791100,-16.44846000,7.89398000,28.33415000,32.07999000,338.56080000,0,0,1,0,
	4.79558100,-16.44846000,7.89398000,28.33415000,32.07999000,338.72080000,0,0,1,0,
	4.80202400,-16.44846000,7.89398000,28.33415000,32.07999000,339.28080000,0,0,1,0,
	4.80980800,-16.50190000,7.87658000,28.51878000,32.07999000,339.68080000,0,0,1,0,
	4.81599400,-16.50190000,7.87658000,28.51878000,32.07999000,340.40080000,0,0,1,0,
	4.82192600,-16.50190000,7.87658000,28.51878000,32.07999000,340.96080000,0,0,1,0,
	4.82770500,-16.54900000,7.85278000,28.70559000,32.07999000,341.68080000,0,0,1,0,
	4.83479100,-16.54900000,7.85278000,28.70559000,32.07999000,342.32080000,0,0,1,0,
	4.84103300,-16.54900000,7.85278000,28.70559000,32.07999000,343.20080000,0,0,1,0,
	4.84777700,-16.58865000,7.82258000,28.89464000,32.07999000,344.00080000,0,0,1,0,
	4.85381100,-16.58865000,7.82258000,28.89464000,32.07999000,344.96080000,0,0,1,0,
	4.85875200,-16.58865000,7.82258000,28.89464000,32.07999000,345.76070000,0,0,1,0,
	4.86494400,-16.58865000,7.82258000,28.89464000,32.08000000,346.48070000,0,0,1,0,
	4.87187900,-16.61757000,7.78598000,29.08636000,32.16000000,347.28070000,0,0,1,0,
	4.87703500,-16.61757000,7.78598000,29.08636000,32.16000000,348.16070000,0,0,1,0,
	4.88195400,-16.61757000,7.78598000,29.08636000,32.16000000,348.80080000,0,0,1,0,
	4.88748800,-16.63906000,7.74298000,29.27955000,32.16000000,349.52080000,0,0,1,0,
	4.89307700,-16.63906000,7.74298000,29.27955000,32.16000000,350.16080000,0,0,1,0,
	4.89822200,-16.63906000,7.74298000,29.27955000,32.16000000,350.80080000,0,0,1,0,
	4.90302600,-16.63906000,7.74298000,29.27955000,32.24000000,351.44080000,0,0,1,0,
	4.90953000,-16.65226000,7.69358000,29.47405000,32.24000000,352.00080000,0,0,1,0,
	4.92200500,-16.65226000,7.69358000,29.47405000,32.24000000,352.88080000,0,0,1,0,
	4.92782700,-16.65789000,7.63778000,29.66938000,32.32000000,354.24080000,0,0,1,0,
	4.93312000,-16.65789000,7.63778000,29.66938000,32.32000000,354.96080000,0,0,1,0,
	4.93796700,-16.65789000,7.63778000,29.66938000,32.40001000,355.44080000,0,0,1,0,
	4.94399600,-16.65789000,7.63778000,29.66938000,32.40001000,355.92080000,0,0,1,0,
	4.95046000,-16.65591000,7.57558000,29.86529000,32.40001000,356.48080000,0,0,1,0,
	4.95681900,-16.65591000,7.57558000,29.86529000,32.48000000,357.04080000,0,0,1,0,
	4.96104700,-16.65591000,7.57558000,29.86529000,32.48001000,357.60080000,0,0,1,0,
	4.96821200,-16.64929000,7.50698000,30.06141000,32.48000000,357.84080000,0,0,1,0,
	4.97287100,-16.64929000,7.50698000,30.06141000,32.56001000,358.32080000,0,0,1,0,
	4.97799600,-16.64929000,7.50698000,30.06141000,32.56001000,358.48080000,0,0,1,0,
	4.98223100,-16.64929000,7.50698000,30.06141000,32.56001000,358.72080000,0,0,1,0,
	4.98745800,-16.63912000,7.43198000,30.25762000,32.56001000,358.88080000,0,0,1,0,
	4.99204000,-16.63912000,7.43198000,30.25762000,32.56001000,359.04080000,0,0,1,0,
	4.99616100,-16.63912000,7.43198000,30.25762000,32.56001000,359.12080000,0,0,1,0,
	5.00002200,-16.63912000,7.43198000,30.25762000,32.56001000,359.20080000,0,0,1,0,
	5.00505000,-16.63912000,7.43198000,30.25762000,32.56001000,359.28080000,0,0,0,0,
	5.01055700,-16.62759000,7.35058000,30.45385000,32.56001000,359.36070000,0,0,0,0,
	5.01400600,-16.62759000,7.35058000,30.45385000,32.56001000,359.36070000,0,0,0,0,
	5.01886100,-16.62759000,7.35058000,30.45385000,32.56001000,359.36070000,0,0,0,0,
	5.02195500,-16.62759000,7.35058000,30.45385000,32.56001000,359.44070000,0,0,0,0,
	5.02492600,-16.62759000,7.35058000,30.45385000,32.56001000,359.44070000,0,0,0,0,
	5.02756700,-16.61605000,7.26278000,30.65009000,32.56001000,359.44070000,0,0,0,0,
	5.03152100,-16.61605000,7.26278000,30.65009000,32.56001000,359.44070000,0,0,0,0,
	5.03412400,-16.61605000,7.26278000,30.65009000,32.56001000,359.44070000,0,0,0,0,
	5.03694400,-16.61605000,7.26278000,30.65009000,32.56001000,359.44070000,0,0,0,0,
	5.03990400,-16.61605000,7.26278000,30.65009000,32.56001000,359.44070000,0,0,0,0,
	5.04256400,-16.61605000,7.26278000,30.65009000,32.56001000,359.44070000,0,0,0,0,
	5.04574900,-16.60451000,7.16858000,30.84632000,32.56001000,359.44070000,0,0,0,0,
	5.04896400,-16.60451000,7.16858000,30.84632000,32.56001000,359.44070000,0,0,0,0,
	5.05197000,-16.60451000,7.16858000,30.84632000,32.56001000,359.44070000,0,0,0,0,
	5.05521200,-16.60451000,7.16858000,30.84632000,32.56001000,359.44070000,0,0,0,0,
	5.05799200,-16.60451000,7.16858000,30.84632000,32.56001000,359.44070000,0,0,0,0,
	5.06126600,-16.60451000,7.16858000,30.84632000,32.56001000,359.44070000,0,0,0,0,
	5.06406400,-16.60451000,7.16858000,30.84632000,32.56001000,359.44070000,0,0,0,0,
	5.06717300,-16.59297000,7.06798000,31.04255000,32.56001000,359.44070000,0,0,0,0,
	5.07218500,-16.59297000,7.06798000,31.04255000,32.56001000,359.44070000,0,0,0,0,
	5.07527100,-16.59297000,7.06798000,31.04255000,32.56001000,359.52070000,0,0,0,0,
	5.07786700,-16.59297000,7.06798000,31.04255000,32.56001000,359.52070000,0,0,0,0,
	5.08194300,-16.59297000,7.06798000,31.04255000,32.56001000,359.52070000,0,0,0,0,
	5.08674100,-16.58144000,7.17858000,31.23878000,32.56001000,359.60070000,0,0,0,0,
	5.09338000,-16.58144000,7.17858000,31.23878000,32.56001000,359.68070000,0,0,0,0,
	5.09943200,-16.58144000,7.17858000,31.23878000,32.56001000,359.84070000,0,0,0,0,
	5.10594600,-16.56990000,7.28278000,31.43501000,32.56001000,0.00069304,0,0,0,0,
	5.11313600,-16.56990000,7.28278000,31.43501000,32.56001000,0.16071070,0,0,0,0,
	5.11911300,-16.56990000,7.28278000,31.43501000,32.56001000,0.32070100,0,0,0,0,
	5.12985200,-16.55836000,7.38057900,31.63124000,32.56001000,0.40069620,0,0,0,0,
	5.14332800,-16.55836000,7.38057900,31.63124000,32.56001000,0.72070430,0,0,0,0,
	5.14928200,-16.54682000,7.47198000,31.82748000,32.56001000,1.04071200,0,0,0,0,
	5.15680300,-16.54682000,7.47198000,31.82748000,32.56001000,1.20070300,0,0,0,0,
	5.16196200,-16.54682000,7.47198000,31.82748000,32.56001000,1.36072000,0,0,0,0,
	5.16789100,-16.53529000,7.55698000,32.02371000,32.56001000,1.44068800,0,0,0,0,
	5.17337000,-16.53529000,7.55698000,32.02371000,32.56001000,1.52068300,0,0,0,0,
	5.17781200,-16.53529000,7.55698000,32.02371000,32.56001000,1.60067900,0,0,0,0,
	5.18130800,-16.53529000,7.55698000,32.02371000,32.56001000,1.60067900,0,0,0,0,
	5.18551000,-16.52375000,7.63558000,32.21994000,32.56001000,1.60067900,0,0,0,0,
	5.19080900,-16.52375000,7.63558000,32.21994000,32.56001000,1.60067900,0,0,0,0,
	5.19498700,-16.52375000,7.63558000,32.21994000,32.56001000,1.68067300,0,0,0,0,
	5.19934200,-16.52375000,7.63558000,32.21994000,32.56001000,1.68067300,0,0,0,0,
	5.20288000,-16.52375000,7.63558000,32.21994000,32.56001000,1.68067300,0,0,0,0,
	5.20673100,-16.51221000,7.70777900,32.41617000,32.56001000,1.68067300,0,0,0,0,
	5.21075600,-16.51221000,7.70777900,32.41617000,32.56001000,1.68067300,0,0,0,0,
	5.21422600,-16.51221000,7.70777900,32.41617000,32.56001000,1.68067300,0,0,0,0,
	5.21914100,-16.51221000,7.70777900,32.41617000,32.56001000,1.68067300,0,0,0,0,
	5.22240800,-16.51221000,7.70777900,32.41617000,32.56001000,1.68067300,0,0,0,0,
	5.22629200,-16.50067000,7.77358000,32.61240000,32.56001000,1.68067300,0,0,0,0,
	5.23013200,-16.50067000,7.77358000,32.61240000,32.56001000,1.68067300,0,0,0,0,
	5.23391800,-16.50067000,7.77358000,32.61240000,32.56001000,1.68067300,0,0,0,0,
	5.23748600,-16.50067000,7.77358000,32.61240000,32.56001000,1.68067300,0,0,0,0,
	5.24127200,-16.50067000,7.77358000,32.61240000,32.56001000,1.68067300,0,0,0,0,
	5.24404100,-16.50067000,7.77358000,32.61240000,32.56001000,1.68067300,0,0,0,0,
	5.24845100,-16.48914000,7.83298000,32.80864000,32.56001000,1.68067300,0,0,0,0,
	5.25427800,-16.48914000,7.83298000,32.80864000,32.56001000,1.68067300,0,0,0,0,
	5.25782800,-16.48914000,7.83298000,32.80864000,32.56001000,1.68067300,0,0,0,0,
	5.26171100,-16.48914000,7.83298000,32.80864000,32.56001000,1.68067300,0,0,0,0,
	5.26549100,-16.47760000,7.88598000,33.00487000,32.56001000,1.68067300,0,0,0,0,
	5.27025000,-16.47760000,7.88598000,33.00487000,32.56001000,1.68067300,0,0,0,0,
	5.27404700,-16.47760000,7.88598000,33.00487000,32.56001000,1.68067300,0,0,0,0,
	5.27761100,-16.47760000,7.88598000,33.00487000,32.56001000,1.68067300,0,0,0,0,
	5.28089700,-16.47760000,7.88598000,33.00487000,32.56001000,1.68067300,0,0,0,0,
	5.28473300,-16.47760000,7.88598000,33.00487000,32.56001000,1.68067300,0,0,0,0,
	5.28862600,-16.46606000,7.93258000,33.20110000,32.56001000,1.68067300,0,0,0,0,
	5.29485900,-16.46606000,7.93258000,33.20110000,32.56001000,1.68067300,0,1,0,0,
	5.30114700,-16.46606000,7.93258000,33.20110000,32.56001000,1.68067300,0,1,0,0,
	5.30508600,-16.46606000,7.93258000,33.20110000,32.56001000,1.68067300,0,1,0,0,
	5.30934400,-16.45549000,7.97277900,33.36443000,32.56001000,1.68067300,0,1,0,0,
	5.31345500,-16.45549000,7.97277900,33.36443000,32.56001000,1.68067300,0,1,0,0,
	5.31800700,-16.45549000,7.97277900,33.36443000,32.56001000,1.68067300,0,1,0,0,
	5.32250400,-16.45549000,7.97277900,33.36443000,32.56001000,1.68067300,0,1,0,0,
	5.32676300,-16.44594000,8.00657900,33.49293000,32.56001000,1.68067300,0,1,0,0,
end
