map
	ez_square2
end

values
	0.00462430,2.66606100,1.90000000,-4.17489100,18.55999000,23.99999000,0,0,0,0,
	0.00811180,2.66606100,1.90000000,-4.17489100,18.55999000,23.99999000,0,0,0,0,
	0.01186050,2.66606100,1.90000000,-4.17489100,18.55999000,23.99999000,0,0,0,0,
	0.01545500,2.66606100,1.90000000,-4.17489100,18.55999000,23.99999000,0,0,0,0,
	0.01961270,2.66606100,1.90000000,-4.17489100,18.55999000,23.99999000,0,0,0,0,
	0.02301210,2.66606100,1.90000000,-4.17489100,18.55999000,23.99999000,0,0,0,0,
	0.02740270,2.66606100,1.90000000,-4.17489100,18.55999000,23.99999000,0,0,0,0,
	0.03021050,2.66606100,1.90000000,-4.17489100,18.55999000,23.99999000,0,0,0,0,
	0.03430460,2.66606100,1.90000000,-4.17489100,18.55999000,23.99999000,0,0,0,0,
	0.03733000,2.66606100,1.90000000,-4.17489100,18.55999000,23.99999000,0,0,0,0,
	0.04181580,2.66606100,1.90000000,-4.17489100,18.55999000,23.99999000,0,0,0,0,
	0.04521380,2.66606100,1.90000000,-4.17489100,18.55999000,23.99999000,0,0,0,0,
	0.04929820,2.66606100,1.90000000,-4.17489100,18.55999000,23.99999000,0,0,0,0,
	0.05234500,2.66606100,1.90000000,-4.17489100,18.55999000,23.99999000,0,0,0,0,
	0.05628441,2.66606100,1.90000000,-4.17489100,18.55999000,23.99999000,0,0,0,0,
	0.05997451,2.66606100,1.90000000,-4.17489100,18.55999000,23.99999000,0,0,0,0,
	0.06395001,2.66606100,1.90000000,-4.17489100,18.55999000,23.99999000,0,0,0,0,
	0.06833511,2.66606100,1.90000000,-4.17489100,18.55999000,23.99999000,0,0,0,0,
	0.07174481,2.66606100,1.90000000,-4.17489100,18.55999000,23.99999000,0,0,0,0,
	0.07645371,2.66606100,1.90000000,-4.17489100,18.55999000,23.99999000,0,0,0,0,
	0.07969611,2.66606100,1.90000000,-4.17489100,18.55999000,23.99999000,0,0,0,0,
	0.08426251,2.66606100,1.90000000,-4.17489100,18.55999000,23.99999000,0,0,0,0,
	0.08799941,2.66606100,1.90000000,-4.17489100,18.55999000,23.99999000,0,0,0,0,
	0.09205941,2.66606100,1.90000000,-4.17489100,18.55999000,23.99999000,0,0,0,0,
	0.09598721,2.66606100,1.90000000,-4.17489100,18.55999000,23.99999000,0,0,0,0,
	0.09942761,2.66606100,1.90000000,-4.17489100,18.55999000,23.99999000,0,0,0,0,
	0.10389650,2.66606100,1.90000000,-4.17489100,18.55999000,23.99999000,0,0,0,0,
	0.10679890,2.66606100,1.90000000,-4.17489100,18.55999000,23.99999000,0,0,0,0,
	0.11109070,2.66606100,1.90000000,-4.17489100,18.55999000,23.99999000,0,0,0,0,
	0.11388930,2.66606100,1.90000000,-4.17489100,18.55999000,23.99999000,0,0,0,0,
	0.11808880,2.66606100,1.90000000,-4.17489100,18.55999000,23.99999000,0,0,0,0,
	0.12089680,2.66606100,1.90000000,-4.17489100,18.55999000,23.99999000,0,0,0,0,
	0.12534800,2.66606100,1.90000000,-4.17489100,18.55999000,23.99999000,0,0,0,0,
	0.12829980,2.66606100,1.90000000,-4.17489100,18.55999000,23.99999000,0,0,0,0,
	0.13347930,2.66606100,1.90000000,-4.17489100,18.55999000,23.99999000,1,0,0,0,
	0.13960250,2.66837800,1.90000000,-4.16968600,18.55999000,23.99999000,1,0,0,0,
	0.14422280,2.66837800,1.90000000,-4.16968600,18.55999000,23.99999000,1,0,0,0,
	0.14774970,2.66837800,1.90000000,-4.16968600,18.55999000,23.99999000,1,0,0,0,
	0.15189170,2.66837800,1.90000000,-4.16968600,18.55999000,23.99999000,1,0,0,0,
	0.15480920,2.66837800,1.90000000,-4.16968600,18.55999000,23.99999000,1,0,0,0,
	0.15909690,2.67416600,1.90000000,-4.15668700,18.55999000,23.99999000,1,0,0,0,
	0.16284770,2.67416600,1.90000000,-4.15668700,18.55999000,23.99999000,1,0,0,0,
	0.16714150,2.67416600,1.90000000,-4.15668700,18.55999000,23.99999000,1,0,0,0,
	0.17012990,2.67416600,1.90000000,-4.15668700,18.55999000,23.99999000,1,0,0,0,
	0.17427020,2.67416600,1.90000000,-4.15668700,18.55999000,23.99999000,1,0,0,0,
	0.17832170,2.68312000,1.90000000,-4.13657600,18.55999000,23.99999000,1,0,0,0,
	0.18269280,2.68312000,1.90000000,-4.13657600,18.55999000,23.99999000,1,0,0,0,
	0.18691630,2.68312000,1.90000000,-4.13657600,18.55999000,23.99999000,1,0,0,0,
	0.19047630,2.68312000,1.90000000,-4.13657600,18.55999000,23.99999000,1,0,0,0,
	0.19623040,2.68312000,1.90000000,-4.13657600,18.55999000,23.99999000,1,0,0,0,
	0.20096470,2.69564600,1.90000000,-4.10844100,18.63999000,23.99999000,1,0,0,0,
	0.20490680,2.69564600,1.90000000,-4.10844100,18.63999000,23.99999000,1,0,0,0,
	0.20942520,2.69564600,1.90000000,-4.10844100,18.63999000,23.99999000,1,0,0,0,
	0.21314550,2.69564600,1.90000000,-4.10844100,18.63999000,23.99999000,1,0,0,0,
	0.21699280,2.69564600,1.90000000,-4.10844100,18.63999000,23.99999000,1,0,0,0,
	0.22113360,2.71155100,1.90000000,-4.07271900,18.63999000,23.99999000,1,0,0,0,
	0.22494050,2.71155100,1.90000000,-4.07271900,18.63999000,23.99999000,1,0,0,0,
	0.23003630,2.71155100,1.90000000,-4.07271900,18.63999000,23.99999000,1,0,0,0,
	0.23394700,2.71155100,1.90000000,-4.07271900,18.71999000,23.91999000,1,0,0,0,
	0.23759520,2.71155100,1.90000000,-4.07271900,18.71999000,23.91999000,1,0,0,0,
	0.24193590,2.73079100,1.90000000,-4.02946000,18.71999000,23.91999000,1,0,0,0,
	0.24630900,2.73079100,1.90000000,-4.02946000,18.71999000,23.91999000,1,0,0,0,
	0.25060810,2.73079100,1.90000000,-4.02946000,18.71999000,23.91999000,1,0,0,0,
	0.25494760,2.73079100,1.90000000,-4.02946000,18.71999000,23.91999000,1,0,0,0,
	0.25916030,2.75282900,1.90000000,-3.97985100,18.80000000,23.83999000,1,0,0,0,
	0.26431720,2.75282900,1.90000000,-3.97985100,18.80000000,23.83999000,1,0,0,0,
	0.26732900,2.75282900,1.90000000,-3.97985100,18.80000000,23.83999000,1,0,0,0,
	0.27277520,2.75282900,1.90000000,-3.97985100,18.80000000,23.83999000,1,0,0,0,
	0.27769010,2.75282900,1.90000000,-3.97985100,18.87999000,23.75999000,1,0,0,0,
	0.28238290,2.77850600,1.90000000,-3.92190300,18.87999000,23.75999000,1,0,0,0,
	0.28800870,2.77850600,1.90000000,-3.92190300,18.95999000,23.75999000,1,0,0,0,
	0.29317080,2.77850600,1.90000000,-3.92190300,18.95999000,23.67999000,1,0,0,0,
	0.29758930,2.77850600,1.90000000,-3.92190300,19.03999000,23.59999000,1,0,0,0,
	0.30228030,2.80732900,1.90000000,-3.85664300,19.03999000,23.59999000,1,0,0,0,
	0.30795680,2.80732900,1.90000000,-3.85664300,19.11999000,23.51999000,1,0,0,0,
	0.31375070,2.80732900,1.90000000,-3.85664300,19.19999000,23.51999000,1,0,0,0,
	0.32055370,2.83867300,1.90000000,-3.78543000,19.27999000,23.43999000,1,0,0,0,
	0.32654180,2.83867300,1.90000000,-3.78543000,19.35999000,23.35999000,1,0,0,0,
	0.33097370,2.83867300,1.90000000,-3.78543000,19.43999000,23.27999000,1,0,0,0,
	0.33556610,2.83867300,1.90000000,-3.78543000,19.51999000,23.19999000,1,0,0,0,
	0.34076350,2.87335000,1.90000000,-3.70615200,19.59999000,23.11999000,1,0,0,0,
	0.34574080,2.87335000,1.90000000,-3.70615200,19.67999000,23.03999000,1,0,0,0,
	0.35031160,2.87335000,1.90000000,-3.70615200,19.75999000,22.95999000,1,0,0,0,
	0.35589330,2.87335000,1.90000000,-3.70615200,19.83999000,22.87999000,1,0,0,0,
	0.36151230,2.91104500,1.90000000,-3.61932100,19.91999000,22.79999000,1,0,0,0,
	0.36719410,2.91104500,1.90000000,-3.61932100,20.00000000,22.72000000,1,0,0,0,
	0.37170480,2.91104500,1.90000000,-3.61932100,20.07999000,22.63999000,1,0,0,0,
	0.37746660,2.91104500,1.90000000,-3.61932100,20.15999000,22.55999000,1,0,0,0,
	0.38431790,2.95186400,1.90000000,-3.52444100,20.31999000,22.47999000,1,0,0,0,
	0.38967630,2.95186400,1.90000000,-3.52444100,20.39999000,22.31999000,1,0,0,0,
	0.39422210,2.95186400,1.90000000,-3.52444100,20.55999000,22.23999000,1,0,0,0,
	0.39923390,2.99503700,1.90000000,-3.42328100,20.63999000,22.15999000,1,0,0,0,
	0.40553430,2.99503700,1.90000000,-3.42328100,20.71999000,22.07999000,1,0,0,0,
	0.41151380,2.99503700,1.90000000,-3.42328100,20.87999000,22.00000000,1,0,0,0,
	0.41764690,2.99503700,1.90000000,-3.42328100,21.03999000,21.92000000,1,0,0,0,
	0.42351280,3.04143000,1.90000000,-3.31331400,21.19999000,21.84000000,1,0,0,0,
	0.42939370,3.04143000,1.90000000,-3.31331400,21.35999000,21.75999000,1,0,0,0,
	0.43355710,3.04143000,1.90000000,-3.31331400,21.43999000,21.67999000,1,0,0,0,
	0.43927290,3.08997200,1.90000000,-3.19735000,21.59999000,21.59999000,1,0,0,0,
	0.44550700,3.08997200,1.90000000,-3.19735000,21.75999000,21.52000000,1,0,0,0,
	0.45113630,3.08997200,1.90000000,-3.19735000,21.99999000,21.35999000,1,0,0,0,
	0.45571280,3.08997200,1.90000000,-3.19735000,22.15999000,21.20000000,1,0,0,0,
	0.46156330,3.14140500,1.90000000,-3.07299600,22.31999000,21.12000000,1,0,0,0,
	0.46750520,3.14140500,1.90000000,-3.07299600,22.47999000,20.96000000,1,0,0,0,
	0.47593610,3.14140500,1.90000000,-3.07299600,22.71999000,20.79999000,1,0,0,0,
	0.48319730,3.19532600,1.90000000,-2.94092900,23.03999000,20.56000000,1,0,0,0,
	0.48989400,3.19532600,1.90000000,-2.94092900,23.27999000,20.32000000,1,0,0,0,
	0.49656100,3.19532600,1.90000000,-2.94092900,23.51999000,20.16000000,1,0,0,0,
	0.50615710,3.25163300,1.90000000,-2.80094100,23.75999000,20.00000000,1,0,0,0,
	0.51059730,3.25163300,1.90000000,-2.80094100,24.15999000,19.76000000,1,0,0,0,
	0.51774390,3.25163300,1.90000000,-2.80094100,24.31999000,19.68000000,1,0,0,0,
	0.52320010,3.30851000,1.90000000,-2.65771300,24.55999000,19.51999000,1,0,0,0,
	0.53004500,3.30851000,1.90000000,-2.65771300,24.79999000,19.44000000,1,0,0,0,
	0.53567390,3.30851000,1.90000000,-2.65771300,25.03999000,19.28000000,1,0,0,0,
	0.54078790,3.36492400,1.90000000,-2.51428800,25.19999000,19.20000000,1,0,0,0,
	0.54555640,3.36492400,1.90000000,-2.51428800,25.35999000,19.12000000,1,0,0,0,
	0.55074780,3.36492400,1.90000000,-2.51428800,25.51999000,19.04000000,1,0,0,0,
	0.55808250,3.36492400,1.90000000,-2.51428800,25.67999000,18.96000000,1,0,0,0,
	0.56390110,3.42072600,1.90000000,-2.37060600,25.91999000,18.80000000,1,0,0,0,
	0.56967060,3.42072600,1.90000000,-2.37060600,26.15999000,18.72000000,1,0,0,0,
	0.57513480,3.42072600,1.90000000,-2.37060600,26.31999000,18.64000000,1,0,0,0,
	0.57919880,3.47604000,1.90000000,-2.22672900,26.47998000,18.56000000,1,0,0,0,
	0.58614690,3.47604000,1.90000000,-2.22672900,26.63999000,18.48000000,1,0,0,0,
	0.59145220,3.47604000,1.90000000,-2.22672900,26.87998000,18.40000000,1,0,0,0,
	0.59889050,3.53087700,1.90000000,-2.08266400,27.03999000,18.32000000,1,0,0,0,
	0.60544590,3.53087700,1.90000000,-2.08266400,27.27999000,18.24000000,1,0,0,0,
	0.61163130,3.53087700,1.90000000,-2.08266400,27.51998000,18.16000000,1,0,0,0,
	0.61817610,3.53087700,1.90000000,-2.08266400,27.67999000,18.08000000,1,0,0,0,
	0.62263000,3.58492000,1.90000000,-1.93829800,27.91999000,18.00000000,1,0,0,0,
	0.63052010,3.58492000,1.90000000,-1.93829800,27.99998000,18.00000000,1,0,0,0,
	0.63531110,3.58492000,1.90000000,-1.93829800,28.23999000,17.92000000,1,0,0,0,
	0.64055820,3.63846200,1.90000000,-1.79375100,28.39998000,17.84000000,1,0,0,0,
	0.64916250,3.63846200,1.90000000,-1.79375100,28.55998000,17.76000000,1,0,0,0,
	0.65572250,3.63846200,1.90000000,-1.79375100,28.87998000,17.68000000,1,0,0,0,
	0.66161890,3.69140300,1.90000000,-1.64898200,29.03998000,17.60000000,1,0,0,0,
	0.66920990,3.69140300,1.90000000,-1.64898200,29.19998000,17.52000000,1,0,0,0,
	0.67803260,3.69140300,1.90000000,-1.64898200,29.43998000,17.44000000,1,0,0,0,
	0.68633200,3.74368300,1.90000000,-1.50397600,29.59998000,17.36000000,1,0,0,0,
	0.69362660,3.74368300,1.90000000,-1.50397600,29.83998000,17.28000000,1,0,0,0,
	0.69959150,3.79550700,1.90000000,-1.35880900,29.99998000,17.20000000,1,0,0,0,
	0.70427610,3.79550700,1.90000000,-1.35880900,30.15998000,17.12000000,1,0,0,0,
	0.71300580,3.79550700,1.90000000,-1.35880900,30.23998000,17.12000000,1,0,0,0,
	0.71807110,3.79550700,1.90000000,-1.35880900,30.47999000,17.04000000,1,0,0,0,
	0.72400370,3.84662900,1.90000000,-1.21339700,30.55999000,16.96000000,1,0,0,0,
	0.72986880,3.84662900,1.90000000,-1.21339700,30.71998000,16.88000000,1,0,0,0,
	0.73440060,3.84662900,1.90000000,-1.21339700,30.79999000,16.88000000,1,0,0,0,
	0.74168770,3.89728900,1.90000000,-1.06782700,30.87998000,16.80000000,1,0,0,0,
	0.74659910,3.89728900,1.90000000,-1.06782700,31.03998000,16.80000000,1,0,0,0,
	0.75191320,3.89728900,1.90000000,-1.06782700,31.11999000,16.72000000,1,0,0,0,
	0.75725850,3.89728900,1.90000000,-1.06782700,31.19998000,16.72000000,1,0,0,0,
	0.76193220,3.94732000,1.90000000,-0.92204860,31.27998000,16.64000000,1,0,0,0,
	0.76608810,3.94732000,1.90000000,-0.92204860,31.35998000,16.64000000,1,0,0,0,
	0.77192650,3.94732000,1.90000000,-0.92204860,31.35998000,16.64000000,1,0,0,0,
	0.77661200,3.94732000,1.90000000,-0.92204860,31.43998000,16.56000000,1,0,0,0,
	0.78118680,3.99684000,1.90000000,-0.77610920,31.51999000,16.56000000,1,0,0,0,
	0.78594180,3.99684000,1.90000000,-0.77610920,31.59998000,16.48000000,1,0,0,0,
	0.78889370,3.99684000,1.90000000,-0.77610920,31.59998000,16.48000000,1,0,0,0,
	0.79353600,3.99684000,1.90000000,-0.77610920,31.59998000,16.48000000,1,0,0,0,
	0.79888800,4.04592600,1.90000000,-0.63003290,31.67998000,16.48000000,1,0,0,0,
	0.80500960,4.04592600,1.90000000,-0.63003290,31.75998000,16.40000000,1,0,0,0,
	0.80772540,4.04592600,1.90000000,-0.63003290,31.75998000,16.40000000,1,0,0,0,
	0.81298520,4.04592600,1.90000000,-0.63003290,31.75998000,16.40000000,1,0,0,0,
	0.81832370,4.09453400,1.90000000,-0.48380770,31.83998000,16.40000000,1,0,0,0,
	0.82327740,4.09453400,1.90000000,-0.48380770,31.83998000,16.32000000,1,0,0,0,
	0.82751940,4.09453400,1.90000000,-0.48380770,31.91998000,16.32000000,1,0,0,0,
	0.83036550,4.09453400,1.90000000,-0.48380770,31.91998000,16.32000000,1,0,0,0,
	0.83556350,4.09453400,1.90000000,-0.48380770,31.91998000,16.32000000,1,0,0,0,
	0.84072100,4.14261900,1.90000000,-0.33742140,31.91998000,16.32000000,1,0,0,0,
	0.84395660,4.14261900,1.90000000,-0.33742140,31.99998000,16.24000000,1,0,0,0,
	0.84803720,4.14261900,1.90000000,-0.33742140,31.99998000,16.24000000,1,0,0,0,
	0.85228110,4.14261900,1.90000000,-0.33742140,31.99998000,16.24000000,1,0,0,0,
	0.85595870,4.14261900,1.90000000,-0.33742140,32.07998000,16.24000000,1,0,0,0,
	0.86079450,4.19025800,1.90000000,-0.19089770,32.07998000,16.24000000,1,0,0,0,
	0.86562570,4.19025800,1.90000000,-0.19089770,32.07998000,16.16000000,1,0,0,0,
	0.86955820,4.19025800,1.90000000,-0.19089770,32.15998000,16.16000000,1,0,0,0,
	0.87259010,4.19025800,1.90000000,-0.19089770,32.15998000,16.16000000,1,0,0,0,
	0.87993850,4.23754700,1.90000000,-0.04426561,32.15998000,16.16000000,1,0,0,0,
	0.88423090,4.23754700,1.90000000,-0.04426561,32.23999000,16.08000000,1,0,0,0,
	0.88939460,4.23754700,1.90000000,-0.04426561,32.23999000,16.08000000,1,0,0,0,
	0.89659240,4.23754700,1.90000000,-0.04426561,32.31999000,16.00000000,1,0,0,0,
	0.90174970,4.28449000,2.01060000,0.10247980,32.39999000,15.92000000,1,0,0,0,
	0.90627710,4.28449000,2.01060000,0.10247980,32.48000000,15.84000000,1,0,0,0,
	0.91659550,4.28449000,2.01060000,0.10247980,32.55999000,15.76000000,1,0,0,0,
	0.92315630,4.33143300,2.11480000,0.24922520,32.71999000,15.68000000,1,0,0,0,
	0.93003020,4.33143300,2.11480000,0.24922520,32.80000000,15.52000000,1,0,0,0,
	0.93384260,4.33143300,2.11480000,0.24922520,32.88000000,15.44000000,1,0,0,0,
	0.94129970,4.37837600,2.21260000,0.39597070,32.96000000,15.36000000,1,0,0,0,
	0.95386310,4.37837600,2.21260000,0.39597070,33.04000000,15.28000000,1,0,1,0,
	0.96673490,4.42531800,2.30400000,0.54271610,33.04000000,15.20000000,1,0,1,0,
	0.97145060,4.42531800,2.30400000,0.54271610,33.11999000,15.20000000,1,0,1,0,
	0.97654190,4.42531800,2.30400000,0.54271610,33.11999000,15.20000000,0,0,1,0,
	0.98431450,4.47938900,2.38900000,0.68751420,33.20000000,15.28000000,0,0,1,0,
	0.98963490,4.47938900,2.38900000,0.68751420,33.28001000,15.44000000,0,0,1,0,
	1.00107100,4.53470200,2.46760000,0.83196420,33.28000000,15.76000000,0,0,1,0,
	1.00711100,4.53470200,2.46760000,0.83196420,33.44000000,16.56000000,0,0,1,0,
	1.01820800,4.53470200,2.46760000,0.83196420,33.52001000,17.20000000,0,0,1,0,
	1.02458800,4.59720200,2.53980000,0.97412370,33.60001000,18.56000000,0,0,1,0,
	1.03244200,4.59720200,2.53980000,0.97412370,33.60001000,19.68000000,0,0,1,0,
	1.03893200,4.66518200,2.60560000,1.11426900,33.60001000,20.72000000,0,0,1,0,
	1.04872300,4.66518200,2.60560000,1.11426900,33.68001000,22.00000000,0,0,1,0,
	1.05430800,4.66518200,2.60560000,1.11426900,33.68001000,23.84000000,0,0,1,0,
	1.06356000,4.74390800,2.66500000,1.24971200,33.68001000,25.04000000,0,0,1,1,
	1.07973000,4.82263400,2.71800000,1.38515600,33.68001000,26.80000000,0,0,0,1,
	1.08988500,4.82263400,2.71800000,1.38515600,33.68001000,30.08000000,0,0,0,1,
	1.09891700,4.88903900,2.76460000,1.52773600,33.60001000,31.92001000,0,0,0,1,
	1.10580100,4.88903900,2.76460000,1.52773600,33.52001000,33.28000000,0,0,0,1,
	1.11282500,4.88903900,2.76460000,1.52773600,33.52000000,34.24000000,0,0,0,1,
	1.12004100,4.95544400,2.80480000,1.67031600,33.52001000,35.12001000,0,0,0,1,
	1.12658800,4.95544400,2.80480000,1.67031600,33.44000000,35.68001000,0,0,0,1,
	1.13202800,4.95544400,2.80480000,1.67031600,33.44000000,36.00000000,0,0,0,1,
	1.13530600,4.95544400,2.80480000,1.67031600,33.44001000,36.16000000,0,0,0,1,
	1.13952100,5.02185000,2.83860000,1.81289600,33.44001000,36.16000000,0,0,0,1,
	1.14303800,5.02185000,2.83860000,1.81289600,33.44001000,36.16000000,0,0,0,1,
	1.14757600,5.02185000,2.83860000,1.81289600,33.44001000,36.16000000,0,0,0,1,
	1.15064000,5.02185000,2.83860000,1.81289600,33.44001000,36.16000000,0,0,0,1,
	1.15663600,5.02185000,2.83860000,1.81289600,33.44001000,36.16000000,0,0,0,1,
	1.16326000,5.08825500,2.86600000,1.95547600,33.44000000,36.00000000,0,0,0,1,
	1.16912200,5.08825500,2.86600000,1.95547600,33.44000000,35.68001000,0,0,0,1,
	1.17476900,5.08825500,2.86600000,1.95547600,33.52000000,35.28000000,0,0,0,1,
	1.18285900,5.15466000,2.88700000,2.09805600,33.52000000,34.80000000,0,0,0,1,
	1.18990100,5.15466000,2.88700000,2.09805600,33.60001000,33.84000000,0,0,0,1,
	1.19690600,5.15466000,2.88700000,2.09805600,33.60001000,32.88000000,0,0,0,1,
	1.20390100,5.22106600,2.90160000,2.24063500,33.60001000,31.76000000,0,0,0,1,
	1.21207400,5.22106600,2.90160000,2.24063500,33.60001000,30.48000000,0,0,0,1,
	1.21770300,5.22106600,2.90160000,2.24063500,33.60001000,28.88000000,0,0,0,1,
	1.22462000,5.28148600,2.90980000,2.38642700,33.60001000,27.60000000,0,0,0,1,
	1.23091400,5.28148600,2.90980000,2.38642700,33.52000000,26.16000000,0,0,0,1,
	1.23686000,5.28148600,2.90980000,2.38642700,33.44000000,24.56000000,0,0,0,1,
	1.24389100,5.33090500,2.91160000,2.53726900,33.44001000,23.20000000,0,0,0,1,
	1.25179300,5.33090500,2.91160000,2.53726900,33.36000000,21.52000000,0,0,0,1,
	1.25955600,5.37078700,2.90700000,2.69166500,33.28000000,19.52000000,0,0,0,1,
	1.26586700,5.37078700,2.90700000,2.69166500,33.20000000,17.60000000,0,0,0,1,
	1.27191300,5.37078700,2.90700000,2.69166500,33.12000000,15.92000000,0,0,0,1,
	1.27968600,5.39764100,2.89600000,2.84985600,33.04000000,14.64000000,0,0,0,1,
	1.28700800,5.39764100,2.89600000,2.84985600,32.95999000,12.80000000,0,0,0,1,
	1.29386400,5.39764100,2.89600000,2.84985600,32.87999000,11.36000000,0,0,0,1,
	1.29989000,5.41199800,2.87860000,3.01060800,32.71999000,10.08000000,0,0,0,1,
	1.30564300,5.41199800,2.87860000,3.01060800,32.63999000,8.88000000,0,0,0,1,
	1.31030700,5.41199800,2.87860000,3.01060800,32.48000000,7.76000200,0,0,0,1,
	1.31584200,5.41199800,2.87860000,3.01060800,32.48000000,6.96000100,0,0,0,1,
	1.32154400,5.41542400,2.85480000,3.17282100,32.31999000,6.16000100,0,0,0,1,
	1.32809500,5.41542400,2.85480000,3.17282100,32.23999000,5.44000100,0,0,0,1,
	1.33600200,5.41542400,2.85480000,3.17282100,32.15999000,4.80000100,0,0,0,1,
	1.34135000,5.41344500,2.82460000,3.33549400,31.99999000,4.24000000,0,0,0,1,
	1.34581800,5.41344500,2.82460000,3.33549400,31.99999000,4.00000100,0,0,0,1,
	1.35144400,5.41344500,2.82460000,3.33549400,31.91999000,3.92000100,0,0,1,0,
	1.35706100,5.41344500,2.82460000,3.33549400,31.91999000,3.92000100,0,0,1,0,
	1.36153800,5.43299800,2.78800000,3.49669400,31.91999000,3.92000100,0,0,1,0,
	1.36493100,5.43299800,2.78800000,3.49669400,31.91999000,3.92000100,0,0,1,0,
	1.36987900,5.43299800,2.78800000,3.49669400,31.91999000,3.92000100,0,0,1,0,
	1.37482100,5.43299800,2.78800000,3.49669400,31.83999000,3.92000200,0,0,1,0,
	1.37887800,5.45827700,2.74500000,3.65750000,31.83999000,4.00000000,0,0,1,0,
	1.38441200,5.45827700,2.74500000,3.65750000,31.75998000,4.08000100,0,0,1,0,
	1.39007200,5.45827700,2.74500000,3.65750000,31.67999000,4.16000100,0,0,1,0,
	1.39443900,5.45827700,2.74500000,3.65750000,31.59999000,4.32000100,0,0,1,0,
	1.39912400,5.48468500,2.69560000,3.81822300,31.59999000,4.40000100,0,0,1,0,
	1.40533900,5.48468500,2.69560000,3.81822300,31.51999000,4.56000100,0,0,1,0,
	1.41313100,5.48468500,2.69560000,3.81822300,31.43999000,4.80000100,0,0,1,0,
	1.41835000,5.51357700,2.63980000,3.97872700,31.35999000,5.28000000,0,0,1,0,
	1.42662200,5.51357700,2.63980000,3.97872700,31.27999000,5.60000000,0,0,1,0,
	1.43372500,5.51357700,2.63980000,3.97872700,31.11998000,6.24000000,0,0,1,0,
	1.43962600,5.54698500,2.57760000,4.13872800,31.03999000,6.88000100,0,0,1,0,
	1.44654900,5.54698500,2.57760000,4.13872800,30.87999000,7.52000000,0,0,1,0,
	1.45307400,5.54698500,2.57760000,4.13872800,30.71999000,8.40000100,0,0,1,0,
	1.46023300,5.58714900,2.68820000,4.29771900,30.63999000,9.28000000,0,0,1,0,
	1.46760500,5.58714900,2.68820000,4.29771900,30.47999000,10.48000000,0,0,1,0,
	1.47609000,5.58714900,2.68820000,4.29771900,30.31998000,11.92000000,0,0,1,0,
	1.48270400,5.63938700,2.79240000,4.45410700,30.07999000,13.60000000,0,0,1,0,
	1.49175800,5.63938700,2.79240000,4.45410700,29.91998000,15.28000000,0,0,1,0,
	1.49884900,5.70242300,2.89020000,4.60728300,29.59999000,17.52000000,0,0,1,0,
	1.50793000,5.70242300,2.89020000,4.60728300,29.43999000,19.20000000,0,0,1,0,
	1.51426700,5.70242300,2.89020000,4.60728300,29.11999000,21.20000000,0,0,1,0,
	1.52014000,5.77990700,2.98160000,4.75488300,28.95999000,22.88000000,0,0,1,0,
	1.52866400,5.77990700,2.98160000,4.75488300,28.79999000,24.16000000,0,0,1,0,
	1.53396100,5.77990700,2.98160000,4.75488300,28.48000000,26.48000000,0,0,1,0,
	1.54335900,5.86991500,3.06660000,4.89633100,28.31999000,27.68000000,0,0,1,0,
	1.55079600,5.86991500,3.06660000,4.89633100,28.07999000,30.08000000,0,0,1,0,
	1.55876400,5.96997200,3.14520000,5.03180600,27.91999000,31.68001000,0,0,1,0,
	1.56550900,5.96997200,3.14520000,5.03180600,27.75999000,33.68000000,0,0,1,0,
	1.57191600,5.96997200,3.14520000,5.03180600,27.59999000,35.68000000,0,0,1,0,
	1.57862300,6.08343700,3.21740000,5.15774500,27.51999000,37.27999000,0,0,1,0,
	1.58675900,6.08343700,3.21740000,5.15774500,27.43999000,38.96000000,0,0,1,0,
	1.59383700,6.08343700,3.21740000,5.15774500,27.43999000,40.96000000,0,0,1,0,
	1.60171900,6.20956500,3.28320000,5.27264700,27.35999000,42.96000000,0,0,1,0,
	1.61141600,6.20956500,3.28320000,5.27264700,27.35999000,44.96000000,0,0,1,0,
	1.61869400,6.34458600,3.34260000,5.37827200,27.27999000,47.27999000,0,0,1,0,
	1.62591100,6.34458600,3.34260000,5.37827200,27.19999000,49.20000000,0,0,1,0,
	1.63496200,6.34458600,3.34260000,5.37827200,27.19999000,50.72000000,0,0,1,0,
	1.64290100,6.49000100,3.39560000,5.47107200,27.19999000,52.80000000,0,0,1,0,
	1.65108300,6.49000100,3.39560000,5.47107200,27.19999000,54.48000000,0,0,1,0,
	1.65769500,6.49000100,3.39560000,5.47107200,27.19999000,56.08000000,0,0,1,0,
	1.66300100,6.64349200,3.44220000,5.55189900,27.19999000,57.60000000,0,0,1,0,
	1.67011300,6.64349200,3.44220000,5.55189900,27.19999000,58.72000000,0,0,1,0,
	1.67715300,6.64349200,3.44220000,5.55189900,27.19999000,60.08000000,0,0,1,0,
	1.68569100,6.80264900,3.48240000,5.62286700,27.19999000,61.35999000,0,0,1,0,
	1.69179700,6.80264900,3.48240000,5.62286700,27.19999000,63.04000000,0,0,1,0,
	1.69782600,6.80264900,3.48240000,5.62286700,27.19999000,64.16000000,0,0,1,0,
	1.70751900,6.96731600,3.51620000,5.68245800,27.19999000,65.52000000,0,0,1,0,
	1.71702300,6.96731600,3.51620000,5.68245800,27.19999000,66.96000000,0,0,1,0,
	1.72442400,7.13565400,3.54360000,5.73299800,27.27999000,68.72000000,0,0,1,0,
	1.73165100,7.13565400,3.54360000,5.73299800,27.27999000,69.92000000,0,0,1,0,
	1.73733800,7.13565400,3.54360000,5.73299800,27.27999000,71.11999000,0,0,1,0,
	1.74561300,7.30720400,3.56460000,5.77427600,27.27999000,71.92001000,0,0,1,0,
	1.75260700,7.30720400,3.56460000,5.77427600,27.35999000,73.12000000,0,0,1,0,
	1.75982200,7.48063500,3.57920000,5.80918600,27.35999000,74.08000000,0,0,1,0,
	1.76698800,7.48063500,3.57920000,5.80918600,27.35999000,74.96000000,0,0,1,0,
	1.77362400,7.48063500,3.57920000,5.80918600,27.35999000,75.83999000,0,0,1,0,
	1.78104900,7.65600300,3.58739900,5.83644600,27.43999000,76.63999000,0,0,1,0,
	1.78736900,7.65600300,3.58739900,5.83644600,27.43999000,77.52000000,0,0,1,0,
	1.79601300,7.65600300,3.58739900,5.83644600,27.43999000,78.15999000,0,0,1,0,
	1.80907400,7.83292600,3.58920000,5.85619500,27.51999000,79.11998000,0,0,1,0,
	1.81501200,7.83292600,3.58920000,5.85619500,27.51999000,80.39999000,0,0,1,0,
	1.82119500,8.01082000,3.58459900,5.87007100,27.51999000,81.03999000,0,0,1,0,
	1.82928900,8.01082000,3.58459900,5.87007100,27.51999000,81.59998000,0,0,1,0,
	1.83936400,8.18926700,3.57360000,5.88000800,27.51999000,82.31998000,0,0,1,0,
	1.87092200,8.36801200,3.55620000,5.88747400,27.59999000,83.11999000,0,0,1,0,
	1.88964500,8.54739900,3.53240000,5.88498200,27.67999000,86.31998000,0,0,1,0,
	1.89767100,8.54739900,3.53240000,5.88498200,27.91999000,88.79999000,0,0,1,0,
	1.90378600,8.72696200,3.50220000,5.87198500,27.99999000,89.67999000,0,0,1,0,
	1.91038900,8.72696200,3.50220000,5.87198500,28.07999000,90.39999000,0,0,1,0,
	1.91525000,8.72696200,3.50220000,5.87198500,28.07999000,91.11999000,0,0,1,0,
	1.92990800,8.90641400,3.46560000,5.85271500,28.16000000,91.67999000,0,0,1,0,
	1.94020500,9.08563900,3.42260000,5.82917700,28.31999000,93.03999000,0,0,1,0,
	1.94729300,9.08563900,3.42260000,5.82917700,28.39999000,93.99998000,0,0,1,0,
	1.95315700,9.08563900,3.42260000,5.82917700,28.47999000,94.47999000,0,0,1,0,
	1.96009600,9.26445100,3.37319900,5.80011300,28.55999000,94.79999000,0,0,1,0,
	1.96880400,9.26445100,3.37319900,5.80011300,28.63999000,95.11999000,0,0,1,1,
	1.97570800,9.26445100,3.37319900,5.80011300,28.71999000,95.19999000,0,0,1,1,
	1.98060600,9.44317300,3.31740000,5.77004300,28.71999000,95.19999000,0,0,1,1,
	1.98735100,9.44317300,3.31740000,5.77004300,28.79999000,95.19999000,0,0,0,1,
	1.99614600,9.44317300,3.31740000,5.77004300,28.87999000,95.11998000,0,0,0,1,
	2.00263200,9.62439800,3.30348000,5.76887500,29.11999000,94.79999000,0,0,0,1,
	2.00954100,9.62439800,3.30348000,5.76887500,29.27999000,94.31998000,0,0,0,1,
	2.01530100,9.62439800,3.30348000,5.76887500,29.51999000,93.67999000,0,0,0,1,
	2.02196500,9.80599300,3.30069600,5.77375700,29.59999000,92.87998000,0,0,0,1,
	2.02920200,9.80599300,3.30069600,5.77375700,29.83998000,91.75998000,0,0,0,1,
	2.03569900,9.80599300,3.30069600,5.77375700,29.99999000,90.23998000,0,0,0,1,
	2.03991800,9.98756900,3.41129600,5.79258000,30.07999000,88.47997000,0,0,0,1,
	2.04587100,9.98756900,3.41129600,5.79258000,30.15999000,87.59999000,0,0,0,1,
	2.05305900,9.98756900,3.41129600,5.79258000,30.15999000,85.91998000,0,0,0,1,
	2.05962400,10.16797000,3.51549600,5.82587500,30.23999000,83.91998000,0,0,0,1,
	2.06816600,10.16797000,3.51549600,5.82587500,30.23999000,81.91999000,0,0,0,1,
	2.07499800,10.16797000,3.51549600,5.82587500,30.23999000,79.67999000,0,0,0,1,
	2.08182500,10.34531000,3.61329600,5.87683100,30.23999000,78.31998000,0,0,0,1,
	2.09099700,10.34531000,3.61329600,5.87683100,30.23999000,76.95998000,0,0,0,1,
	2.09852200,10.52091000,3.70469600,5.93504200,30.31999000,75.99998000,0,0,1,1,
	2.10483900,10.52091000,3.70469600,5.93504200,30.31999000,75.67998000,0,0,1,1,
	2.10878900,10.52091000,3.70469600,5.93504200,30.31999000,75.67998000,0,0,1,0,
	2.11611800,10.52091000,3.70469600,5.93504200,30.31999000,75.67998000,0,0,1,0,
	2.12396100,10.70203000,3.78969600,5.97138000,30.31999000,75.91998000,0,0,1,0,
	2.13650900,10.70203000,3.78969600,5.97138000,30.15999000,76.39999000,0,0,1,0,
	2.14305200,10.88581000,3.86829600,5.99613000,29.99998000,77.99998000,0,0,1,0,
	2.14951700,10.88581000,3.86829600,5.99613000,29.91999000,78.95998000,0,0,1,0,
	2.15647100,10.88581000,3.86829600,5.99613000,29.83998000,80.31999000,0,0,1,0,
	2.16263900,11.07168000,3.94049600,6.00811500,29.67998000,81.99999000,0,0,1,0,
	2.16920700,11.07168000,3.94049600,6.00811500,29.59999000,83.27999000,0,0,1,0,
	2.17719200,11.07168000,3.94049600,6.00811500,29.59999000,84.87999000,0,0,1,0,
	2.18475700,11.25886000,4.00629600,6.00377500,29.51999000,87.03999000,0,0,1,0,
	2.19709100,11.25886000,4.00629600,6.00377500,29.51999000,89.03999000,0,0,1,0,
	2.20297400,11.44571000,4.06569600,5.98219300,29.43999000,92.31998000,0,0,1,0,
	2.21181000,11.44571000,4.06569600,5.98219300,29.43999000,94.15998000,0,0,1,0,
	2.21783000,11.44571000,4.06569600,5.98219300,29.43999000,96.55998000,0,0,1,0,
	2.22514400,11.63044000,4.11869600,5.94129600,29.35999000,98.23998000,0,0,1,0,
	2.23376800,11.63044000,4.11869600,5.94129600,29.35999000,100.24000000,0,0,1,0,
	2.24107400,11.81219000,4.16529600,5.88591800,29.27999000,102.72000000,0,0,1,0,
	2.25109400,11.81219000,4.16529600,5.88591800,29.19999000,104.48000000,0,0,1,0,
	2.25715600,11.81219000,4.16529600,5.88591800,29.11999000,107.12000000,0,0,1,0,
	2.26482700,11.98847000,4.20549600,5.81224300,29.11999000,108.48000000,0,0,1,0,
	2.27033900,11.98847000,4.20549600,5.81224300,29.11999000,110.32000000,0,0,1,0,
	2.28270300,12.16156000,4.23929600,5.73008800,29.11999000,111.20000000,0,0,1,0,
	2.29013200,12.16156000,4.23929600,5.73008800,29.03999000,113.44000000,0,0,1,0,
	2.29799100,12.16156000,4.23929600,5.73008800,29.03998000,114.40000000,0,0,1,0,
	2.30316100,12.32910000,4.26669600,5.63548300,29.03999000,115.28000000,0,0,1,0,
	2.31017700,12.32910000,4.26669600,5.63548300,29.03998000,115.76000000,0,0,1,0,
	2.31586400,12.32910000,4.26669600,5.63548300,29.03999000,116.16000000,0,0,1,0,
	2.32212900,12.49486000,4.28769600,5.53726700,29.03999000,116.48000000,0,0,1,0,
	2.32790400,12.49486000,4.28769600,5.53726700,29.03999000,116.72000000,0,0,1,0,
	2.33118000,12.49486000,4.28769600,5.53726700,29.11999000,116.80000000,0,0,1,0,
	2.33526900,12.49486000,4.28769600,5.53726700,29.11999000,116.80000000,0,0,1,0,
	2.33819900,12.49486000,4.28769600,5.53726700,29.11999000,116.80000000,0,0,1,0,
	2.34256500,12.66015000,4.30229600,5.43809200,29.11999000,116.80000000,0,0,1,0,
	2.34698700,12.66015000,4.30229600,5.43809200,29.11999000,116.80000000,0,0,1,0,
	2.35087800,12.66015000,4.30229600,5.43809200,29.11999000,116.80000000,0,0,1,0,
	2.35499200,12.66015000,4.30229600,5.43809200,29.11999000,116.80000000,0,0,1,0,
	2.35922100,12.82543000,4.31049600,5.33891700,29.11999000,116.80000000,0,0,1,0,
	2.36484800,12.82543000,4.31049600,5.33891700,29.19999000,116.72000000,0,0,1,0,
	2.37045800,12.82543000,4.31049600,5.33891700,29.19999000,116.64000000,0,0,1,0,
	2.37793100,12.82543000,4.31049600,5.33891700,29.27999000,116.48000000,0,0,1,1,
	2.38835300,12.99071000,4.31229600,5.23974200,29.27999000,116.24000000,0,0,0,1,
	2.39547400,12.99071000,4.31229600,5.23974200,29.35999000,115.92000000,0,0,0,1,
	2.40262600,13.16994000,4.30769600,5.16939600,29.35999000,115.60000000,0,0,0,1,
	2.41029100,13.16994000,4.30769600,5.16939600,29.35999000,115.28000000,0,0,0,1,
	2.41752700,13.16994000,4.30769600,5.16939600,29.35999000,114.88000000,0,0,0,1,
	2.42188100,13.35074000,4.29669600,5.10245800,29.35999000,114.48000000,0,0,0,1,
	2.43054700,13.35074000,4.29669600,5.10245800,29.35999000,114.24000000,0,0,0,1,
	2.43740300,13.35074000,4.29669600,5.10245800,29.43999000,113.68000000,0,0,0,1,
	2.44595800,13.53327000,4.27929600,5.03946000,29.43998000,113.20000000,0,0,0,1,
	2.45325900,13.53327000,4.27929600,5.03946000,29.51999000,112.56000000,0,0,0,1,
	2.46115200,13.71742000,4.25549600,4.98044700,29.59999000,111.92000000,0,0,0,1,
	2.46807100,13.71742000,4.25549600,4.98044700,29.67999000,111.20000000,0,0,0,1,
	2.47568800,13.71742000,4.25549600,4.98044700,29.75998000,110.56000000,0,0,0,1,
	2.48357000,13.90421000,4.22529600,4.92850900,29.91999000,109.68000000,0,0,0,1,
	2.49014700,13.90421000,4.22529600,4.92850900,29.99999000,108.80000000,0,0,0,1,
	2.49650400,13.90421000,4.22529600,4.92850900,30.15999000,108.08000000,0,0,0,1,
	2.50425000,14.09367000,4.18869600,4.88480100,30.23999000,107.12000000,0,0,0,1,
	2.51172200,14.09367000,4.18869600,4.88480100,30.39998000,106.24000000,0,0,0,1,
	2.51888800,14.28495000,4.14569600,4.84762000,30.47999000,105.12000000,0,0,0,1,
	2.52489900,14.28495000,4.14569600,4.84762000,30.55999000,104.00000000,0,0,0,1,
	2.53086200,14.28495000,4.14569600,4.84762000,30.63999000,103.04000000,0,0,0,1,
	2.53826500,14.47867000,4.09629600,4.82103400,30.71999000,101.92000000,0,0,0,1,
	2.54563800,14.47867000,4.09629600,4.82103400,30.79999000,100.72000000,0,0,0,1,
	2.55180000,14.47867000,4.09629600,4.82103400,30.95999000,98.95998000,0,0,0,1,
	2.55783400,14.47867000,4.09629600,4.82103400,31.03999000,97.67999000,0,0,0,1,
	2.56395200,14.67519000,4.04049600,4.81335500,31.03999000,96.31998000,0,0,0,1,
	2.56973600,14.67519000,4.04049600,4.81335500,31.11999000,94.95998000,0,0,0,1,
	2.57830100,14.87240000,3.97829600,4.81497500,31.19999000,93.59998000,0,0,0,1,
	2.58661300,14.87240000,3.97829600,4.81497500,31.27999000,91.67998000,0,0,0,1,
	2.59404300,14.87240000,3.97829600,4.81497500,31.43998000,89.35998000,0,0,0,1,
	2.60125100,15.06940000,4.08889600,4.83807400,31.51999000,87.35997000,0,0,0,1,
	2.61048200,15.06940000,4.08889600,4.83807400,31.59999000,85.35998000,0,0,0,1,
	2.62135300,15.26463000,4.19309600,4.87740800,31.75998000,82.63998000,0,0,0,1,
	2.63864600,15.45776000,4.29089500,4.92793500,31.91999000,79.35998000,0,0,0,1,
	2.65238200,15.45776000,4.29089500,4.92793500,31.99999000,73.51997000,0,0,0,1,
	2.66387700,15.63929000,4.38229600,5.01306200,32.07999000,68.87997000,0,0,0,1,
	2.67115000,15.63929000,4.38229600,5.01306200,32.07999000,64.47998000,0,0,0,1,
	2.69060900,15.81025000,4.46729600,5.11950300,32.07999000,62.07997000,0,0,0,1,
	2.69891200,15.96570000,4.54589600,5.24767000,31.99999000,54.47997000,0,0,0,1,
	2.70942900,15.96570000,4.54589600,5.24767000,31.91999000,51.43997000,0,0,0,1,
	2.71842000,16.10559000,4.61809500,5.39397700,31.75999000,47.67997000,0,0,0,1,
	2.72774800,16.10559000,4.61809500,5.39397700,31.59999000,44.23997000,0,0,0,1,
	2.73636000,16.10559000,4.61809500,5.39397700,31.35999000,40.39997000,0,0,0,1,
	2.74911800,16.21856000,4.68389600,5.56361900,31.19999000,37.59998000,0,0,0,1,
	2.75929100,16.31719000,4.74329600,5.74250400,30.87999000,32.79997000,0,0,0,1,
	2.76991800,16.31719000,4.74329600,5.74250400,30.63999000,29.11997000,0,0,0,1,
	2.77706400,16.31719000,4.74329600,5.74250400,30.23999000,24.95998000,0,0,0,1,
	2.78535800,16.38216000,4.79629600,5.93762400,30.07999000,22.31997000,0,0,0,1,
	2.79391500,16.38216000,4.79629600,5.93762400,29.83999000,19.43997000,0,0,0,1,
	2.80202500,16.42691000,4.84289600,6.13926600,29.52000000,16.39997000,0,0,0,1,
	2.81031300,16.42691000,4.84289600,6.13926600,29.19999000,13.11997000,0,0,0,1,
	2.81934300,16.44993000,4.88309500,6.34543800,28.87999000,10.23997000,0,0,0,1,
	2.82816000,16.44993000,4.88309500,6.34543800,28.55999000,7.19997100,0,0,0,1,
	2.83619100,16.44993000,4.88309500,6.34543800,28.23999000,4.15997100,0,0,0,1,
	2.84463600,16.44146000,4.91689500,6.55404100,27.99999000,1.51997100,0,0,0,1,
	2.85416100,16.44146000,4.91689500,6.55404100,27.67999000,358.64000000,0,0,0,1,
	2.86142300,16.41290000,4.94429500,6.76172400,27.43999000,356.00000000,0,0,0,1,
	2.87020900,16.41290000,4.94429500,6.76172400,27.27999000,353.84000000,0,0,0,1,
	2.87836900,16.36694000,4.96529500,6.96708000,26.95999000,351.20000000,0,0,0,1,
	2.88608200,16.36694000,4.96529500,6.96708000,26.79999000,348.96000000,0,0,0,1,
	2.89714400,16.36694000,4.96529500,6.96708000,26.64000000,346.72000000,0,0,0,1,
	2.90530100,16.29416000,4.97989500,7.16582600,26.31999000,343.68000000,0,0,0,1,
	2.91460100,16.29416000,4.97989500,7.16582600,26.23999000,341.60000000,0,0,0,1,
	2.92092100,16.20499000,4.98809500,7.35864500,25.99999000,338.96000000,0,0,0,1,
	2.93251900,16.20499000,4.98809500,7.35864500,25.83999000,337.68000000,0,0,0,1,
	2.94327600,16.10177000,4.98989500,7.54511700,25.67999000,334.80000000,0,0,0,1,
	2.94991400,16.10177000,4.98989500,7.54511700,25.43999000,332.32000000,0,0,0,1,
	2.95667000,16.10177000,4.98989500,7.54511700,25.35999000,330.88000000,0,0,0,1,
	2.96272900,15.98159000,4.98529500,7.72228700,25.27999000,329.60000000,0,0,0,1,
	2.96979900,15.98159000,4.98529500,7.72228700,25.20000000,328.40000000,0,0,0,1,
	2.97603200,15.98159000,4.98529500,7.72228700,25.19999000,327.20000000,0,0,0,1,
	2.98261000,15.85012000,4.97429500,7.89217400,25.12000000,326.00000000,0,0,0,1,
	2.98949100,15.85012000,4.97429500,7.89217400,25.12000000,324.72000000,0,0,0,1,
	2.99514500,15.85012000,4.97429500,7.89217400,25.04000000,323.68000000,0,0,0,1,
	2.99974800,15.70919000,4.95689500,8.05517300,25.03999000,322.88000000,0,0,0,1,
	3.00547500,15.70919000,4.95689500,8.05517300,25.04000000,321.84000000,0,0,0,1,
	3.01181100,15.70919000,4.95689500,8.05517300,25.03999000,320.96000000,0,0,0,1,
	3.01940600,15.55987000,4.93309500,8.21135500,25.03999000,320.00000000,0,0,0,1,
	3.02555200,15.55987000,4.93309500,8.21135500,25.03999000,318.72000000,0,0,0,1,
	3.03164600,15.55987000,4.93309500,8.21135500,25.04000000,317.75990000,0,0,0,1,
	3.03764600,15.55987000,4.93309500,8.21135500,24.96000000,317.04000000,0,0,0,1,
	3.04236700,15.39964000,4.90289500,8.35755800,24.96000000,316.08000000,0,0,0,1,
	3.04792200,15.39964000,4.90289500,8.35755800,24.96000000,315.68000000,0,0,0,1,
	3.05331600,15.39964000,4.90289500,8.35755800,24.95999000,314.96000000,0,0,0,1,
	3.05977700,15.23513000,4.86629500,8.49948300,24.95999000,314.48000000,0,0,0,1,
	3.06801400,15.23513000,4.86629500,8.49948300,24.95999000,313.75990000,0,0,0,1,
	3.07496400,15.23513000,4.86629500,8.49948300,24.96000000,313.20000000,0,0,0,1,
	3.07956800,15.06667000,4.82329500,8.63722800,24.96000000,312.96000000,0,0,0,1,
	3.08330200,15.06667000,4.82329500,8.63722800,24.96000000,312.96000000,0,0,0,1,
	3.08694000,15.06667000,4.82329500,8.63722800,24.96000000,312.96000000,0,0,0,1,
	3.09038700,15.06667000,4.82329500,8.63722800,24.96000000,312.96000000,0,0,0,1,
	3.09547200,15.06667000,4.82329500,8.63722800,24.96000000,312.96000000,0,0,0,1,
	3.09945100,14.89820000,4.77389500,8.77497300,24.96000000,312.96000000,0,0,0,1,
	3.10409000,14.89820000,4.77389500,8.77497300,24.96000000,312.96000000,0,0,0,1,
	3.10887700,14.89820000,4.77389500,8.77497300,24.95999000,313.04000000,0,0,0,1,
	3.11389000,14.89820000,4.77389500,8.77497300,24.96000000,313.12000000,0,0,0,1,
	3.11778900,14.89820000,4.77389500,8.77497300,24.96000000,313.28000000,0,0,0,1,
	3.12265900,14.72974000,4.88449500,8.91271800,24.96000000,313.36000000,0,0,0,1,
	3.12973500,14.72974000,4.88449500,8.91271800,24.88000000,313.68000000,0,0,0,1,
	3.13574200,14.72974000,4.88449500,8.91271800,24.88000000,314.08000000,0,0,0,1,
	3.14768900,14.56128000,4.98869500,9.05046300,24.88000000,314.64000000,0,0,1,0,
	3.15565700,14.56128000,4.98869500,9.05046300,24.88000000,315.92000000,0,0,1,0,
	3.16205300,14.42162000,5.08649500,9.21570500,24.88000000,316.96000000,0,0,1,0,
	3.16899300,14.42162000,5.08649500,9.21570500,24.96000000,317.92000000,0,0,1,0,
	3.17409100,14.42162000,5.08649500,9.21570500,24.96000000,319.20000000,0,0,1,0,
	3.17905200,14.29378000,5.17789500,9.39125300,25.04000000,320.24000000,0,0,1,0,
	3.18481100,14.29378000,5.17789500,9.39125300,25.12000000,321.20000000,0,0,1,0,
	3.19198800,14.29378000,5.17789500,9.39125300,25.19999000,322.72000000,0,0,1,0,
	3.19894300,14.17879000,5.26289500,9.57644400,25.27999000,324.48000000,0,0,1,0,
	3.20500200,14.17879000,5.26289500,9.57644400,25.43999000,326.48000000,0,0,1,0,
	3.21205400,14.17879000,5.26289500,9.57644400,25.59999000,328.16000000,0,0,1,0,
	3.21834400,14.08218000,5.34149500,9.77299900,25.67999000,330.16000000,0,0,1,0,
	3.22487400,14.08218000,5.34149500,9.77299900,25.83999000,332.16000000,0,0,1,0,
	3.23087600,14.08218000,5.34149500,9.77299900,25.91999000,334.08000000,0,0,1,0,
	3.23510000,14.08218000,5.34149500,9.77299900,26.00000000,335.52000000,0,0,1,0,
	3.24039000,14.00817000,5.41369500,9.98043300,26.07999000,336.72000000,0,0,1,0,
	3.24656700,14.00817000,5.41369500,9.98043300,26.23999000,338.16000000,0,0,1,0,
	3.25166100,14.00817000,5.41369500,9.98043300,26.31999000,339.52000000,0,0,1,0,
	3.25716400,14.00817000,5.41369500,9.98043300,26.39999000,340.48000000,0,0,1,0,
	3.26209700,13.95117000,5.47949500,10.19417000,26.47999000,341.44000000,0,0,1,0,
	3.26866500,13.95117000,5.47949500,10.19417000,26.56000000,342.48000000,0,0,1,0,
	3.27574400,13.95117000,5.47949500,10.19417000,26.63999000,343.36000000,0,0,1,1,
	3.28443600,13.90126000,5.53889500,10.41008000,26.71999000,344.16000000,0,0,0,1,
	3.29063900,13.90126000,5.53889500,10.41008000,26.71999000,344.64000000,0,0,0,1,
	3.29504300,13.90126000,5.53889500,10.41008000,26.79999000,344.80000000,0,0,0,1,
	3.29785500,13.90126000,5.53889500,10.41008000,26.79999000,344.80000000,0,0,0,1,
	3.30194500,13.82970000,5.59189500,10.62006000,26.79999000,344.80000000,0,0,0,1,
	3.30667000,13.82970000,5.59189500,10.62006000,26.79999000,344.80000000,0,0,0,1,
	3.31175200,13.82970000,5.59189500,10.62006000,26.79999000,344.72000000,0,0,0,1,
	3.31661700,13.82970000,5.59189500,10.62006000,26.88000000,344.56000000,0,0,0,1,
	3.32195900,13.75635000,5.63849500,10.82954000,26.87999000,344.32000000,0,0,0,1,
	3.32903600,13.75635000,5.63849500,10.82954000,26.87999000,344.00000000,0,0,0,1,
	3.33439100,13.75635000,5.63849500,10.82954000,26.87999000,343.44000000,0,0,0,1,
	3.33869100,13.67797000,5.67869500,11.03752000,26.87999000,342.96000000,0,0,0,1,
	3.34505400,13.67797000,5.67869500,11.03752000,26.87999000,342.40000000,0,0,0,1,
	3.35276600,13.67797000,5.67869500,11.03752000,26.88000000,341.60000000,0,0,0,1,
	3.35842400,13.59018000,5.71249500,11.24231000,26.72000000,340.40000000,0,0,0,1,
	3.36475400,13.59018000,5.71249500,11.24231000,26.63999000,339.36000000,0,0,0,1,
	3.37061800,13.59018000,5.71249500,11.24231000,26.48000000,338.32000000,0,0,0,1,
	3.37533100,13.59018000,5.71249500,11.24231000,26.31999000,337.28000000,0,0,0,1,
	3.38043500,13.48885000,5.73989500,11.44163000,26.23999000,336.64000000,0,0,0,1,
	3.38689000,13.48885000,5.73989500,11.44163000,26.15999000,335.44000000,0,0,0,1,
	3.39273200,13.48885000,5.73989500,11.44163000,25.99999000,334.32000000,0,0,0,1,
	3.39901500,13.37541000,5.76089500,11.63513000,25.83999000,333.20000000,0,0,0,1,
	3.40601400,13.37541000,5.76089500,11.63513000,25.67999000,332.00000000,0,0,0,1,
	3.41410400,13.37541000,5.76089500,11.63513000,25.51999000,330.56000000,0,0,0,1,
	3.42003200,13.24809000,5.77549500,11.82077000,25.35999000,329.12000000,0,0,0,1,
	3.42604800,13.24809000,5.77549500,11.82077000,25.19999000,328.00000000,0,0,0,1,
	3.43122500,13.24809000,5.77549500,11.82077000,25.04000000,326.72000000,0,0,0,1,
	3.43599200,13.24809000,5.77549500,11.82077000,24.95999000,325.84000000,0,0,0,1,
	3.44160600,13.10713000,5.78369500,11.99739000,24.79999000,324.96000000,0,0,0,1,
	3.44751700,13.10713000,5.78369500,11.99739000,24.71999000,323.84000000,0,0,0,1,
	3.45293600,13.10713000,5.78369500,11.99739000,24.64000000,322.88000000,0,0,0,1,
	3.45713800,13.10713000,5.78369500,11.99739000,24.48000000,322.08000000,0,0,0,1,
	3.46278800,12.95440000,5.78549500,12.16501000,24.40000000,321.20000000,0,0,0,1,
	3.46871600,12.95440000,5.78549500,12.16501000,24.31999000,320.40000000,0,0,0,1,
	3.47700800,12.95440000,5.78549500,12.16501000,24.24000000,319.28000000,0,0,0,1,
	3.48291900,12.79211000,5.78089500,12.32433000,24.16000000,318.00000000,0,0,0,1,
	3.48907400,12.79211000,5.78089500,12.32433000,24.07999000,317.12000000,0,0,0,1,
	3.49676400,12.79211000,5.78089500,12.32433000,23.99999000,316.32000000,0,0,0,1,
	3.50279900,12.62159000,5.76989500,12.47572000,23.92000000,315.12000000,0,0,0,1,
	3.51045400,12.62159000,5.76989500,12.47572000,23.83999000,314.32000000,0,0,0,1,
	3.51711700,12.62159000,5.76989500,12.47572000,23.83999000,313.36000000,0,0,0,1,
	3.52405500,12.44450000,5.75249500,12.62019000,23.75999000,312.72000000,0,0,0,1,
	3.53098900,12.44450000,5.75249500,12.62019000,23.76000000,312.00000000,0,0,0,1,
	3.53680800,12.44450000,5.75249500,12.62019000,23.67999000,311.44000000,0,0,0,1,
	3.54049400,12.26276000,5.72869500,12.75942000,23.67999000,310.96000000,0,0,0,1,
	3.54645700,12.26276000,5.72869500,12.75942000,23.68000000,310.80000000,0,0,0,1,
	3.55147500,12.26276000,5.72869500,12.75942000,23.67999000,310.56000000,0,0,0,1,
	3.55516500,12.26276000,5.72869500,12.75942000,23.67999000,310.48000000,0,0,0,1,
	3.55920700,12.07957000,5.69849500,12.89694000,23.67999000,310.40000000,0,0,0,1,
	3.56296500,12.07957000,5.69849500,12.89694000,23.67999000,310.40000000,0,0,0,1,
	3.56666200,12.07957000,5.69849500,12.89694000,23.67999000,310.40000000,0,0,0,1,
	3.56956300,12.07957000,5.69849500,12.89694000,23.67999000,310.40000000,0,0,0,1,
	3.57342400,12.07957000,5.69849500,12.89694000,23.67999000,310.40000000,0,0,0,1,
	3.57616600,12.07957000,5.69849500,12.89694000,23.67999000,310.40000000,0,0,0,1,
	3.58020800,11.89637000,5.66189500,13.03447000,23.67999000,310.40000000,0,0,0,1,
	3.58648700,11.89637000,5.66189500,13.03447000,23.67999000,310.40000000,0,0,1,0,
	3.59301600,11.89637000,5.66189500,13.03447000,23.67999000,310.40000000,0,0,1,0,
	3.59612000,11.89637000,5.66189500,13.03447000,23.67999000,310.48000000,0,0,1,0,
	3.60019100,11.73155000,5.61889500,13.19355000,23.67999000,310.48000000,0,0,1,0,
	3.60338100,11.73155000,5.61889500,13.19355000,23.67999000,310.48000000,0,0,1,0,
	3.60801800,11.73155000,5.61889500,13.19355000,23.67999000,310.48000000,0,0,1,0,
	3.61126800,11.73155000,5.61889500,13.19355000,23.67999000,310.56000000,0,0,1,0,
	3.61615300,11.73155000,5.61889500,13.19355000,23.67999000,310.56000000,0,0,1,0,
	3.62102200,11.56714000,5.60377900,13.35311000,23.68000000,310.64000000,0,0,1,0,
	3.62539700,11.56714000,5.60377900,13.35311000,23.68000000,310.72000000,0,0,1,0,
	3.63017000,11.56714000,5.60377900,13.35311000,23.59999000,310.72000000,0,0,1,0,
	3.63449400,11.56714000,5.60377900,13.35311000,23.59999000,310.80000000,0,0,1,0,
	3.63749700,11.56714000,5.60377900,13.35311000,23.59999000,310.80000000,0,0,1,0,
	3.64225300,11.40315000,5.60075600,13.51315000,23.59999000,310.80000000,0,0,1,0,
	3.64596800,11.40315000,5.60075600,13.51315000,23.59999000,310.88000000,0,0,1,0,
	3.65070400,11.40315000,5.60075600,13.51315000,23.59999000,310.88000000,0,0,1,0,
	3.65570000,11.40315000,5.60075600,13.51315000,23.51999000,310.96000000,0,0,1,0,
	3.65951500,11.24000000,5.71135600,13.67416000,23.51999000,311.12000000,0,0,1,0,
	3.66466600,11.24000000,5.71135600,13.67416000,23.51999000,311.28000000,0,0,1,0,
	3.67047200,11.24000000,5.71135600,13.67416000,23.44000000,311.44000000,0,0,1,0,
	3.67704800,11.24000000,5.71135600,13.67416000,23.36000000,311.84000000,0,0,1,0,
	3.68400200,11.08027000,5.81555600,13.83898000,23.36000000,312.40000000,0,0,1,0,
	3.69071500,11.08027000,5.81555600,13.83898000,23.28000000,313.12000000,0,0,1,0,
	3.69526900,11.08027000,5.81555600,13.83898000,23.27999000,314.08000000,0,0,1,0,
	3.70085700,10.92676000,5.91335500,14.01025000,23.28000000,314.64000000,0,0,1,0,
	3.70688200,10.92676000,5.91335500,14.01025000,23.20000000,315.68000000,0,0,1,0,
	3.71303900,10.92676000,5.91335500,14.01025000,23.20000000,316.64000000,0,0,1,0,
	3.71894500,10.78236000,6.00475500,14.19010000,23.20000000,317.76000000,0,0,1,0,
	3.72515700,10.78236000,6.00475500,14.19010000,23.12000000,319.12000000,0,0,1,0,
	3.73166300,10.78236000,6.00475500,14.19010000,23.12000000,320.24000000,0,0,1,0,
	3.73549800,10.78236000,6.00475500,14.19010000,23.12000000,321.92000000,0,0,1,0,
	3.74100700,10.65398000,6.08975600,14.38293000,23.03999000,322.88000000,0,0,1,0,
	3.74791200,10.65398000,6.08975600,14.38293000,23.04000000,323.92000000,0,0,1,0,
	3.75325000,10.65398000,6.08975600,14.38293000,23.04000000,325.68000000,0,0,1,0,
	3.76005000,10.53921000,6.16835500,14.58507000,23.04000000,326.96000000,0,0,1,0,
	3.76574400,10.53921000,6.16835500,14.58507000,23.03999000,328.96000000,0,0,1,0,
	3.76973400,10.53921000,6.16835500,14.58507000,23.03999000,330.48000000,0,0,1,0,
	3.77611300,10.53921000,6.16835500,14.58507000,23.03999000,331.60000000,0,0,1,0,
	3.78286800,10.44686000,6.24055500,14.79966000,23.04000000,333.28000000,0,0,1,0,
	3.79033100,10.44686000,6.24055500,14.79966000,23.04000000,335.52000000,0,0,1,0,
	3.79589300,10.44686000,6.24055500,14.79966000,23.03999000,337.52000000,0,0,1,0,
	3.80181500,10.37708000,6.30635500,15.02370000,23.03999000,339.28000000,0,0,1,0,
	3.80886600,10.37708000,6.30635500,15.02370000,23.04000000,341.12000000,0,0,1,0,
	3.81508500,10.37708000,6.30635500,15.02370000,23.04000000,343.20000000,0,0,1,0,
	3.81901400,10.32987000,6.36575600,15.25459000,23.04000000,345.04000000,0,0,1,0,
	3.82621300,10.32987000,6.36575600,15.25459000,23.04000000,346.08000000,0,0,1,0,
	3.83167000,10.32987000,6.36575600,15.25459000,23.04000000,348.08000000,0,0,1,0,
	3.83786200,10.32987000,6.36575600,15.25459000,23.03999000,349.84000000,0,0,1,0,
	3.84392600,10.30951000,6.41875600,15.49058000,23.04000000,351.68000000,0,0,1,0,
	3.85103300,10.30951000,6.41875600,15.49058000,23.04000000,353.12000000,0,0,1,0,
	3.85685500,10.30951000,6.41875600,15.49058000,23.03999000,355.36000000,0,0,1,0,
	3.86066600,10.31157000,6.46535500,15.72840000,23.03999000,357.12000000,0,0,1,0,
	3.86606100,10.31157000,6.46535500,15.72840000,23.03999000,358.24000000,0,0,1,0,
	3.87256000,10.31157000,6.46535500,15.72840000,23.04000000,359.60000000,0,0,1,0,
	3.87906900,10.33188000,6.50555500,15.96619000,23.03999000,1.51997900,0,0,1,0,
	3.88579300,10.33188000,6.50555500,15.96619000,23.03999000,3.27997900,0,0,1,0,
	3.89161800,10.33188000,6.50555500,15.96619000,23.04000000,5.03997900,0,0,1,0,
	3.89555900,10.33188000,6.50555500,15.96619000,22.96000000,6.55997900,0,0,1,0,
	3.90097400,10.37775000,6.53935500,16.20156000,22.96000000,7.67997800,0,0,1,0,
	3.90685000,10.37775000,6.53935500,16.20156000,22.96000000,8.95998000,0,0,1,0,
	3.91324700,10.37775000,6.53935500,16.20156000,22.96000000,10.55998000,0,0,1,0,
	3.91961700,10.44171000,6.56675500,16.43355000,22.96000000,12.07998000,0,0,1,0,
	3.92386500,10.44171000,6.56675500,16.43355000,22.88000000,13.83998000,0,0,1,0,
	3.92909200,10.44171000,6.56675500,16.43355000,22.88000000,14.71998000,0,0,1,0,
	3.93647100,10.44171000,6.56675500,16.43355000,22.88000000,16.07998000,0,0,1,0,
	3.94284600,10.52960000,6.58775500,16.65874000,22.88000000,17.99998000,0,0,1,0,
	3.94986200,10.52960000,6.58775500,16.65874000,22.79999000,19.35998000,0,0,1,0,
	3.95506200,10.52960000,6.58775500,16.65874000,22.80000000,20.87998000,0,0,1,0,
	3.96191000,10.63328000,6.60235500,16.87798000,22.80000000,21.99998000,0,0,1,0,
	3.96868900,10.63328000,6.60235500,16.87798000,22.80000000,23.35998000,0,0,1,0,
	3.97331900,10.63328000,6.60235500,16.87798000,22.80000000,24.71998000,0,0,1,0,
	3.97905200,10.75022000,6.61055500,17.09122000,22.80000000,25.43998000,0,0,1,0,
	3.98571100,10.75022000,6.61055500,17.09122000,22.80000000,26.39998000,0,0,1,0,
	3.99248600,10.75022000,6.61055500,17.09122000,22.80000000,27.43998000,0,0,1,0,
	3.99803300,10.75022000,6.61055500,17.09122000,22.80000000,28.39998000,0,0,1,0,
	4.00367700,10.88039000,6.61235500,17.29753000,22.80000000,28.95998000,0,0,1,0,
	4.01054100,10.88039000,6.61235500,17.29753000,22.80000000,29.51998000,0,0,1,0,
	4.01633400,10.88039000,6.61235500,17.29753000,22.80000000,30.23998000,0,0,1,0,
	4.02007500,11.01645000,6.60775500,17.50043000,22.80000000,30.55998000,0,0,1,0,
	4.02565600,11.01645000,6.60775500,17.50043000,22.79999000,30.79998000,0,0,1,0,
	4.03115600,11.01645000,6.60775500,17.50043000,22.80000000,31.03998000,0,0,1,0,
	4.03506100,11.01645000,6.60775500,17.50043000,22.80000000,31.19998000,0,0,1,0,
	4.03917900,11.15514000,6.59675500,17.70174000,22.80000000,31.27998000,0,0,1,0,
	4.04283000,11.15514000,6.59675500,17.70174000,22.80000000,31.27998000,0,0,1,0,
	4.04625600,11.15514000,6.59675500,17.70174000,22.80000000,31.27998000,0,0,1,0,
	4.04876900,11.15514000,6.59675500,17.70174000,22.80000000,31.27998000,0,0,1,0,
	4.05270200,11.15514000,6.59675500,17.70174000,22.80000000,31.27998000,0,0,1,0,
	4.05516200,11.15514000,6.59675500,17.70174000,22.80000000,31.27998000,0,0,1,0,
	4.05894400,11.29383000,6.57935500,17.90306000,22.80000000,31.27998000,0,0,1,0,
	4.06218500,11.29383000,6.57935500,17.90306000,22.80000000,31.27998000,0,0,1,0,
	4.06603800,11.29383000,6.57935500,17.90306000,22.80000000,31.27998000,0,0,1,0,
	4.06870900,11.29383000,6.57935500,17.90306000,22.80000000,31.27998000,0,0,1,0,
	4.07290700,11.29383000,6.57935500,17.90306000,22.80000000,31.27998000,0,0,1,0,
	4.07538600,11.29383000,6.57935500,17.90306000,22.80000000,31.27998000,0,0,1,0,
	4.07935400,11.43251000,6.55555500,18.10438000,22.80000000,31.27998000,0,0,1,0,
	4.08267000,11.43251000,6.55555500,18.10438000,22.80000000,31.27998000,0,0,1,0,
	4.08660800,11.43251000,6.55555500,18.10438000,22.80000000,31.27998000,0,0,1,0,
	4.08935000,11.43251000,6.55555500,18.10438000,22.80000000,31.27998000,0,0,1,0,
	4.09303900,11.43251000,6.55555500,18.10438000,22.80000000,31.27998000,0,0,1,0,
	4.09557600,11.43251000,6.55555500,18.10438000,22.80000000,31.27998000,0,0,1,0,
	4.09901500,11.57120000,6.52535500,18.30569000,22.80000000,31.27998000,0,0,1,0,
	4.10715400,11.57120000,6.52535500,18.30569000,22.80000000,31.27998000,0,0,1,0,
	4.11452200,11.57120000,6.52535500,18.30569000,22.88000000,31.27998000,0,0,1,0,
	4.12229900,11.70989000,6.48875500,18.50701000,22.88000000,31.27998000,0,0,1,1,
	4.12902000,11.70989000,6.48875500,18.50701000,22.88000000,31.27998000,0,0,1,1,
	4.13221100,11.70989000,6.48875500,18.50701000,22.88000000,31.19998000,0,0,1,1,
	4.13685700,11.70989000,6.48875500,18.50701000,22.88000000,31.19998000,0,0,1,1,
	4.14173700,11.84858000,6.44575500,18.70833000,22.88000000,31.11998000,0,0,1,1,
	4.14571000,11.84858000,6.44575500,18.70833000,22.96000000,31.11998000,0,0,1,1,
	4.15063300,11.84858000,6.44575500,18.70833000,22.96000000,31.03998000,0,0,1,1,
	4.15555400,11.84858000,6.44575500,18.70833000,23.03999000,30.87998000,0,0,1,1,
	4.16143300,11.98727000,6.39635500,18.90965000,23.04000000,30.79998000,0,0,0,1,
	4.16896200,11.98727000,6.39635500,18.90965000,23.12000000,30.63998000,0,0,0,1,
	4.17303100,11.98727000,6.39635500,18.90965000,23.12000000,30.31998000,0,0,0,1,
	4.17875700,12.09769000,6.34055500,19.12755000,23.20000000,30.15998000,0,0,0,1,
	4.18487400,12.09769000,6.34055500,19.12755000,23.28000000,29.83998000,0,0,0,1,
	4.18986000,12.09769000,6.34055500,19.12755000,23.36000000,29.51998000,0,0,0,1,
	4.19385100,12.09769000,6.34055500,19.12755000,23.36000000,29.27998000,0,0,0,1,
	4.19877300,12.20367000,6.27835500,19.34796000,23.43999000,28.95998000,0,0,0,1,
	4.20411700,12.20367000,6.27835500,19.34796000,23.44000000,28.55998000,0,0,0,1,
	4.20833200,12.20367000,6.27835500,19.34796000,23.52000000,28.15998000,0,0,0,1,
	4.21385900,12.20367000,6.27835500,19.34796000,23.51999000,27.83998000,0,0,0,1,
	4.22002000,12.30331000,6.20975500,19.57172000,23.59999000,27.27998000,0,0,0,1,
	4.22701400,12.30331000,6.20975500,19.57172000,23.68000000,26.63998000,0,0,0,1,
	4.23282900,12.30331000,6.20975500,19.57172000,23.76000000,25.83999000,0,0,0,1,
	4.23734000,12.30331000,6.20975500,19.57172000,23.84000000,25.03999000,0,0,0,1,
	4.24198700,12.39215000,6.13475500,19.80064000,23.84000000,24.47998000,0,0,0,1,
	4.24858300,12.39215000,6.13475500,19.80064000,23.91999000,23.83999000,0,0,0,1,
	4.25500200,12.39215000,6.13475500,19.80064000,24.00000000,22.71999000,0,0,0,1,
	4.26150300,12.47025000,6.05335500,20.03405000,24.07999000,21.75998000,0,0,0,1,
	4.26786500,12.47025000,6.05335500,20.03405000,24.16000000,20.47998000,0,0,0,1,
	4.27253400,12.47025000,6.05335500,20.03405000,24.24000000,19.51998000,0,0,0,1,
	4.27804200,12.47025000,6.05335500,20.03405000,24.31999000,18.55999000,0,0,0,1,
	4.28365900,12.53212000,6.16395500,20.27312000,24.31999000,17.75999000,0,0,0,1,
	4.28958000,12.53212000,6.16395500,20.27312000,24.40000000,16.55999000,0,0,0,1,
	4.29577200,12.53212000,6.16395500,20.27312000,24.48000000,15.43999000,0,0,0,1,
	4.30264300,12.57937000,6.26815500,20.51622000,24.55999000,14.23999000,0,0,0,1,
	4.30921800,12.57937000,6.26815500,20.51622000,24.64000000,12.79999000,0,0,0,1,
	4.31433800,12.57937000,6.26815500,20.51622000,24.71999000,11.43999000,0,0,0,1,
	4.31904700,12.61071000,6.36595500,20.76261000,24.79999000,10.47999000,0,0,0,1,
	4.32450000,12.61071000,6.36595500,20.76261000,24.88000000,9.19998600,0,0,0,1,
	4.33072800,12.61071000,6.36595500,20.76261000,24.96000000,7.83998800,0,0,0,1,
	4.33712700,12.61071000,6.36595500,20.76261000,25.03999000,6.15998600,0,0,0,1,
	4.34141300,12.61656000,6.45735500,21.01204000,25.11999000,4.55998600,0,0,0,1,
	4.34665100,12.61656000,6.45735500,21.01204000,25.19999000,3.51998600,0,0,0,1,
	4.35254200,12.61656000,6.45735500,21.01204000,25.19999000,1.91998600,0,0,0,1,
	4.35794900,12.61656000,6.45735500,21.01204000,25.27999000,0.23998600,0,0,0,1,
	4.36521700,12.59592000,6.54235500,21.26180000,25.27999000,358.48000000,0,0,0,1,
	4.37094400,12.59592000,6.54235500,21.26180000,25.35999000,356.56000000,0,0,0,1,
	4.37467000,12.59592000,6.54235500,21.26180000,25.35999000,354.56000000,0,0,0,1,
	4.38067000,12.55263000,6.62095500,21.50957000,25.35999000,353.28000000,0,0,0,1,
	4.38653600,12.55263000,6.62095500,21.50957000,25.35999000,351.36000000,0,0,0,1,
	4.39211400,12.55263000,6.62095500,21.50957000,25.43999000,349.68000000,0,0,0,1,
	4.39883600,12.48653000,6.69315500,21.75322000,25.43999000,348.00000000,0,0,0,1,
	4.40270700,12.48653000,6.69315500,21.75322000,25.43999000,346.00000000,0,0,0,1,
	4.40854700,12.48653000,6.69315500,21.75322000,25.51999000,344.72000000,0,0,0,1,
	4.41487400,12.48653000,6.69315500,21.75322000,25.52000000,343.04000000,0,0,0,1,
	4.42071800,12.39133000,6.75895500,21.98834000,25.59999000,341.12000000,0,0,0,1,
	4.42572600,12.39133000,6.75895500,21.98834000,25.60000000,339.44000000,0,0,0,1,
	4.43010400,12.39133000,6.75895500,21.98834000,25.67999000,338.40000000,0,0,0,1,
	4.43543700,12.39133000,6.75895500,21.98834000,25.67999000,336.80000000,0,0,0,1,
	4.44201800,12.27160000,6.81835500,22.21323000,25.75999000,335.12000000,0,0,0,1,
	4.44852300,12.27160000,6.81835500,22.21323000,25.75999000,333.28000000,0,0,0,1,
	4.45472800,12.27160000,6.81835500,22.21323000,25.76000000,331.20000000,0,0,0,1,
	4.45884500,12.12971000,6.87135500,22.42600000,25.75999000,329.44000000,0,0,0,1,
	4.46413000,12.12971000,6.87135500,22.42600000,25.75999000,328.48000000,0,0,0,1,
	4.46944100,12.12971000,6.87135500,22.42600000,25.75999000,326.88000000,0,0,0,1,
	4.47434700,12.12971000,6.87135500,22.42600000,25.83999000,325.44000000,0,0,0,1,
	4.47886800,11.96825000,6.91795500,22.62563000,25.83999000,324.16000000,0,0,0,1,
	4.48448600,11.96825000,6.91795500,22.62563000,25.83999000,322.80000000,0,0,0,1,
	4.49006400,11.96825000,6.91795500,22.62563000,25.83999000,321.28000000,0,0,0,1,
	4.49370000,11.96825000,6.91795500,22.62563000,25.75999000,320.00000000,0,0,0,1,
	4.49890600,11.78871000,6.95815500,22.81056000,25.75999000,318.96000000,0,0,0,1,
	4.50502000,11.78871000,6.95815500,22.81056000,25.76000000,317.76000000,0,0,0,1,
	4.51113300,11.78871000,6.95815500,22.81056000,25.67999000,316.40000000,0,0,0,1,
	4.51770100,11.78871000,6.95815500,22.81056000,25.67999000,315.28000000,0,0,0,1,
	4.52235200,11.59242000,6.99195500,22.97915000,25.59999000,313.76000000,0,0,0,1,
	4.52735500,11.59242000,6.99195500,22.97915000,25.60000000,313.12000000,0,0,0,1,
	4.53262200,11.59242000,6.99195500,22.97915000,25.51999000,312.00000000,0,0,0,1,
	4.53887600,11.38839000,7.01935500,23.13915000,25.52000000,311.20000000,0,0,0,1,
	4.54569800,11.38839000,7.01935500,23.13915000,25.43999000,310.16000000,0,0,0,1,
	4.55191300,11.38839000,7.01935500,23.13915000,25.43999000,309.12000000,0,0,0,1,
	4.55586100,11.38839000,7.01935500,23.13915000,25.35999000,308.08000000,0,0,0,1,
	4.56101000,11.17392000,7.04035500,23.28619000,25.27999000,307.52000000,0,0,0,1,
	4.56863300,11.17392000,7.04035500,23.28619000,25.19999000,306.64000000,0,0,0,1,
	4.57456200,11.17392000,7.04035500,23.28619000,25.04000000,305.28000000,0,0,0,1,
	4.58100500,10.95124000,7.05495500,23.42169000,24.96000000,304.40000000,0,0,0,1,
	4.58706100,10.95124000,7.05495500,23.42169000,24.88000000,303.60000000,0,0,0,1,
	4.59132700,10.95124000,7.05495500,23.42169000,24.72000000,302.64000000,0,0,0,1,
	4.59703300,10.95124000,7.05495500,23.42169000,24.63999000,302.16000000,0,0,0,1,
	4.60301800,10.72132000,7.06315500,23.54585000,24.55999000,301.44000000,0,0,0,1,
	4.60903600,10.72132000,7.06315500,23.54585000,24.48000000,300.88000000,0,0,0,1,
	4.61477000,10.72132000,7.06315500,23.54585000,24.32000000,300.24000000,0,0,0,1,
	4.61992800,10.48754000,7.06495500,23.66339000,24.31999000,299.76000000,0,0,0,1,
	4.62471200,10.48754000,7.06495500,23.66339000,24.24000000,299.36000000,0,0,0,1,
	4.63012600,10.48754000,7.06495500,23.66339000,24.16000000,298.96000000,0,0,0,1,
	4.63706500,10.48754000,7.06495500,23.66339000,24.08000000,298.64000000,0,0,0,1,
	4.64372700,10.25024000,7.06035500,23.77453000,23.99999000,298.16000000,0,0,0,1,
	4.64953500,10.25024000,7.06035500,23.77453000,23.99999000,297.76000000,0,0,0,1,
	4.65366700,10.25024000,7.06035500,23.77453000,23.91999000,297.44000000,0,0,0,1,
	4.66051500,10.01092000,7.04935500,23.88179000,23.91999000,297.20000000,0,0,0,1,
	4.66564200,10.01092000,7.04935500,23.88179000,23.84000000,296.80000000,0,0,0,1,
	4.67066000,10.01092000,7.04935500,23.88179000,23.84000000,296.56000000,0,0,0,1,
	4.67457600,10.01092000,7.04935500,23.88179000,23.84000000,296.40000000,0,0,0,1,
	4.68001500,9.76963500,7.03195500,23.98512000,23.76000000,296.24000000,0,0,0,1,
	4.68538400,9.76963500,7.03195500,23.98512000,23.75999000,296.08000000,0,0,0,1,
	4.69020300,9.76963500,7.03195500,23.98512000,23.76000000,296.00000000,0,0,0,1,
	4.69357400,9.76963500,7.03195500,23.98512000,23.76000000,295.92000000,0,0,0,1,
	4.69731700,9.76963500,7.03195500,23.98512000,23.76000000,295.92000000,0,0,0,1,
	4.70021100,9.52770700,7.00815500,24.08713000,23.76000000,295.92000000,0,0,0,1,
	4.70646000,9.52770700,7.00815500,24.08713000,23.76000000,295.92000000,0,0,0,1,
	4.70949200,9.52770700,7.00815500,24.08713000,23.76000000,295.92000000,0,0,0,1,
	4.71362500,9.52770700,7.00815500,24.08713000,23.76000000,295.92000000,0,0,0,1,
	4.71656000,9.52770700,7.00815500,24.08713000,23.76000000,295.92000000,0,0,0,1,
	4.72058100,9.28577900,6.97795500,24.18914000,23.76000000,295.92000000,0,0,0,1,
	4.72556900,9.28577900,6.97795500,24.18914000,23.76000000,295.92000000,0,0,0,1,
	4.72841300,9.28577900,6.97795500,24.18914000,23.76000000,295.92000000,0,0,0,1,
	4.73217500,9.28577900,6.97795500,24.18914000,23.76000000,295.92000000,0,0,0,1,
	4.73706500,9.28577900,6.97795500,24.18914000,23.76000000,295.92000000,0,0,0,1,
	4.74202700,9.04385100,6.94135500,24.29115000,23.68000000,296.00000000,0,0,0,1,
	4.74819900,9.04385100,6.94135500,24.29115000,23.67999000,296.08000000,0,0,0,1,
	4.75258400,9.04385100,6.94135500,24.29115000,23.60000000,296.16000000,0,0,0,1,
	4.75685600,9.04385100,6.94135500,24.29115000,23.60000000,296.24000000,0,0,0,1,
	4.76204000,8.80192300,6.89835500,24.39317000,23.51999000,296.32000000,0,0,0,1,
	4.76910200,8.80192300,6.89835500,24.39317000,23.51999000,296.48000000,0,0,0,1,
	4.77379200,8.80192300,6.89835500,24.39317000,23.43999000,296.64000000,0,0,0,1,
	4.77775300,8.80192300,6.89835500,24.39317000,23.35999000,296.80000000,0,0,0,1,
	4.78550500,8.55999500,6.84895500,24.49518000,23.36000000,296.88000000,0,0,1,1,
	4.79506300,8.55999500,6.84895500,24.49518000,23.20000000,297.20000000,0,0,1,0,
	4.80287900,8.32687600,6.79315500,24.61416000,23.12000000,297.44000000,0,0,1,0,
	4.81119400,8.32687600,6.79315500,24.61416000,23.04000000,297.76000000,0,0,1,0,
	4.81700400,8.32687600,6.79315500,24.61416000,22.88000000,298.00000000,0,0,1,0,
	4.82142900,8.10285200,6.73095500,24.75037000,22.88000000,298.24000000,0,0,1,0,
	4.82603000,8.10285200,6.73095500,24.75037000,22.80000000,298.40000000,0,0,1,0,
	4.83147100,8.10285200,6.73095500,24.75037000,22.72000000,298.48000000,0,0,1,0,
	4.83592100,8.10285200,6.73095500,24.75037000,22.72000000,298.64000000,0,0,1,0,
	4.84003000,7.88005400,6.66235400,24.88883000,22.64000000,298.80000000,0,0,1,0,
	4.84596400,7.88005400,6.66235400,24.88883000,22.64000000,298.88000000,0,0,1,0,
	4.85116300,7.88005400,6.66235400,24.88883000,22.55999000,299.12000000,0,0,1,0,
	4.85508400,7.88005400,6.66235400,24.88883000,22.55999000,299.28000000,0,0,1,0,
	4.85969200,7.65850300,6.58735500,25.02953000,22.48000000,299.36000000,0,0,1,0,
	4.86504800,7.65850300,6.58735500,25.02953000,22.47999000,299.52000000,0,0,1,0,
	4.86863600,7.65850300,6.58735500,25.02953000,22.48000000,299.76000000,0,0,1,0,
	4.87417800,7.65850300,6.58735500,25.02953000,22.40000000,299.92000000,0,0,1,0,
	4.88074600,7.43877600,6.50595500,25.17340000,22.40000000,300.16000000,0,0,1,0,
	4.88610500,7.43877600,6.50595500,25.17340000,22.32000000,300.56000000,0,0,1,0,
	4.89017200,7.43877600,6.50595500,25.17340000,22.32000000,300.88000000,0,0,1,0,
	4.89465600,7.43877600,6.50595500,25.17340000,22.32000000,301.12000000,0,0,1,0,
	4.90065500,7.22206400,6.41815500,25.32230000,22.32000000,301.44000000,0,0,1,0,
	4.90800800,7.22206400,6.41815500,25.32230000,22.32000000,301.92000000,0,0,1,0,
	4.91470400,7.22206400,6.41815500,25.32230000,22.32000000,302.48000000,0,0,1,0,
	4.91911800,7.00949900,6.52875500,25.47769000,22.23999000,303.12000000,0,0,1,0,
	4.92367700,7.00949900,6.52875500,25.47769000,22.23999000,303.52000000,0,0,1,0,
	4.92887100,7.00949900,6.52875500,25.47769000,22.24000000,303.92000000,0,0,1,0,
	4.93415100,7.00949900,6.52875500,25.47769000,22.24000000,304.48000000,0,0,1,0,
	4.93946400,6.80169300,6.63295500,25.64006000,22.24000000,304.96000000,0,0,1,0,
	4.94488100,6.80169300,6.63295500,25.64006000,22.16000000,305.60000000,0,0,1,0,
	4.95089200,6.80169300,6.63295500,25.64006000,22.16000000,306.24000000,0,0,1,0,
	4.95641800,6.80169300,6.63295500,25.64006000,22.08000000,306.96000000,0,0,1,0,
	4.96098800,6.60159000,6.73075400,25.81276000,22.00000000,307.76000000,0,0,1,0,
	4.96617400,6.60159000,6.73075400,25.81276000,22.00000000,308.16000000,0,0,1,0,
	4.97809200,6.60159000,6.73075400,25.81276000,22.00000000,308.96000000,0,0,1,0,
	4.98471500,6.41049100,6.82215500,25.99621000,21.92000000,310.80000000,0,0,1,0,
	4.99069800,6.41049100,6.82215500,25.99621000,21.92000000,311.92000000,0,0,1,0,
	4.99755100,6.41049100,6.82215500,25.99621000,21.92000000,312.96000000,0,0,1,0,
	5.00364300,6.23052200,6.90715500,26.19152000,21.92000000,314.32000000,0,0,1,0,
	5.00789600,6.23052200,6.90715500,26.19152000,21.92000000,315.44000000,0,0,1,0,
	5.01463700,6.23052200,6.90715500,26.19152000,21.92000000,316.32000000,0,0,1,0,
	5.02057600,6.06214300,6.98575400,26.39779000,21.92000000,317.76000000,0,0,1,0,
	5.02653600,6.06214300,6.98575400,26.39779000,21.92000000,319.36000000,0,0,1,0,
	5.03271400,6.06214300,6.98575400,26.39779000,21.92000000,320.72000000,0,0,1,0,
	5.04001700,5.90928700,7.05795400,26.61678000,21.92000000,322.08000000,0,0,1,0,
	5.04654500,5.90928700,7.05795400,26.61678000,21.92000000,323.68000000,0,0,1,0,
	5.05203200,5.90928700,7.05795400,26.61678000,21.92000000,325.68000000,0,0,1,0,
	5.05604100,5.90928700,7.05795400,26.61678000,21.92000000,326.96000000,0,0,1,0,
	5.06206800,5.77894600,7.12375500,26.85108000,21.92000000,327.92000000,0,0,1,0,
	5.06876300,5.77894600,7.12375500,26.85108000,22.00000000,329.36000000,0,0,1,0,
	5.07414700,5.77894600,7.12375500,26.85108000,22.00000000,331.28000000,0,0,1,0,
	5.08040200,5.66794000,7.18315500,27.09606000,22.08000000,332.64000000,0,0,1,0,
	5.08491400,5.66794000,7.18315500,27.09606000,22.15999000,334.64000000,0,0,1,0,
	5.08998600,5.66794000,7.18315500,27.09606000,22.16000000,335.60000000,0,0,1,0,
	5.09579800,5.66794000,7.18315500,27.09606000,22.16000000,337.12000000,0,0,1,0,
	5.10182800,5.58240300,7.23615500,27.35218000,22.23999000,338.56000000,0,0,1,0,
	5.10908500,5.58240300,7.23615500,27.35218000,22.23999000,340.24000000,0,0,1,0,
	5.11613200,5.58240300,7.23615500,27.35218000,22.32000000,342.16000000,0,0,1,0,
	5.12130600,5.52054600,7.28275400,27.61595000,22.32000000,343.84000000,0,0,1,0,
	5.12688600,5.52054600,7.28275400,27.61595000,22.32000000,344.80000000,0,0,1,0,
	5.13186700,5.52054600,7.28275400,27.61595000,22.32000000,346.24000000,0,0,1,0,
	5.13762300,5.52054600,7.28275400,27.61595000,22.40000000,347.36000000,0,0,1,0,
	5.14360600,5.48004800,7.32295400,27.88475000,22.40000000,348.48000000,0,0,1,0,
	5.15001100,5.48004800,7.32295400,27.88475000,22.40000000,349.76000000,0,0,1,0,
	5.15450900,5.48004800,7.32295400,27.88475000,22.40000000,350.80000000,0,0,1,0,
	5.16074800,5.45339700,7.35675400,28.15587000,22.40000000,351.44000000,0,0,1,0,
	5.16677100,5.45339700,7.35675400,28.15587000,22.40000000,352.64000000,0,0,1,0,
	5.17284900,5.45339700,7.35675400,28.15587000,22.47999000,353.44000000,0,0,1,0,
	5.18000700,5.44034300,7.38415400,28.42857000,22.47999000,354.32000000,0,0,1,0,
	5.18837200,5.44034300,7.38415400,28.42857000,22.48000000,355.28000000,0,0,1,0,
	5.19483900,5.44034300,7.38415400,28.42857000,22.55999000,356.16000000,0,0,1,0,
	5.20145900,5.43945400,7.40515400,28.70211000,22.56000000,356.88000000,0,0,1,0,
	5.20819400,5.43945400,7.40515400,28.70211000,22.64000000,357.60000000,0,0,1,0,
	5.21583300,5.43945400,7.40515400,28.70211000,22.64000000,358.24000000,0,0,1,0,
	5.22177500,5.44848500,7.41975400,28.97595000,22.72000000,358.96000000,0,0,1,0,
	5.22798600,5.44848500,7.41975400,28.97595000,22.80000000,359.52000000,0,0,1,0,
	5.23363200,5.44848500,7.41975400,28.97595000,22.88000000,0.00000387,0,0,1,0,
	5.23712300,5.44848500,7.41975400,28.97595000,22.96000000,0.48000390,0,0,1,0,
	5.24251300,5.46631000,7.42795400,29.24977000,22.96000000,0.80000390,0,0,1,0,
	5.24810600,5.46631000,7.42795400,29.24977000,23.03999000,1.20000400,0,0,1,0,
	5.25242000,5.46631000,7.42795400,29.24977000,23.03999000,1.52000400,0,0,1,0,
	5.25714000,5.46631000,7.42795400,29.24977000,23.03999000,1.76000400,0,0,1,0,
	5.26208000,5.48987500,7.42975400,29.52344000,23.12000000,2.00000400,0,0,1,0,
	5.26639900,5.48987500,7.42975400,29.52344000,23.12000000,2.24000400,0,0,1,0,
	5.27052300,5.48987500,7.42975400,29.52344000,23.12000000,2.40000400,0,0,1,0,
	5.27546600,5.48987500,7.42975400,29.52344000,23.12000000,2.56000400,0,0,1,0,
	5.27916500,5.51688600,7.42515400,29.79696000,23.12000000,2.72000400,0,0,1,0,
	5.28461000,5.51688600,7.42515400,29.79696000,23.12000000,2.72000400,0,0,1,0,
	5.28854500,5.51688600,7.42515400,29.79696000,23.12000000,2.80000400,0,0,1,0,
	5.29114400,5.51688600,7.42515400,29.79696000,23.12000000,2.80000400,0,0,1,0,
	5.29606800,5.51688600,7.42515400,29.79696000,23.12000000,2.80000400,0,0,1,0,
	5.29889700,5.54427900,7.41415400,30.07046000,23.12000000,2.80000400,0,0,1,0,
	5.30378600,5.54427900,7.41415400,30.07046000,23.12000000,2.80000400,0,0,1,0,
	5.30719200,5.54427900,7.41415400,30.07046000,23.12000000,2.80000400,0,0,1,0,
	5.31137700,5.54427900,7.41415400,30.07046000,23.12000000,2.80000400,0,0,1,0,
	5.31522300,5.54427900,7.41415400,30.07046000,23.12000000,2.80000400,0,0,1,0,
	5.31887100,5.57167200,7.39675400,30.34396000,23.12000000,2.80000400,0,0,1,0,
	5.32420100,5.57167200,7.39675400,30.34396000,23.12000000,2.80000400,0,0,1,0,
	5.32672100,5.57167200,7.39675400,30.34396000,23.12000000,2.80000400,0,0,1,0,
	5.33027400,5.57167200,7.39675400,30.34396000,23.12000000,2.80000400,0,0,1,0,
	5.33286900,5.57167200,7.39675400,30.34396000,23.12000000,2.80000400,0,0,1,0,
	5.33604900,5.57167200,7.39675400,30.34396000,23.12000000,2.80000400,0,0,1,0,
	5.34049700,5.59906600,7.37295400,30.61746000,23.12000000,2.80000400,0,0,1,0,
	5.34585800,5.59906600,7.37295400,30.61746000,23.12000000,2.80000400,0,0,1,1,
	5.35110500,5.59906600,7.37295400,30.61746000,23.12000000,2.80000400,0,0,1,1,
	5.35388000,5.59906600,7.37295400,30.61746000,23.12000000,2.80000400,0,0,1,1,
	5.35844400,5.62645900,7.34275400,30.89096000,23.12000000,2.80000400,0,0,0,1,
	5.36365700,5.62645900,7.34275400,30.89096000,23.12000000,2.80000400,0,0,0,1,
	5.36763900,5.62645900,7.34275400,30.89096000,23.12000000,2.80000400,0,0,0,1,
	5.37246600,5.62645900,7.34275400,30.89096000,23.12000000,2.72000400,0,0,0,1,
	5.37656300,5.62645900,7.34275400,30.89096000,23.12000000,2.64000400,0,0,0,1,
	5.38180700,5.62473600,7.30615400,31.16587000,23.12000000,2.56000400,0,0,0,1,
	5.38807900,5.62473600,7.30615400,31.16587000,23.12000000,2.40000400,0,0,0,1,
	5.39320100,5.62473600,7.30615400,31.16587000,23.12000000,2.08000400,0,0,0,1,
	5.39723500,5.62473600,7.30615400,31.16587000,23.12000000,1.84000500,0,0,0,1,
	5.40253600,5.61841400,7.26315400,31.44093000,23.12000000,1.60000400,0,0,0,1,
	5.40845400,5.61841400,7.26315400,31.44093000,23.12000000,1.20000400,0,0,0,1,
	5.41490600,5.61841400,7.26315400,31.44093000,23.12000000,0.80000420,0,0,0,1,
	5.42123400,5.60595000,7.21375400,31.71608000,23.12000000,0.32000420,0,0,0,1,
	5.42791900,5.60595000,7.21375400,31.71608000,23.12000000,359.84000000,0,0,0,1,
	5.43216100,5.60595000,7.21375400,31.71608000,23.12000000,359.36000000,0,0,0,1,
	5.43720400,5.60595000,7.21375400,31.71608000,23.12000000,359.04000000,0,0,0,1,
	5.44332700,5.58541700,7.15795400,31.99112000,23.12000000,358.64000000,0,0,0,1,
	5.44983500,5.58541700,7.15795400,31.99112000,23.12000000,358.24000000,0,0,0,1,
	5.45394000,5.58541700,7.15795400,31.99112000,23.12000000,357.84000000,0,0,0,1,
	5.45840300,5.56026900,7.09575400,32.26600000,23.12000000,357.68000000,0,0,0,1,
	5.46405800,5.56026900,7.09575400,32.26600000,23.12000000,357.44000000,0,0,0,1,
	5.46920200,5.56026900,7.09575400,32.26600000,23.12000000,357.20000000,0,0,0,1,
	5.47238700,5.56026900,7.09575400,32.26600000,23.03999000,357.04000000,0,0,0,1,
	5.47677200,5.56026900,7.09575400,32.26600000,23.03999000,357.04000000,0,0,0,1,
	5.47988100,5.53166000,7.20635400,32.54071000,23.03999000,356.96000000,0,0,0,1,
	5.48439600,5.53166000,7.20635400,32.54071000,23.03999000,356.96000000,0,0,0,1,
	5.48694900,5.53166000,7.20635400,32.54071000,23.03999000,356.96000000,0,0,0,1,
	5.49066000,5.53166000,7.20635400,32.54071000,23.03999000,356.96000000,0,0,0,1,
	5.49332900,5.53166000,7.20635400,32.54071000,23.03999000,356.96000000,0,0,0,1,
	5.49707400,5.53166000,7.20635400,32.54071000,23.03999000,356.96000000,0,0,0,1,
	5.49982400,5.50305100,7.31055400,32.81542000,23.03999000,356.96000000,0,0,0,1,
	5.50404300,5.50305100,7.31055400,32.81542000,23.03999000,356.96000000,0,0,0,1,
	5.50716200,5.50305100,7.31055400,32.81542000,23.03999000,356.96000000,0,0,0,1,
	5.51103900,5.50305100,7.31055400,32.81542000,23.03999000,356.96000000,0,0,0,1,
	5.51383600,5.50305100,7.31055400,32.81542000,23.03999000,356.96000000,0,0,0,1,
	5.51735400,5.50305100,7.31055400,32.81542000,23.03999000,356.96000000,0,0,0,1,
	5.52048100,5.47444200,7.40835400,33.09013000,23.03999000,356.96000000,0,0,0,1,
	5.52518500,5.47444200,7.40835400,33.09013000,23.03999000,356.96000000,0,0,0,1,
	5.52885400,5.47444200,7.40835400,33.09013000,23.03999000,356.96000000,0,0,0,1,
	5.53291900,5.47444200,7.40835400,33.09013000,22.96000000,356.96000000,0,0,0,1,
	5.53537900,5.47444200,7.40835400,33.09013000,22.96000000,356.96000000,0,0,0,1,
	5.53916500,5.44583400,7.49975400,33.36485000,22.96000000,356.96000000,0,0,0,1,
	5.54251900,5.44583400,7.49975400,33.36485000,22.96000000,356.96000000,0,0,0,1,
	5.54728100,5.44583400,7.49975400,33.36485000,22.96000000,356.96000000,0,0,0,1,
	5.55017600,5.44583400,7.49975400,33.36485000,22.88000000,356.96000000,0,0,0,1,
	5.55451700,5.44583400,7.49975400,33.36485000,22.88000000,356.96000000,0,0,0,1,
	5.55858700,5.41722500,7.58475400,33.63956000,22.88000000,356.96000000,0,0,0,1,
	5.56225800,5.41722500,7.58475400,33.63956000,22.88000000,357.04000000,0,0,0,1,
	5.56554900,5.41722500,7.58475400,33.63956000,22.88000000,357.04000000,0,0,0,1,
	5.56872300,5.41722500,7.58475400,33.63956000,22.88000000,357.04000000,0,0,0,1,
	5.57168100,5.41722500,7.58475400,33.63956000,22.88000000,357.04000000,0,0,0,1,
	5.57555900,5.41722500,7.58475400,33.63956000,22.88000000,357.04000000,0,0,0,1,
	5.57836400,5.38861600,7.66335400,33.91427000,22.88000000,357.04000000,0,0,0,1,
	5.58280800,5.38861600,7.66335400,33.91427000,22.88000000,357.04000000,0,0,0,1,
	5.58591900,5.38861600,7.66335400,33.91427000,22.88000000,357.04000000,0,0,0,1,
	5.58943600,5.38861600,7.66335400,33.91427000,22.88000000,357.04000000,0,0,0,1,
	5.59195400,5.38861600,7.66335400,33.91427000,22.88000000,357.04000000,0,0,0,1,
	5.59567200,5.38861600,7.66335400,33.91427000,22.88000000,357.04000000,0,0,0,1,
	5.59816500,5.38861600,7.66335400,33.91427000,22.88000000,357.04000000,0,0,0,1,
	5.60357700,5.36000700,7.73555400,34.18898000,22.88000000,357.04000000,0,1,0,1,
	5.61045500,5.36000700,7.73555400,34.18898000,22.88000000,357.04000000,0,1,0,0,
	5.61641900,5.36000700,7.73555400,34.18898000,22.88000000,357.04000000,0,1,0,0,
	5.61929900,5.32547700,7.80135400,34.43000000,22.88000000,357.04000000,0,1,0,0,
	5.62398400,5.32547700,7.80135400,34.43000000,22.88000000,357.04000000,0,1,0,0,
	5.62659900,5.32547700,7.80135400,34.43000000,22.88000000,357.04000000,0,1,0,0,
	5.63045700,5.32547700,7.80135400,34.43000000,22.88000000,357.04000000,0,1,0,0,
	5.63310700,5.32547700,7.80135400,34.43000000,22.88000000,357.04000000,0,1,0,0,
	5.63695300,5.32547700,7.80135400,34.43000000,22.88000000,357.04000000,0,1,0,0,
	5.63965700,5.29306700,7.86075400,34.63001000,22.88000000,357.04000000,0,1,0,0,
	5.64406100,5.29306700,7.86075400,34.63001000,22.88000000,357.04000000,0,1,0,0,
	5.64676500,5.29306700,7.86075400,34.63001000,22.88000000,357.04000000,0,1,0,0,
	5.65056400,5.29306700,7.86075400,34.63001000,22.88000000,357.04000000,0,1,0,0,
	5.65317100,5.29306700,7.86075400,34.63001000,22.88000000,357.04000000,0,1,0,0,
	5.65702200,5.29306700,7.86075400,34.63001000,22.88000000,357.04000000,0,1,0,0,
	5.65962100,5.26273000,7.91375400,34.52610000,22.88000000,357.04000000,0,1,0,0,
	5.66431700,5.26273000,7.91375400,34.52610000,22.88000000,357.04000000,0,1,0,0,
	5.66693100,5.26273000,7.91375400,34.52610000,22.88000000,357.04000000,0,1,0,0,
	5.67060900,5.26273000,7.91375400,34.52610000,22.88000000,357.04000000,0,1,0,0,
	5.67334900,5.26273000,7.91375400,34.52610000,22.88000000,357.04000000,0,1,0,0,
	5.67635500,5.26273000,7.91375400,34.52610000,22.88000000,357.04000000,0,1,0,0,
	5.67998600,5.23319700,7.96035400,34.50532000,22.88000000,357.04000000,0,1,0,0,
	5.68417200,5.23319700,7.96035400,34.50532000,22.88000000,357.04000000,0,1,0,0,
	5.68709600,5.23319700,7.96035400,34.50532000,22.88000000,357.04000000,0,1,0,0,
	5.69011900,5.23319700,7.96035400,34.50532000,22.88000000,357.04000000,0,1,0,0,
	5.69346800,5.23319700,7.96035400,34.50532000,22.88000000,357.04000000,0,1,0,0,
	5.69592600,5.23319700,7.96035400,34.50532000,22.88000000,357.04000000,0,1,0,0,
	5.69999100,5.20366300,8.00055400,34.48977000,22.88000000,357.04000000,0,1,0,0,
	5.70328100,5.20366300,8.00055400,34.48977000,22.88000000,357.04000000,0,1,0,0,
	5.70711900,5.20366300,8.00055400,34.48977000,22.88000000,357.04000000,0,1,0,0,
	5.70954200,5.20366300,8.00055400,34.48977000,22.88000000,357.04000000,0,1,0,0,
	5.71340400,5.20366300,8.00055400,34.48977000,22.88000000,357.04000000,0,1,0,0,
	5.71585000,5.20366300,8.00055400,34.48977000,22.88000000,357.04000000,0,1,0,0,
	5.71943400,5.17413000,8.03435400,34.47423000,22.88000000,357.04000000,0,1,0,0,
	5.72296100,5.17413000,8.03435400,34.47423000,22.88000000,357.04000000,0,1,0,0,
	5.72677900,5.17413000,8.03435400,34.47423000,22.88000000,357.04000000,0,1,0,0,
	5.72967800,5.17413000,8.03435400,34.47423000,22.88000000,357.04000000,0,1,0,0,
	5.73314400,5.17413000,8.03435400,34.47423000,22.88000000,357.04000000,0,1,0,0,
	5.73569500,5.17413000,8.03435400,34.47423000,22.88000000,357.04000000,0,1,0,0,
	5.73854900,5.14459700,8.06175400,34.45868000,22.88000000,357.04000000,0,1,0,0,
	5.74283400,5.14459700,8.06175400,34.45868000,22.88000000,357.04000000,0,1,0,0,
	5.74578600,5.14459700,8.06175400,34.45868000,22.88000000,357.04000000,0,1,0,0,
	5.74934800,5.14459700,8.06175400,34.45868000,22.88000000,357.04000000,0,1,0,0,
	5.75197700,5.14459700,8.06175400,34.45868000,22.88000000,357.04000000,0,1,0,0,
	5.75567700,5.14459700,8.06175400,34.45868000,22.88000000,357.04000000,0,1,0,0,
	5.75850200,5.11506300,8.08275400,34.44314000,22.88000000,357.04000000,0,1,0,0,
	5.76271600,5.11506300,8.08275400,34.44314000,22.88000000,357.04000000,0,1,0,0,
	5.76513800,5.11506300,8.08275400,34.44314000,22.88000000,357.04000000,0,1,0,0,
	5.76916800,5.11506300,8.08275400,34.44314000,22.88000000,357.04000000,0,1,0,0,
	5.77161100,5.11506300,8.08275400,34.44314000,22.88000000,357.04000000,0,1,0,0,
	5.77565600,5.11506300,8.08275400,34.44314000,22.88000000,357.04000000,0,1,0,0,
	5.77829100,5.08553000,8.09735400,34.42759000,22.88000000,357.04000000,0,1,0,0,
	5.78248000,5.08553000,8.09735400,34.42759000,22.88000000,357.04000000,0,1,0,0,
end
