map
	ez_square2
end

values
	0.00894550,-4.26325400,1.90000000,-2.10223900,17.68000000,311.04170000,1,0,0,0,
	0.01416540,-4.27591900,1.90000000,-2.09128000,18.00000000,310.72160000,1,0,0,0,
	0.02111410,-4.27591900,1.90000000,-2.09128000,18.24001000,310.40160000,1,0,0,0,
	0.02766080,-4.27591900,1.90000000,-2.09128000,18.48000000,310.08160000,1,0,0,0,
	0.03429900,-4.29440800,1.90000000,-2.07561200,18.56000000,309.76160000,1,0,0,0,
	0.03926290,-4.29440800,1.90000000,-2.07561200,18.72000000,309.44160000,1,0,0,0,
	0.04571580,-4.29440800,1.90000000,-2.07561200,18.80000000,309.28160000,1,0,0,0,
	0.05168690,-4.31859900,1.90000000,-2.05550700,18.88000000,309.12160000,1,0,0,0,
	0.05700040,-4.31859900,1.90000000,-2.05550700,19.04000000,308.96160000,1,0,0,0,
	0.06377470,-4.31859900,1.90000000,-2.05550700,19.12000000,308.88160000,1,0,0,0,
	0.06820090,-4.31859900,1.90000000,-2.05550700,19.28000000,308.72160000,1,0,0,0,
	0.07231420,-4.34992500,1.90000000,-2.02992100,19.36000000,308.64160000,1,0,0,0,
	0.07787570,-4.34992500,1.90000000,-2.02992100,19.44000000,308.56160000,1,0,0,0,
	0.08424331,-4.34992500,1.90000000,-2.02992100,19.60000000,308.48170000,1,0,0,0,
	0.08933640,-4.34992500,1.90000000,-2.02992100,19.76000000,308.40170000,1,0,0,0,
	0.09382901,-4.38798100,1.90000000,-1.99921500,19.84000000,308.32170000,1,0,0,0,
	0.09967001,-4.38798100,1.90000000,-1.99921500,19.92000000,308.32170000,1,0,0,0,
	0.10554120,-4.38798100,1.90000000,-1.99921500,20.08000000,308.24170000,1,0,0,0,
	0.11157320,-4.43120300,1.90000000,-1.96458900,20.24000000,308.16170000,1,0,0,0,
	0.11737680,-4.43120300,1.90000000,-1.96458900,20.40000000,308.08170000,1,0,0,0,
	0.12161130,-4.43120300,1.90000000,-1.96458900,20.56000000,307.92170000,1,0,0,0,
	0.12990510,-4.43120300,1.90000000,-1.96458900,20.64000000,307.84170000,1,0,0,0,
	0.13505070,-4.48226000,1.90000000,-1.92416100,20.88000000,307.60170000,1,0,0,0,
	0.14095100,-4.48226000,1.90000000,-1.92416100,21.04000000,307.52180000,1,0,0,0,
	0.14631940,-4.48226000,1.90000000,-1.92416100,21.20000000,307.28180000,1,0,0,0,
	0.15210950,-4.53866000,1.90000000,-1.87991000,21.36000000,307.12170000,1,0,0,0,
	0.15702230,-4.53866000,1.90000000,-1.87991000,21.52000000,306.96180000,1,0,0,0,
	0.16356530,-4.53866000,1.90000000,-1.87991000,21.68000000,306.80180000,1,0,0,0,
	0.16798200,-4.53866000,1.90000000,-1.87991000,21.92000000,306.56180000,1,0,0,0,
	0.17239460,-4.60221100,1.90000000,-1.83074700,22.00000000,306.48180000,1,0,0,0,
	0.18004470,-4.60221100,1.90000000,-1.83074700,22.16000000,306.24180000,1,0,0,0,
	0.18476470,-4.60221100,1.90000000,-1.83074700,22.40000000,306.00180000,1,0,0,0,
	0.18986810,-4.60221100,1.90000000,-1.83074700,22.48000000,305.84180000,1,0,0,0,
	0.19706630,-4.67310800,1.90000000,-1.77679200,22.64000000,305.68180000,1,0,0,0,
	0.20141170,-4.67310800,1.90000000,-1.77679200,22.80000000,305.52180000,1,0,0,0,
	0.20839690,-4.67310800,1.90000000,-1.77679200,22.88000000,305.44180000,1,0,0,0,
	0.21244680,-4.75027800,1.90000000,-1.71886000,23.04000000,305.28180000,1,0,0,0,
	0.21850350,-4.75027800,1.90000000,-1.71886000,23.12000000,305.20180000,1,0,0,0,
	0.22530110,-4.75027800,1.90000000,-1.71886000,23.28000000,305.04180000,1,0,0,0,
	0.22928450,-4.75027800,1.90000000,-1.71886000,23.44000000,304.88180000,1,0,0,0,
	0.23349090,-4.83456000,1.90000000,-1.65650400,23.52000000,304.80180000,1,0,0,0,
	0.24008940,-4.83456000,1.90000000,-1.65650400,23.60000000,304.72180000,1,0,0,0,
	0.24462770,-4.83456000,1.90000000,-1.65650400,23.75999000,304.64180000,1,0,0,0,
	0.25104520,-4.92408300,1.90000000,-1.59093000,23.84000000,304.56190000,1,0,0,0,
	0.25665420,-4.92408300,1.90000000,-1.59093000,24.00000000,304.40190000,1,0,0,0,
	0.26295610,-4.92408300,1.90000000,-1.59093000,24.08000000,304.32190000,1,0,0,0,
	0.26720060,-4.92408300,1.90000000,-1.59093000,24.24000000,304.24190000,1,0,0,0,
	0.27202180,-5.02134900,1.90000000,-1.52067100,24.32000000,304.16190000,1,0,0,0,
	0.27734960,-5.02134900,1.90000000,-1.52067100,24.40000000,304.08190000,1,0,0,0,
	0.28379260,-5.02134900,1.90000000,-1.52067100,24.48000000,304.00190000,1,0,0,0,
	0.29024400,-5.02134900,1.90000000,-1.52067100,24.64000000,303.84190000,1,0,0,0,
	0.29460730,-5.12655400,1.90000000,-1.44568500,24.80000000,303.76190000,1,0,0,0,
	0.29979320,-5.12655400,1.90000000,-1.44568500,24.88000000,303.68190000,1,0,0,0,
	0.30563600,-5.12655400,1.90000000,-1.44568500,25.04000000,303.52190000,1,0,0,0,
	0.30963330,-5.12655400,1.90000000,-1.44568500,25.12000000,303.36190000,1,0,0,0,
	0.31614570,-5.23848500,1.90000000,-1.36679700,25.20000000,303.28200000,1,0,0,0,
	0.32177170,-5.23848500,1.90000000,-1.36679700,25.35999000,303.12190000,1,0,0,0,
	0.32805390,-5.23848500,1.90000000,-1.36679700,25.44000000,303.04200000,1,0,0,0,
	0.33326290,-5.35685400,1.90000000,-1.28427800,25.60000000,302.88200000,1,0,0,0,
	0.33957350,-5.35685400,1.90000000,-1.28427800,25.67999000,302.72200000,1,0,0,0,
	0.34443290,-5.35685400,1.90000000,-1.28427800,25.83999000,302.56200000,1,0,0,0,
	0.34995630,-5.35685400,1.90000000,-1.28427800,25.91999000,302.48190000,1,0,0,0,
	0.35670100,-5.48294100,1.90000000,-1.19754500,26.00000000,302.32200000,1,0,0,0,
	0.36477820,-5.48294100,1.90000000,-1.19754500,26.08000000,302.16190000,1,0,0,0,
	0.37055130,-5.61019800,1.90000000,-1.11058900,26.24000000,302.00200000,1,0,0,0,
	0.37551220,-5.61019800,1.90000000,-1.11058900,26.31999000,301.84200000,1,0,0,0,
	0.38025350,-5.61019800,1.90000000,-1.11058900,26.39999000,301.76200000,1,0,0,0,
	0.38846240,-5.61019800,1.90000000,-1.11058900,26.39999000,301.68200000,1,0,0,0,
	0.39311670,-5.73789200,1.90000000,-1.02423500,26.55999000,301.52200000,1,0,0,0,
	0.39910150,-5.73789200,1.90000000,-1.02423500,26.56000000,301.44200000,1,0,0,0,
	0.40355100,-5.73789200,1.90000000,-1.02423500,26.64000000,301.28200000,1,0,0,0,
	0.40801270,-5.73789200,1.90000000,-1.02423500,26.72000000,301.20200000,1,0,0,0,
	0.41273720,-5.86596500,1.90000000,-0.93840830,26.72000000,301.12200000,1,0,0,0,
	0.41783480,-5.86596500,1.90000000,-0.93840830,26.79999000,301.04200000,1,0,0,0,
	0.42097790,-5.86596500,1.90000000,-0.93840830,26.88000000,300.96200000,1,0,0,0,
	0.42585880,-5.86596500,1.90000000,-0.93840830,26.88000000,300.96200000,1,0,0,0,
	0.43041470,-5.99437700,1.90000000,-0.85308600,26.96000000,300.88200000,1,0,0,0,
	0.43541240,-5.99437700,1.90000000,-0.85308600,27.04000000,300.80210000,1,0,0,0,
	0.44059720,-5.99437700,1.90000000,-0.85308600,27.04000000,300.72210000,1,0,0,0,
	0.44729380,-5.99437700,1.90000000,-0.85308600,27.11999000,300.64210000,1,0,0,0,
	0.45287420,-6.12321500,1.90000000,-0.76837980,27.19999000,300.48210000,1,0,0,0,
	0.45874850,-6.12321500,1.90000000,-0.76837980,27.27999000,300.40210000,1,0,0,0,
	0.46538480,-6.12321500,1.90000000,-0.76837980,27.35999000,300.32210000,1,0,0,0,
	0.47011630,-6.12321500,1.90000000,-0.76837980,27.43999000,300.16210000,1,0,0,0,
	0.47554960,-6.25251700,1.90000000,-0.68435970,27.51999000,300.08210000,1,0,0,0,
	0.48066380,-6.25251700,1.90000000,-0.68435970,27.51999000,299.92210000,1,0,0,0,
	0.48780020,-6.25251700,1.90000000,-0.68435970,27.59999000,299.84210000,1,0,0,0,
	0.49323920,-6.38220400,1.90000000,-0.60089780,27.67999000,299.68210000,1,0,0,0,
	0.50098100,-6.38220400,1.90000000,-0.60089780,27.76000000,299.60210000,1,0,0,0,
	0.50808660,-6.38220400,1.90000000,-0.60089780,27.83999000,299.44210000,1,0,0,0,
	0.51324680,-6.51233800,1.90000000,-0.51810530,27.91999000,299.28210000,1,0,0,0,
	0.52027920,-6.51233800,1.90000000,-0.51810530,28.00000000,299.20210000,1,0,0,0,
	0.52469180,-6.51233800,1.90000000,-0.51810530,28.07999000,298.96220000,1,0,0,0,
	0.53128250,-6.64287000,1.90000000,-0.43587740,28.16000000,298.80220000,1,0,0,0,
	0.53761920,-6.64287000,1.90000000,-0.43587740,28.23999000,298.64220000,1,0,0,0,
	0.54274930,-6.64287000,1.90000000,-0.43587740,28.39999000,298.40220000,1,0,0,0,
	0.55355610,-6.77340200,2.01060000,-0.35364960,28.48000000,298.24220000,1,0,0,0,
	0.56281910,-6.77340200,2.01060000,-0.35364960,28.64000000,297.84220000,1,0,0,0,
	0.57191380,-6.90393400,2.11480000,-0.27142180,28.72000000,297.52220000,1,0,0,0,
	0.57711330,-6.90393400,2.11480000,-0.27142180,28.80000000,297.28220000,1,0,0,0,
	0.58174070,-6.90393400,2.11480000,-0.27142180,28.80000000,297.12220000,1,0,0,0,
	0.58526450,-6.90393400,2.11480000,-0.27142180,28.87999000,297.04220000,1,0,0,0,
	0.58825040,-6.90393400,2.11480000,-0.27142180,28.87999000,297.04220000,1,0,0,0,
	0.59258550,-7.03446700,2.21260000,-0.18919390,28.87999000,297.04220000,1,0,0,0,
	0.59934110,-7.03446700,2.21260000,-0.18919390,28.87999000,297.04220000,0,0,1,0,
	0.60492850,-7.03446700,2.21260000,-0.18919390,28.87999000,297.04220000,0,0,1,0,
	0.60815450,-7.03446700,2.21260000,-0.18919390,28.87999000,297.04220000,0,0,1,0,
	0.61247320,-7.16495000,2.30400000,-0.10687010,28.87999000,297.04220000,0,0,1,0,
	0.61868920,-7.16495000,2.30400000,-0.10687010,28.87999000,297.04220000,0,0,1,0,
	0.62375700,-7.16495000,2.30400000,-0.10687010,28.95999000,297.12220000,0,0,1,0,
	0.62932590,-7.16495000,2.30400000,-0.10687010,28.96000000,297.20210000,0,0,1,0,
	0.63578700,-7.29494000,2.38900000,-0.02359303,29.04000000,297.44210000,0,0,1,0,
	0.64545420,-7.29494000,2.38900000,-0.02359303,29.03999000,298.00210000,0,0,1,0,
	0.65447940,-7.42308300,2.46760000,0.06308199,29.12000000,298.88210000,0,0,1,0,
	0.67174950,-7.54960600,2.53980000,0.15255170,29.19999000,300.08220000,0,0,1,0,
	0.68176750,-7.54960600,2.53980000,0.15255170,29.35999000,303.20210000,0,0,1,0,
	0.68852910,-7.54960600,2.53980000,0.15255170,29.43999000,305.20210000,0,0,1,0,
	0.69709350,-7.66593300,2.60560000,0.25679510,29.43999000,306.72210000,0,0,1,0,
	0.70555320,-7.66593300,2.60560000,0.25679510,29.52000000,308.56210000,0,0,1,0,
	0.71069910,-7.77515200,2.66500000,0.36957200,29.52000000,310.80210000,0,0,1,0,
	0.71859650,-7.77515200,2.66500000,0.36957200,29.52000000,312.16210000,0,0,1,0,
	0.72710380,-7.77515200,2.66500000,0.36957200,29.52000000,314.48210000,0,0,1,0,
	0.73800560,-7.87311300,2.71800000,0.49370730,29.51999000,316.64210000,0,0,1,1,
	0.74760590,-7.87311300,2.71800000,0.49370730,29.52000000,319.44210000,0,0,1,1,
	0.75377870,-7.97107400,2.76460000,0.61784260,29.43999000,322.08210000,0,0,1,1,
	0.76148140,-7.97107400,2.76460000,0.61784260,29.43999000,323.60210000,0,0,1,1,
	0.76750700,-7.97107400,2.76460000,0.61784260,29.43999000,325.36210000,0,0,1,1,
	0.77352450,-8.06903500,2.80480000,0.74197790,29.35999000,326.64210000,0,0,1,1,
	0.77915700,-8.06903500,2.80480000,0.74197790,29.35999000,327.84210000,0,0,1,1,
	0.78586350,-8.06903500,2.80480000,0.74197790,29.35999000,328.80210000,0,0,0,1,
	0.79573010,-8.16699600,2.83860000,0.86611320,29.35999000,329.92210000,0,0,0,1,
	0.80306570,-8.16699600,2.83860000,0.86611320,29.43999000,331.44210000,0,0,0,1,
	0.80798860,-8.16699600,2.83860000,0.86611320,29.52000000,332.32210000,0,0,0,1,
	0.81301110,-8.26495700,2.86600000,0.99024860,29.59999000,332.72210000,0,0,0,1,
	0.81913820,-8.26495700,2.86600000,0.99024860,29.59999000,333.20210000,0,0,0,1,
	0.82337700,-8.26495700,2.86600000,0.99024860,29.67999000,333.60210000,0,0,0,1,
	0.82891180,-8.26495700,2.86600000,0.99024860,29.75999000,333.76210000,0,0,0,1,
	0.83236180,-8.36291900,2.88700000,1.11438400,29.83999000,333.92210000,0,0,0,1,
	0.83621470,-8.36291900,2.88700000,1.11438400,29.83999000,333.92210000,0,0,0,1,
	0.83917390,-8.36291900,2.88700000,1.11438400,29.83999000,333.92210000,0,0,0,1,
	0.84346440,-8.36291900,2.88700000,1.11438400,29.83999000,333.92210000,0,0,0,1,
	0.84687220,-8.36291900,2.88700000,1.11438400,29.91999000,333.92210000,0,0,0,1,
	0.84976050,-8.36291900,2.88700000,1.11438400,29.91999000,333.92210000,0,0,0,1,
	0.85420700,-8.46088000,2.90160000,1.23851900,29.91999000,333.92210000,0,0,0,1,
	0.85815500,-8.46088000,2.90160000,1.23851900,29.99999000,333.92210000,0,0,0,1,
	0.86259940,-8.46088000,2.90160000,1.23851900,29.99999000,333.92210000,0,0,0,1,
	0.86589430,-8.46088000,2.90160000,1.23851900,30.07999000,333.84210000,0,0,0,1,
	0.87061320,-8.55884200,2.90980000,1.36265500,30.15999000,333.76210000,0,0,0,1,
	0.87620560,-8.55884200,2.90980000,1.36265500,30.23999000,333.68210000,0,0,0,1,
	0.88063680,-8.55884200,2.90980000,1.36265500,30.32000000,333.52220000,0,0,0,1,
	0.88646760,-8.55884200,2.90980000,1.36265500,30.32000000,333.36220000,0,0,0,1,
	0.89178970,-8.65680300,2.91160000,1.48679000,30.39999000,333.12220000,0,0,0,1,
	0.90091160,-8.65680300,2.91160000,1.48679000,30.47999000,332.88220000,0,0,0,1,
	0.90576480,-8.65680300,2.91160000,1.48679000,30.64000000,332.40220000,0,0,0,1,
	0.91159390,-8.75476500,2.90700000,1.61092500,30.63999000,332.08220000,0,0,0,1,
	0.91743740,-8.75476500,2.90700000,1.61092500,30.71999000,331.76210000,0,0,0,1,
	0.92678930,-8.75476500,2.90700000,1.61092500,30.79999000,331.44210000,0,0,0,1,
	0.93305740,-8.85272600,2.89600000,1.73506100,30.87999000,330.80210000,0,0,0,1,
	0.94138590,-8.85272600,2.89600000,1.73506100,30.96000000,330.32210000,0,0,0,1,
	0.94655380,-8.85272600,2.89600000,1.73506100,31.03999000,329.52210000,0,0,0,1,
	0.95104690,-8.95068700,2.87860000,1.85919600,31.11999000,329.12210000,0,0,0,1,
	0.95595810,-8.95068700,2.87860000,1.85919600,31.19999000,328.72210000,0,0,0,1,
	0.96364110,-8.95068700,2.87860000,1.85919600,31.27999000,328.24210000,0,0,0,1,
	0.97054390,-9.04864900,2.85480000,1.98333200,31.35999000,327.28210000,0,0,0,1,
	0.97551990,-9.04864900,2.85480000,1.98333200,31.51999000,326.48210000,0,0,0,1,
	0.98282830,-9.04864900,2.85480000,1.98333200,31.59999000,325.84210000,0,0,0,1,
	0.98960060,-9.04864900,2.85480000,1.98333200,31.67999000,325.04210000,0,0,0,1,
	0.99498630,-9.15292500,2.82460000,2.10304600,31.75999000,324.00210000,0,0,0,1,
	1.00256300,-9.15292500,2.82460000,2.10304600,31.83999000,323.28220000,0,0,0,1,
	1.00946300,-9.15292500,2.82460000,2.10304600,31.99999000,321.92210000,0,0,0,1,
	1.01482100,-9.26382000,2.78800000,2.21757700,32.07999000,320.96220000,0,0,0,1,
	1.02547200,-9.26382000,2.78800000,2.21757700,32.15999000,319.92210000,0,0,0,1,
	1.03087000,-9.38088800,2.74500000,2.32668100,32.31999000,318.00210000,0,0,0,1,
	1.03852300,-9.38088800,2.74500000,2.32668100,32.39999000,316.96210000,0,0,0,1,
	1.04559200,-9.38088800,2.74500000,2.32668100,32.48000000,315.36210000,0,0,0,1,
	1.05177500,-9.50619100,2.69560000,2.42760800,32.48000000,313.84210000,0,0,0,1,
	1.05895000,-9.50619100,2.69560000,2.42760800,32.56000000,312.48210000,0,0,0,1,
	1.06400900,-9.50619100,2.69560000,2.42760800,32.56000000,311.04210000,0,0,0,1,
	1.06991000,-9.50619100,2.69560000,2.42760800,32.56000000,309.84210000,0,0,0,1,
	1.07583600,-9.64126100,2.63980000,2.51709400,32.64001000,308.48210000,0,0,0,1,
	1.08176000,-9.64126100,2.63980000,2.51709400,32.64001000,307.20210000,0,0,0,1,
	1.08704700,-9.64126100,2.63980000,2.51709400,32.64000000,306.08220000,0,0,0,1,
	1.09352600,-9.78231700,2.57760000,2.59836500,32.64000000,304.88210000,0,0,0,1,
	1.10256900,-9.78231700,2.57760000,2.59836500,32.64000000,303.44210000,0,0,0,1,
	1.10869600,-9.78231700,2.57760000,2.59836500,32.64000000,301.44210000,0,0,0,1,
	1.11572400,-9.93041400,2.50900000,2.66823600,32.64001000,300.16210000,0,0,0,1,
	1.12347800,-9.93041400,2.50900000,2.66823600,32.64000000,298.56210000,0,0,0,1,
	1.15291900,-10.23550000,2.35260000,2.79099200,32.64001000,296.80210000,0,0,0,1,
	1.17984000,-10.39439000,2.26480000,2.83539600,32.64000000,290.48210000,0,0,0,1,
	1.19196600,-10.55779000,2.37540000,2.86171200,32.32000000,284.00210000,0,0,0,1,
	1.19968500,-10.55779000,2.37540000,2.86171200,32.16000000,281.44210000,0,0,0,1,
	1.21674600,-10.72344000,2.47960000,2.87624100,32.07999000,279.84210000,0,0,0,1,
	1.22591700,-10.72344000,2.47960000,2.87624100,31.83999000,276.88210000,0,0,0,1,
	1.23178100,-10.89053000,2.57740000,2.87786300,31.68000000,275.36210000,0,0,0,1,
	1.23807600,-10.89053000,2.57740000,2.87786300,31.60000000,274.48210000,0,0,0,1,
	1.24410800,-10.89053000,2.57740000,2.87786300,31.52000000,273.76210000,0,0,0,1,
	1.24853000,-10.89053000,2.57740000,2.87786300,31.52000000,273.12210000,0,0,0,1,
	1.25557300,-11.05814000,2.66880000,2.87111500,31.44000000,272.48210000,0,0,0,1,
	1.26705200,-11.05814000,2.66880000,2.87111500,31.36000000,271.84210000,0,0,1,1,
	1.27335600,-11.22581000,2.75380000,2.86250100,31.28000000,270.96210000,0,0,1,1,
	1.27827900,-11.22581000,2.75380000,2.86250100,31.28000000,270.48210000,0,0,1,1,
	1.28398500,-11.22581000,2.75380000,2.86250100,31.20000000,270.24210000,0,0,1,1,
	1.28883400,-11.22581000,2.75380000,2.86250100,31.20000000,270.00210000,0,0,1,0,
	1.29799700,-11.39350000,2.83240000,2.86358500,31.20000000,269.84210000,0,0,1,0,
	1.30143600,-11.39350000,2.83240000,2.86358500,31.12000000,269.60210000,0,0,1,0,
	1.30559800,-11.39350000,2.83240000,2.86358500,31.12000000,269.60210000,0,0,1,0,
	1.30860900,-11.39350000,2.83240000,2.86358500,31.12001000,269.52210000,0,0,1,0,
	1.31120300,-11.56128000,2.90460000,2.87642000,31.12001000,269.52210000,0,0,1,0,
	1.31618800,-11.56128000,2.90460000,2.87642000,31.12001000,269.52210000,0,0,1,0,
	1.31966700,-11.56128000,2.90460000,2.87642000,31.12000000,269.44210000,0,0,1,0,
	1.32259600,-11.56128000,2.90460000,2.87642000,31.12000000,269.44210000,0,0,1,0,
	1.32604000,-11.56128000,2.90460000,2.87642000,31.12000000,269.44210000,0,0,1,0,
	1.32913400,-11.56128000,2.90460000,2.87642000,31.12000000,269.44210000,0,0,1,0,
	1.33183800,-11.72906000,2.97040000,2.88925500,31.12000000,269.44210000,0,0,1,0,
	1.33556400,-11.72906000,2.97040000,2.88925500,31.12000000,269.44210000,0,0,1,0,
	1.33823600,-11.72906000,2.97040000,2.88925500,31.12000000,269.44210000,0,0,1,0,
	1.34119600,-11.72906000,2.97040000,2.88925500,31.12000000,269.44210000,0,0,1,0,
	1.34384400,-11.72906000,2.97040000,2.88925500,31.12000000,269.44210000,0,0,1,0,
	1.34671100,-11.72906000,2.97040000,2.88925500,31.12000000,269.44210000,0,0,1,0,
	1.34966200,-11.72906000,2.97040000,2.88925500,31.12000000,269.44210000,0,0,1,0,
	1.35244700,-11.89684000,3.02980000,2.90209000,31.12000000,269.44210000,0,0,1,0,
	1.35631400,-11.89684000,3.02980000,2.90209000,31.12000000,269.44210000,0,0,1,0,
	1.35891900,-11.89684000,3.02980000,2.90209000,31.12000000,269.44210000,0,0,1,0,
	1.36247100,-11.89684000,3.02980000,2.90209000,31.12000000,269.44210000,0,0,1,0,
	1.36506400,-11.89684000,3.02980000,2.90209000,31.12000000,269.44210000,0,0,1,0,
	1.36802900,-11.89684000,3.02980000,2.90209000,31.12000000,269.44210000,0,0,1,0,
	1.37082700,-12.06462000,3.08280000,2.91492500,31.12000000,269.44210000,0,0,1,0,
	1.37455200,-12.06462000,3.08280000,2.91492500,31.12000000,269.44210000,0,0,1,0,
	1.37726000,-12.06462000,3.08280000,2.91492500,31.12000000,269.44210000,0,0,1,0,
	1.38031800,-12.06462000,3.08280000,2.91492500,31.12000000,269.44210000,0,0,1,0,
	1.38384600,-12.06462000,3.08280000,2.91492500,31.12000000,269.44210000,0,0,1,0,
	1.38656300,-12.06462000,3.08280000,2.91492500,31.12000000,269.44210000,0,0,1,0,
	1.39016600,-12.06462000,3.08280000,2.91492500,31.12000000,269.44210000,0,0,1,0,
	1.39312300,-12.23239000,3.12940000,2.92776000,31.12000000,269.44210000,0,0,1,0,
	1.39717700,-12.23239000,3.12940000,2.92776000,31.12000000,269.44210000,0,0,1,0,
	1.40013900,-12.23239000,3.12940000,2.92776000,31.12000000,269.44210000,0,0,1,0,
	1.40374600,-12.23239000,3.12940000,2.92776000,31.12000000,269.44210000,0,0,1,0,
	1.40666000,-12.23239000,3.12940000,2.92776000,31.12000000,269.44210000,0,0,1,0,
	1.40989100,-12.23239000,3.12940000,2.92776000,31.12000000,269.44210000,0,0,1,0,
	1.41242800,-12.40017000,3.16960000,2.94059500,31.12000000,269.44210000,0,0,1,0,
	1.41652300,-12.40017000,3.16960000,2.94059500,31.12000000,269.44210000,0,0,1,0,
	1.41960200,-12.40017000,3.16960000,2.94059500,31.12000000,269.44210000,0,0,1,0,
	1.42215000,-12.40017000,3.16960000,2.94059500,31.12000000,269.44210000,0,0,1,0,
	1.42546900,-12.40017000,3.16960000,2.94059500,31.12000000,269.44210000,0,0,1,0,
	1.42875100,-12.40017000,3.16960000,2.94059500,31.12000000,269.44210000,0,0,1,0,
	1.43215700,-12.56795000,3.20340000,2.95343000,31.12000000,269.44210000,0,0,1,0,
	1.43563000,-12.56795000,3.20340000,2.95343000,31.12000000,269.44210000,0,0,1,0,
	1.43845800,-12.56795000,3.20340000,2.95343000,31.12000000,269.44210000,0,0,1,0,
	1.44118900,-12.56795000,3.20340000,2.95343000,31.12000000,269.44210000,0,0,1,0,
	1.44419100,-12.56795000,3.20340000,2.95343000,31.12000000,269.44210000,0,0,1,0,
	1.44696500,-12.56795000,3.20340000,2.95343000,31.12000000,269.44210000,0,0,1,0,
	1.44975100,-12.56795000,3.20340000,2.95343000,31.12000000,269.44210000,0,0,1,0,
	1.45332300,-12.73573000,3.23080000,2.96626500,31.12000000,269.44210000,0,0,1,0,
	1.45685600,-12.73573000,3.23080000,2.96626500,31.12000000,269.44210000,0,0,1,0,
	1.46016200,-12.73573000,3.23080000,2.96626500,31.12000000,269.44210000,0,0,1,0,
	1.46277200,-12.73573000,3.23080000,2.96626500,31.12000000,269.44210000,0,0,1,0,
	1.46549400,-12.73573000,3.23080000,2.96626500,31.12000000,269.44210000,0,0,1,0,
	1.46816900,-12.73573000,3.23080000,2.96626500,31.12000000,269.44210000,0,0,1,0,
	1.47098000,-12.90351000,3.25180000,2.97910000,31.12000000,269.44210000,0,0,1,0,
	1.47468900,-12.90351000,3.25180000,2.97910000,31.12000000,269.44210000,0,0,1,0,
	1.47746400,-12.90351000,3.25180000,2.97910000,31.12000000,269.44210000,0,0,1,0,
	1.48061800,-12.90351000,3.25180000,2.97910000,31.12000000,269.44210000,0,0,1,0,
	1.48332100,-12.90351000,3.25180000,2.97910000,31.12000000,269.44210000,0,0,1,0,
	1.48617000,-12.90351000,3.25180000,2.97910000,31.12000000,269.44210000,0,0,1,0,
	1.48935100,-12.90351000,3.25180000,2.97910000,31.12000000,269.44210000,0,0,1,0,
	1.49203800,-13.07128000,3.26640000,2.99193500,31.12000000,269.44210000,0,0,1,0,
	1.49645000,-13.07128000,3.26640000,2.99193500,31.12000000,269.44210000,0,0,1,0,
	1.49933600,-13.07128000,3.26640000,2.99193500,31.12000000,269.44210000,0,0,1,0,
	1.50255100,-13.07128000,3.26640000,2.99193500,31.12000000,269.44210000,0,0,1,0,
	1.50549500,-13.07128000,3.26640000,2.99193500,31.12000000,269.44210000,0,0,1,0,
	1.50875900,-13.07128000,3.26640000,2.99193500,31.12000000,269.44210000,0,0,1,0,
	1.51147600,-13.23906000,3.27460000,3.00477100,31.12000000,269.44210000,0,0,1,0,
	1.51526700,-13.23906000,3.27460000,3.00477100,31.12000000,269.44210000,0,0,1,0,
	1.51793000,-13.23906000,3.27460000,3.00477100,31.12000000,269.44210000,0,0,1,0,
	1.52108100,-13.23906000,3.27460000,3.00477100,31.12000000,269.44210000,0,0,1,0,
	1.52390800,-13.23906000,3.27460000,3.00477100,31.12000000,269.44210000,0,0,1,0,
	1.52663500,-13.23906000,3.27460000,3.00477100,31.12000000,269.44210000,0,0,1,0,
	1.52989300,-13.23906000,3.27460000,3.00477100,31.12000000,269.44210000,0,0,1,0,
	1.53264000,-13.40684000,3.27640000,3.01760600,31.12000000,269.44210000,0,0,1,0,
	1.53669900,-13.40684000,3.27640000,3.01760600,31.12000000,269.44210000,0,0,1,0,
	1.53969400,-13.40684000,3.27640000,3.01760600,31.12000000,269.44210000,0,0,1,0,
	1.54294500,-13.40684000,3.27640000,3.01760600,31.12000000,269.44210000,0,0,1,0,
	1.54568600,-13.40684000,3.27640000,3.01760600,31.12000000,269.44210000,0,0,1,0,
	1.54883600,-13.40684000,3.27640000,3.01760600,31.12000000,269.44210000,0,0,1,0,
	1.55159400,-13.57462000,3.27180000,3.03044100,31.12000000,269.44210000,0,0,1,0,
	1.55635300,-13.57462000,3.27180000,3.03044100,31.12000000,269.44210000,0,0,1,0,
	1.56022400,-13.57462000,3.27180000,3.03044100,31.12000000,269.44210000,0,0,1,0,
	1.56418800,-13.57462000,3.27180000,3.03044100,31.12000000,269.44210000,0,0,1,0,
	1.56727800,-13.57462000,3.27180000,3.03044100,31.12000000,269.44210000,0,0,1,0,
	1.57108700,-13.74240000,3.26080000,3.04327600,31.12000000,269.44210000,0,0,1,0,
	1.57518900,-13.74240000,3.26080000,3.04327600,31.12000000,269.44210000,0,0,1,0,
	1.57818900,-13.74240000,3.26080000,3.04327600,31.12000000,269.44210000,0,0,1,0,
	1.58236400,-13.74240000,3.26080000,3.04327600,31.12000000,269.44210000,0,0,1,0,
	1.58587500,-13.74240000,3.26080000,3.04327600,31.12001000,269.52210000,0,0,1,0,
	1.58856900,-13.74240000,3.26080000,3.04327600,31.12001000,269.52210000,0,0,1,0,
	1.59347100,-13.91017000,3.24340000,3.05611100,31.12001000,269.52210000,0,0,1,0,
	1.59857400,-13.91017000,3.24340000,3.05611100,31.12000000,269.60210000,0,0,1,0,
	1.60286800,-13.91017000,3.24340000,3.05611100,31.12000000,269.68210000,0,0,1,0,
	1.60854600,-13.91017000,3.24340000,3.05611100,31.12000000,269.76210000,0,0,1,0,
	1.61305300,-14.07795000,3.21960000,3.06988200,31.12000000,269.92210000,0,0,1,0,
	1.61782700,-14.07795000,3.21960000,3.06988200,31.04000000,270.00200000,0,0,1,0,
	1.62369100,-14.07795000,3.21960000,3.06988200,31.04000000,270.16200000,0,0,1,0,
	1.62838000,-14.07795000,3.21960000,3.06988200,31.04000000,270.40200000,0,0,1,0,
	1.63466800,-14.24572000,3.18940000,3.08576300,31.04001000,270.64200000,0,0,1,0,
	1.64096400,-14.24572000,3.18940000,3.08576300,31.04000000,270.88200000,0,0,1,0,
	1.64682600,-14.24572000,3.18940000,3.08576300,30.96000000,271.20200000,0,0,1,0,
	1.65210500,-14.41343000,3.15280000,3.10422400,30.96000000,271.52200000,0,0,1,0,
	1.65955900,-14.41343000,3.15280000,3.10422400,30.96000000,271.76200000,0,0,1,0,
	1.66616500,-14.41343000,3.15280000,3.10422400,30.96000000,272.16200000,0,0,1,0,
	1.67305100,-14.58100000,3.10980000,3.12620700,30.88000000,272.72200000,0,0,1,0,
	1.68002200,-14.58100000,3.10980000,3.12620700,30.88000000,273.28200000,0,0,1,0,
	1.68593800,-14.58100000,3.10980000,3.12620700,30.80000000,273.92200000,0,0,1,0,
	1.69076700,-14.74819000,3.10196000,3.15359200,30.80000000,274.56200000,0,0,1,0,
	1.69799500,-14.74819000,3.10196000,3.15359200,30.72000000,275.12200000,0,0,1,0,
	1.70292800,-14.74819000,3.10196000,3.15359200,30.72000000,276.08200000,0,0,1,0,
	1.70799600,-14.74819000,3.10196000,3.15359200,30.64000000,276.88200000,0,0,1,0,
	1.72057700,-14.91441000,3.10039200,3.18966200,30.64000000,277.52200000,0,0,1,0,
	1.76260000,-15.24449000,3.31519200,3.27534400,30.48000000,279.84200000,0,0,1,0,
	1.78507500,-15.40117000,3.41299200,3.34297500,29.76001000,288.64200000,0,0,1,0,
	1.80663400,-15.55101000,3.50439200,3.42580000,29.44000000,294.24200000,0,0,1,0,
	1.81509600,-15.69182000,3.58939200,3.52410000,29.04000000,300.24200000,0,0,1,0,
	1.83992600,-15.82904000,3.66799200,3.62805200,28.88000000,302.48200000,0,0,1,0,
	1.84784900,-15.82904000,3.66799200,3.62805200,28.64000000,310.40200000,0,0,1,0,
	1.85753300,-15.94594000,3.74019200,3.75539900,28.56000000,312.80200000,0,0,1,0,
	1.87389200,-16.05555000,3.80599200,3.88975700,28.48000000,316.16200000,0,0,1,0,
	1.88163700,-16.05555000,3.80599200,3.88975700,28.40000000,321.44200000,0,0,1,0,
	1.88918400,-16.05555000,3.80599200,3.88975700,28.40000000,324.08200000,0,0,1,0,
	1.90014900,-16.14053000,3.86539200,4.04253200,28.32000000,326.32200000,0,0,1,0,
	1.90695100,-16.14053000,3.86539200,4.04253200,28.32000000,330.00200000,0,0,1,0,
	1.91387000,-16.20975000,3.91839200,4.20410100,28.24000000,332.24200000,0,0,1,0,
	1.92089500,-16.20975000,3.91839200,4.20410100,28.24000000,334.64200000,0,0,1,0,
	1.93011100,-16.20975000,3.91839200,4.20410100,28.24001000,337.12200000,0,0,1,0,
	1.93558400,-16.25650000,3.96499200,4.37495200,28.24000000,340.16200000,0,0,1,0,
	1.94294000,-16.25650000,3.96499200,4.37495200,28.24000000,342.16200000,0,0,1,0,
	1.94866300,-16.25650000,3.96499200,4.37495200,28.24000000,344.56200000,0,0,1,0,
	1.95440600,-16.28444000,4.00519200,4.55106200,28.24001000,346.48200000,0,0,1,0,
	1.96271700,-16.28444000,4.00519200,4.55106200,28.24000000,348.72200000,0,0,1,0,
	1.96868600,-16.28444000,4.00519200,4.55106200,28.24000000,351.36200000,0,0,1,0,
	1.97391900,-16.29197000,4.03899200,4.73042400,28.16000000,353.12200000,0,0,1,0,
	1.97901900,-16.29197000,4.03899200,4.73042400,28.16000000,354.96200000,0,0,1,0,
	1.98349900,-16.29197000,4.03899200,4.73042400,28.16000000,356.40200000,0,0,1,0,
	1.99080600,-16.28426000,4.06639200,4.91075000,28.16000000,358.00200000,0,0,1,0,
	1.99589000,-16.28426000,4.06639200,4.91075000,28.16000000,0.24204460,0,0,1,0,
	1.99997100,-16.28426000,4.06639200,4.91075000,28.16000000,1.68204000,0,0,1,0,
	2.00480300,-16.28426000,4.06639200,4.91075000,28.08001000,2.88204900,0,0,1,0,
	2.00966300,-16.28426000,4.06639200,4.91075000,28.08000000,4.32204400,0,0,1,0,
	2.01361400,-16.25160000,4.08739200,5.08985800,28.08000000,5.92205700,0,0,1,0,
	2.01862300,-16.25160000,4.08739200,5.08985800,28.08001000,6.96207700,0,0,1,0,
	2.02539800,-16.25160000,4.08739200,5.08985800,28.08000000,8.32205000,0,0,1,0,
	2.03265000,-16.20440000,4.10199200,5.26663400,28.00001000,10.56205000,0,0,1,0,
	2.03769500,-16.20440000,4.10199200,5.26663400,28.00001000,12.48204000,0,0,1,0,
	2.04255000,-16.20440000,4.10199200,5.26663400,28.00000000,13.84204000,0,0,1,0,
	2.04648300,-16.20440000,4.10199200,5.26663400,28.00000000,15.12205000,0,0,1,0,
	2.05427100,-16.13888000,4.11019200,5.43874600,28.00001000,16.48202000,0,0,1,0,
	2.05999700,-16.13888000,4.11019200,5.43874600,28.00001000,18.72202000,0,0,1,0,
	2.06518100,-16.13888000,4.11019200,5.43874600,28.00001000,20.00200000,0,0,1,0,
	2.07245700,-16.05860000,4.11199200,5.60554800,28.00000000,21.36200000,0,0,1,0,
	2.07760500,-16.05860000,4.11199200,5.60554800,28.00000000,23.44199000,0,0,1,0,
	2.08490600,-16.05860000,4.11199200,5.60554800,28.00001000,24.80196000,0,0,1,0,
	2.08878900,-16.05860000,4.11199200,5.60554800,28.00001000,26.64196000,0,0,1,0,
	2.09350400,-15.95988000,4.10739200,5.76360100,28.00001000,27.68197000,0,0,1,0,
	2.09951400,-15.95988000,4.10739200,5.76360100,27.92000000,29.04195000,0,0,1,0,
	2.10387700,-15.95988000,4.10739200,5.76360100,27.92000000,30.56194000,0,0,1,0,
	2.10901400,-15.95988000,4.10739200,5.76360100,27.92000000,31.68195000,0,0,1,0,
	2.11460800,-15.84643000,4.09639200,5.91281400,27.92000000,32.96193000,0,0,1,0,
	2.12026200,-15.84643000,4.09639200,5.91281400,27.92000000,34.56194000,0,0,1,0,
	2.12441900,-15.84643000,4.09639200,5.91281400,27.92000000,36.00194000,0,0,1,0,
	2.13183700,-15.72236000,4.07899200,6.05440300,27.92000000,36.96193000,0,0,1,0,
	2.13987800,-15.72236000,4.07899200,6.05440300,27.92000000,38.64194000,0,0,1,0,
	2.14495400,-15.72236000,4.07899200,6.05440300,27.92000000,40.64193000,0,0,1,0,
	2.14993100,-15.72236000,4.07899200,6.05440300,28.00001000,41.84194000,0,0,1,0,
	2.16274900,-15.58317000,4.05519200,6.18293800,28.00000000,43.04195000,0,0,1,0,
	2.16999900,-15.58317000,4.05519200,6.18293800,28.00001000,45.76195000,0,0,1,0,
	2.17676600,-15.43500000,4.02499200,6.30213600,28.00000000,46.96196000,0,0,1,0,
	2.18430500,-15.43500000,4.02499200,6.30213600,28.08000000,48.24197000,0,0,1,0,
	2.19678100,-15.28193000,3.98839200,6.41576100,28.08000000,49.20196000,0,0,1,0,
	2.20264200,-15.28193000,3.98839200,6.41576100,28.08000000,50.96196000,0,0,1,0,
	2.20855200,-15.28193000,3.98839200,6.41576100,28.08001000,51.44199000,0,0,1,0,
	2.21353600,-15.12336000,3.94539200,6.52255200,28.08000000,51.84197000,0,0,1,0,
	2.21897900,-15.12336000,3.94539200,6.52255200,28.08000000,52.08197000,0,0,1,0,
	2.22564400,-15.12336000,3.94539200,6.52255200,28.16000000,52.24197000,0,0,1,1,
	2.23092100,-14.96397000,3.89599200,6.62829100,28.16000000,52.32196000,0,0,1,1,
	2.23478000,-14.96397000,3.89599200,6.62829100,28.16000000,52.32196000,0,0,1,1,
	2.23960500,-14.96397000,3.89599200,6.62829100,28.16000000,52.32196000,0,0,0,1,
	2.24732400,-14.96397000,3.89599200,6.62829100,28.16000000,52.32196000,0,0,0,1,
	2.25348700,-14.81995000,4.00659200,6.75386000,28.16000000,52.16195000,0,0,0,1,
	2.26185500,-14.81995000,4.00659200,6.75386000,28.24000000,52.00196000,0,0,0,1,
	2.26739500,-14.81995000,4.00659200,6.75386000,28.32000000,51.60195000,0,0,0,1,
	2.27201400,-14.67955000,4.11079200,6.88402100,28.32000000,51.36197000,0,0,0,1,
	2.27876400,-14.67955000,4.11079200,6.88402100,28.40000000,51.04196000,0,0,0,1,
	2.28398500,-14.67955000,4.11079200,6.88402100,28.40000000,50.48197000,0,0,0,1,
	2.29098800,-14.54203000,4.20859100,7.01768100,28.48000000,50.00195000,0,0,0,1,
	2.29862600,-14.54203000,4.20859100,7.01768100,28.48000000,49.28196000,0,0,0,1,
	2.30325300,-14.54203000,4.20859100,7.01768100,28.56000000,48.40196000,0,0,0,1,
	2.30940000,-14.54203000,4.20859100,7.01768100,28.64000000,47.76194000,0,0,0,1,
	2.31554400,-14.41167000,4.29999200,7.15929100,28.72000000,46.80194000,0,0,0,1,
	2.32089200,-14.41167000,4.29999200,7.15929100,28.72000000,45.84194000,0,0,0,1,
	2.33257200,-14.28564000,4.38499200,7.30529600,28.80000000,44.96194000,0,0,0,1,
	2.33889700,-14.28564000,4.38499200,7.30529600,28.96000000,42.40194000,0,0,0,1,
	2.34549100,-14.28564000,4.38499200,7.30529600,29.04000000,41.04196000,0,0,0,1,
	2.35160500,-14.17467000,4.46359200,7.46436300,29.20000000,39.04195000,0,0,0,1,
	2.35680600,-14.17467000,4.46359200,7.46436300,29.20000000,37.44196000,0,0,0,1,
	2.36506600,-14.17467000,4.46359200,7.46436300,29.28000000,36.08196000,0,0,0,1,
	2.37061700,-14.07941000,4.53579100,7.63449900,29.36000000,33.36196000,0,0,0,1,
	2.37702700,-14.07941000,4.53579100,7.63449900,29.36000000,31.44194000,0,0,0,1,
	2.38231500,-14.07941000,4.53579100,7.63449900,29.44000000,29.52195000,0,0,0,1,
	2.38877600,-14.07941000,4.53579100,7.63449900,29.44000000,27.76194000,0,0,0,1,
	2.39507200,-14.00787000,4.60159200,7.81746100,29.52000000,25.44192000,0,0,0,1,
	2.40516000,-14.00787000,4.60159200,7.81746100,29.52000000,23.52190000,0,0,0,1,
	2.41446500,-13.95397000,4.66099200,8.00725500,29.52001000,19.92190000,0,0,0,1,
	2.42001700,-13.95397000,4.66099200,8.00725500,29.60000000,16.24190000,0,0,0,1,
	2.42753100,-13.95397000,4.66099200,8.00725500,29.60000000,14.64191000,0,0,0,1,
	2.43311200,-13.92731000,4.71399200,8.20401100,29.60000000,11.76190000,0,0,0,1,
	2.44060600,-13.92731000,4.71399200,8.20401100,29.60000000,10.08191000,0,0,0,1,
	2.44851800,-13.92731000,4.71399200,8.20401100,29.60000000,7.12190200,0,0,0,1,
	2.45451700,-13.92625000,4.76059200,8.40379000,29.60001000,4.32193500,0,0,0,1,
	2.46218400,-13.92625000,4.76059200,8.40379000,29.52000000,2.32191900,0,0,0,1,
	2.46879400,-13.92625000,4.76059200,8.40379000,29.52000000,359.84190000,0,0,0,1,
	2.47676900,-13.94890000,4.80079100,8.60347700,29.44000000,357.52190000,0,0,0,1,
	2.48176300,-13.94890000,4.80079100,8.60347700,29.36000000,354.80190000,0,0,0,1,
	2.48989000,-13.94890000,4.80079100,8.60347700,29.36000000,353.20190000,0,0,0,1,
	2.49689500,-13.99578000,4.83459100,8.80011500,29.28001000,350.56190000,0,0,0,1,
	2.50653800,-13.99578000,4.83459100,8.80011500,29.28000000,348.56190000,0,0,0,1,
	2.51235200,-14.05996000,4.86199100,8.99267100,29.20000000,345.52190000,0,0,0,1,
	2.51701800,-14.05996000,4.86199100,8.99267100,29.12000000,343.92190000,0,0,0,1,
	2.52276300,-14.05996000,4.86199100,8.99267100,29.12000000,342.88190000,0,0,0,1,
	2.52711200,-14.05996000,4.86199100,8.99267100,29.12001000,341.12190000,0,0,0,1,
	2.53782200,-14.14248000,4.88299100,9.17929700,29.12000000,340.08180000,0,0,0,1,
	2.54585500,-14.14248000,4.88299100,9.17929700,29.04000000,337.28190000,0,0,0,1,
	2.55215500,-14.24040000,4.89759100,9.35922400,29.04000000,335.36180000,0,0,0,1,
	2.56050900,-14.24040000,4.89759100,9.35922400,29.04000000,333.68190000,0,0,0,1,
	2.56650500,-14.24040000,4.89759100,9.35922400,28.96000000,331.36180000,0,0,0,1,
	2.57191400,-14.35618000,4.90579100,9.52947700,28.96000000,329.68180000,0,0,0,1,
	2.57903500,-14.35618000,4.90579100,9.52947700,28.96000000,328.48180000,0,0,0,1,
	2.58701300,-14.35618000,4.90579100,9.52947700,28.96000000,326.72180000,0,0,0,1,
	2.59375600,-14.48679000,4.90759100,9.68985300,28.88000000,324.72180000,0,0,0,1,
	2.61822000,-14.62269000,4.90299100,9.84622600,28.88000000,322.88180000,0,0,0,1,
	2.62511600,-14.62269000,4.90299100,9.84622600,28.88000000,316.96180000,0,0,0,1,
	2.63284200,-14.77874000,4.89199100,9.98351300,28.88000000,315.20180000,0,0,0,1,
	2.63892300,-14.77874000,4.89199100,9.98351300,28.88000000,313.28180000,0,0,0,1,
	2.64482700,-14.77874000,4.89199100,9.98351300,28.88000000,311.92180000,0,0,0,1,
	2.65070000,-14.94644000,4.87459100,10.10786000,28.88000000,310.40180000,0,0,0,1,
	2.65762400,-14.94644000,4.87459100,10.10786000,28.88000000,308.96180000,0,0,0,1,
	2.66292500,-14.94644000,4.87459100,10.10786000,28.88000000,307.44180000,0,0,0,1,
	2.66911600,-14.94644000,4.87459100,10.10786000,28.88000000,306.40180000,0,0,0,1,
	2.67683500,-15.12574000,4.85079100,10.21686000,28.80000000,305.12180000,0,0,0,1,
	2.68302900,-15.12574000,4.85079100,10.21686000,28.80000000,303.60180000,0,0,0,1,
	2.68763700,-15.12574000,4.85079100,10.21686000,28.80000000,302.56180000,0,0,0,1,
	2.69366400,-15.31186000,4.82059100,10.31528000,28.80000000,301.68180000,0,0,0,1,
	2.69938800,-15.31186000,4.82059100,10.31528000,28.72000000,300.64180000,0,0,0,1,
	2.70456600,-15.31186000,4.82059100,10.31528000,28.72000000,299.84180000,0,0,0,1,
	2.71089900,-15.50239000,4.78399100,10.40607000,28.72000000,299.28180000,0,0,0,1,
	2.71614600,-15.50239000,4.78399100,10.40607000,28.72000000,298.64180000,0,0,0,1,
	2.72224300,-15.50239000,4.78399100,10.40607000,28.64000000,298.16180000,0,0,0,1,
	2.72707300,-15.50239000,4.78399100,10.40607000,28.64000000,297.76180000,0,0,0,1,
	2.73036500,-15.69584000,4.74099100,10.49141000,28.64000000,297.60180000,0,0,0,1,
	2.73423000,-15.69584000,4.74099100,10.49141000,28.64000000,297.60180000,0,0,0,1,
	2.73735600,-15.69584000,4.74099100,10.49141000,28.64000000,297.60180000,0,0,0,1,
	2.74032500,-15.69584000,4.74099100,10.49141000,28.64000000,297.60180000,0,0,0,1,
	2.74318300,-15.69584000,4.74099100,10.49141000,28.64000000,297.60180000,0,0,0,1,
	2.74618600,-15.69584000,4.74099100,10.49141000,28.64000000,297.60180000,0,0,0,1,
	2.75032500,-15.88929000,4.69159100,10.57675000,28.64000000,297.60180000,0,0,0,1,
	2.75592800,-15.88929000,4.69159100,10.57675000,28.64000000,297.60180000,0,0,0,1,
	2.76334000,-15.88929000,4.69159100,10.57675000,28.64000000,297.68180000,0,0,1,1,
	2.76955200,-15.88929000,4.69159100,10.57675000,28.64000000,297.92180000,0,0,1,1,
	2.77632600,-16.08274000,4.80219100,10.66210000,28.64000000,298.16180000,0,0,1,0,
	2.78704300,-16.08274000,4.80219100,10.66210000,28.64000000,298.56180000,0,0,1,0,
	2.79494100,-16.25945000,4.90639100,10.77758000,28.64000000,299.36180000,0,0,1,0,
	2.80009800,-16.25945000,4.90639100,10.77758000,28.64000000,300.16170000,0,0,1,0,
	2.80708300,-16.25945000,4.90639100,10.77758000,28.64000000,300.64180000,0,0,1,0,
	2.81602700,-16.43257000,5.00419100,10.89914000,28.64000000,301.28180000,0,0,1,0,
	2.82739100,-16.43257000,5.00419100,10.89914000,28.72000000,302.16180000,0,0,1,0,
	2.83407600,-16.60168000,5.09559100,11.02689000,28.72000000,303.28180000,0,0,1,0,
	2.84304200,-16.60168000,5.09559100,11.02689000,28.72000000,304.16180000,0,0,1,0,
	2.85030800,-16.76658000,5.18059100,11.16072000,28.72000000,305.28180000,0,0,1,0,
	2.85611200,-16.76658000,5.18059100,11.16072000,28.72000000,306.56180000,0,0,1,0,
	2.86168400,-16.76658000,5.18059100,11.16072000,28.72000000,307.36180000,0,0,1,0,
	2.86771600,-16.76658000,5.18059100,11.16072000,28.72000000,308.48180000,0,0,1,0,
	2.87274600,-16.92143000,5.25919100,11.30739000,28.72000000,309.68180000,0,0,1,0,
	2.88046400,-16.92143000,5.25919100,11.30739000,28.72000000,310.64180000,0,0,1,0,
	2.88596900,-16.92143000,5.25919100,11.30739000,28.72000000,312.32170000,0,0,1,0,
	2.89165700,-17.06688000,5.33139100,11.46442000,28.72000000,313.44170000,0,0,1,0,
	2.89960900,-17.06688000,5.33139100,11.46442000,28.72000000,314.80170000,0,0,1,0,
	2.90537400,-17.06688000,5.33139100,11.46442000,28.72000000,316.56170000,0,0,1,0,
	2.91157800,-17.19952000,5.39719100,11.63356000,28.64000000,318.16170000,0,0,1,0,
	2.91666300,-17.19952000,5.39719100,11.63356000,28.64000000,319.60170000,0,0,1,0,
	2.92249000,-17.19952000,5.39719100,11.63356000,28.64000000,320.80180000,0,0,1,0,
	2.93024700,-17.19952000,5.39719100,11.63356000,28.64000000,322.24180000,0,0,1,0,
	2.93656400,-17.31544000,5.45659100,11.81590000,28.64000000,323.84180000,0,0,1,0,
	2.94246600,-17.31544000,5.45659100,11.81590000,28.64000000,325.76180000,0,0,1,0,
	2.94917700,-17.31544000,5.45659100,11.81590000,28.64000000,327.12180000,0,0,1,0,
	2.95594800,-17.41563000,5.50959100,12.00838000,28.64000000,328.80180000,0,0,1,0,
	2.96360700,-17.41563000,5.50959100,12.00838000,28.72000000,330.80180000,0,0,1,0,
	2.97046000,-17.50138000,5.55619100,12.20853000,28.80000000,333.12180000,0,0,1,0,
	2.97699300,-17.50138000,5.55619100,12.20853000,28.88000000,335.20180000,0,0,1,0,
	2.98466100,-17.50138000,5.55619100,12.20853000,28.88000000,337.12180000,0,0,1,0,
	2.99262700,-17.56467000,5.59639100,12.41803000,29.04000000,339.52180000,0,0,1,0,
	2.99977200,-17.56467000,5.59639100,12.41803000,29.04000000,342.16180000,0,0,1,0,
	3.00746600,-17.56467000,5.59639100,12.41803000,29.12000000,344.40180000,0,0,1,0,
	3.01249600,-17.60028000,5.63019100,12.63518000,29.20000000,347.04180000,0,0,1,0,
	3.01788800,-17.60028000,5.63019100,12.63518000,29.20000000,348.72170000,0,0,1,0,
	3.02306700,-17.60028000,5.63019100,12.63518000,29.28000000,350.32180000,0,0,1,0,
	3.02991800,-17.60028000,5.63019100,12.63518000,29.28000000,351.92180000,0,0,1,0,
	3.03567400,-17.60943000,5.65759100,12.85633000,29.28000000,354.00180000,0,0,1,0,
	3.04152800,-17.60943000,5.65759100,12.85633000,29.28001000,355.92180000,0,0,1,0,
	3.04684300,-17.60943000,5.65759100,12.85633000,29.28000000,357.92180000,0,0,1,0,
	3.05860600,-17.59729000,5.67859100,13.07833000,29.36000000,359.52180000,0,0,1,0,
	3.06494200,-17.59729000,5.67859100,13.07833000,29.36001000,3.12178900,0,0,1,0,
	3.06979400,-17.59729000,5.67859100,13.07833000,29.36000000,5.12180500,0,0,1,0,
	3.07547900,-17.55728000,5.69319100,13.29816000,29.36001000,6.72179100,0,0,1,0,
	3.08147200,-17.55728000,5.69319100,13.29816000,29.36001000,8.40179800,0,0,1,0,
	3.08866500,-17.55728000,5.69319100,13.29816000,29.36000000,10.32179000,0,0,1,0,
	3.09482800,-17.49580000,5.70139100,13.51402000,29.36001000,12.32181000,0,0,1,0,
	3.10350400,-17.49580000,5.70139100,13.51402000,29.36000000,14.32180000,0,0,1,0,
	3.11003700,-17.49580000,5.70139100,13.51402000,29.36000000,16.96183000,0,0,1,0,
	3.11548400,-17.41088000,5.70319100,13.72292000,29.36001000,18.56182000,0,0,1,0,
	3.12175000,-17.41088000,5.70319100,13.72292000,29.36000000,20.32184000,0,0,1,0,
	3.12753400,-17.41088000,5.70319100,13.72292000,29.36000000,21.84183000,0,0,1,0,
	3.13360300,-17.30814000,5.69859100,13.92469000,29.36000000,23.44182000,0,0,1,0,
	3.14011800,-17.30814000,5.69859100,13.92469000,29.36000000,24.96181000,0,0,1,0,
	3.14660100,-17.30814000,5.69859100,13.92469000,29.36000000,26.48180000,0,0,1,0,
	3.15277500,-17.18844000,5.68759100,14.11795000,29.36001000,28.24183000,0,0,1,0,
	3.15752300,-17.18844000,5.68759100,14.11795000,29.36000000,29.76179000,0,0,1,0,
	3.16304700,-17.18844000,5.68759100,14.11795000,29.36000000,30.88181000,0,0,1,0,
	3.17085600,-17.05566000,5.67019100,14.30341000,29.36000000,32.08181000,0,0,1,0,
	3.17964300,-17.05566000,5.67019100,14.30341000,29.36001000,33.84183000,0,0,1,0,
	3.18492200,-17.05566000,5.67019100,14.30341000,29.44000000,35.84184000,0,0,1,0,
	3.19053100,-16.90704000,5.64639100,14.47762000,29.44000000,36.96183000,0,0,1,0,
	3.20004900,-16.90704000,5.64639100,14.47762000,29.44000000,38.32180000,0,0,1,0,
	3.20494400,-16.90704000,5.64639100,14.47762000,29.44000000,40.32181000,0,0,1,0,
	3.21060500,-16.74471000,5.61619100,14.64032000,29.44000000,41.44180000,0,0,1,0,
	3.21710000,-16.74471000,5.61619100,14.64032000,29.44000000,42.64181000,0,0,1,0,
	3.22210600,-16.74471000,5.61619100,14.64032000,29.44000000,43.76180000,0,0,1,0,
	3.22955200,-16.74471000,5.61619100,14.64032000,29.44000000,44.64180000,0,0,1,0,
	3.23504200,-16.56929000,5.72679100,14.79025000,29.44000000,46.00180000,0,0,1,0,
	3.24163400,-16.56929000,5.72679100,14.79025000,29.44000000,46.88180000,0,0,1,0,
	3.24850500,-16.56929000,5.72679100,14.79025000,29.44000000,47.92182000,0,0,1,0,
	3.26077100,-16.38610000,5.83099100,14.93158000,29.44000000,48.88179000,0,0,1,0,
	3.26545000,-16.38610000,5.83099100,14.93158000,29.44000000,50.00180000,0,0,1,0,
	3.27017400,-16.38610000,5.83099100,14.93158000,29.44000000,50.32182000,0,0,1,0,
	3.27841100,-16.19857000,5.92879100,15.06770000,29.44000000,50.56180000,0,0,1,0,
	3.28228500,-16.19857000,5.92879100,15.06770000,29.44000000,50.80179000,0,0,1,0,
	3.28509600,-16.19857000,5.92879100,15.06770000,29.44000000,50.80179000,0,0,1,0,
	3.28829700,-16.19857000,5.92879100,15.06770000,29.44000000,50.80179000,0,0,1,0,
	3.29136800,-16.01042000,6.02019100,15.20307000,29.44000000,50.80179000,0,0,1,0,
	3.29542400,-16.01042000,6.02019100,15.20307000,29.44000000,50.80179000,0,0,1,0,
	3.29810100,-16.01042000,6.02019100,15.20307000,29.44000000,50.80179000,0,0,1,0,
	3.30449000,-16.01042000,6.02019100,15.20307000,29.44000000,50.80179000,0,0,1,1,
	3.31141600,-15.82228000,6.10519100,15.33844000,29.44000000,50.72178000,0,0,1,1,
	3.32300800,-15.82228000,6.10519100,15.33844000,29.44000000,50.48180000,0,0,0,1,
	3.33915500,-15.64911000,6.18379100,15.49151000,29.44000000,49.76182000,0,0,0,1,
	3.34660000,-15.64911000,6.18379100,15.49151000,29.60000000,48.00179000,0,0,0,1,
	3.35419500,-15.48981000,6.25599100,15.65985000,29.68000000,46.88180000,0,0,0,1,
	3.35969000,-15.48981000,6.25599100,15.65985000,29.76001000,45.76182000,0,0,0,1,
	3.37584700,-15.33643000,6.32179100,15.83417000,29.76000000,44.80182000,0,0,0,1,
	3.38403400,-15.33643000,6.32179100,15.83417000,29.84000000,41.44183000,0,0,0,1,
	3.39078900,-15.19925000,6.38119100,16.02246000,29.92000000,39.52181000,0,0,0,1,
	3.39972400,-15.19925000,6.38119100,16.02246000,29.92000000,38.16183000,0,0,0,1,
	3.41080600,-15.07515000,6.43419100,16.22039000,29.92000000,35.52183000,0,0,0,1,
	3.42777200,-15.07515000,6.43419100,16.22039000,29.92000000,32.24181000,0,0,0,1,
	3.43482400,-14.97915000,6.48079100,16.43423000,29.92000000,27.60182000,0,0,0,1,
	3.44179700,-14.97915000,6.48079100,16.43423000,29.92000000,25.68180000,0,0,0,1,
	3.44918600,-14.97915000,6.48079100,16.43423000,29.92000000,23.84180000,0,0,0,1,
	3.45579200,-14.90471000,6.52099000,16.65756000,29.92000000,21.84181000,0,0,0,1,
	3.46577600,-14.90471000,6.52099000,16.65756000,29.92000000,19.92179000,0,0,0,1,
	3.48126500,-14.84805000,6.55479000,16.88681000,29.84000000,17.28176000,0,0,0,1,
	3.49314600,-14.80775000,6.58219100,17.11989000,29.84000000,13.20178000,0,0,0,1,
	3.50279400,-14.80775000,6.58219100,17.11989000,29.76001000,9.84179400,0,0,0,1,
	3.51094700,-14.79194000,6.60319000,17.35672000,29.68000000,7.20178800,0,0,0,1,
	3.52308300,-14.79194000,6.60319000,17.35672000,29.68000000,5.28176800,0,0,0,1,
	3.53509100,-14.79763000,6.61779000,17.59474000,29.60000000,2.00177500,0,0,0,1,
	3.55485200,-14.81561000,6.62599000,17.83257000,29.44000000,359.04180000,0,0,0,1,
	3.56262500,-14.81561000,6.62599000,17.83257000,29.28000000,354.48180000,0,0,0,1,
	3.57105600,-14.85941000,6.62779000,18.06769000,29.20000000,352.80180000,0,0,0,1,
	3.57803300,-14.85941000,6.62779000,18.06769000,29.12001000,351.36180000,0,0,0,1,
	3.58600400,-14.85941000,6.62779000,18.06769000,29.04000000,350.08180000,0,0,0,1,
	3.61113900,-14.98188000,6.61219000,18.53177000,28.96000000,348.56180000,0,0,0,1,
	3.62703300,-14.98188000,6.61219000,18.53177000,28.80000000,344.56180000,0,0,0,1,
	3.63281600,-15.06851000,6.59479000,18.75638000,28.64000000,342.24180000,0,0,0,1,
	3.63874100,-15.06851000,6.59479000,18.75638000,28.56001000,341.36180000,0,0,0,1,
	3.64401600,-15.06851000,6.59479000,18.75638000,28.48000000,340.48180000,0,0,0,1,
	3.64894600,-15.06851000,6.59479000,18.75638000,28.48000000,339.68180000,0,0,0,1,
	3.65258700,-15.16842000,6.57099100,18.97620000,28.40001000,338.88180000,0,0,0,1,
	3.65869100,-15.16842000,6.57099100,18.97620000,28.40001000,338.24180000,0,0,0,1,
	3.66502100,-15.16842000,6.57099100,18.97620000,28.32000000,337.36180000,0,0,0,1,
	3.67196100,-15.27796000,6.54079100,19.19198000,28.24000000,336.40180000,0,0,0,1,
	3.67997900,-15.27796000,6.54079100,19.19198000,28.24000000,335.36180000,0,0,0,1,
	3.68535600,-15.27796000,6.54079100,19.19198000,28.16000000,333.92180000,0,0,0,1,
	3.69481500,-15.40057000,6.50419000,19.40141000,28.16000000,332.96180000,0,0,0,1,
	3.70273900,-15.40057000,6.50419000,19.40141000,28.08001000,331.44180000,0,0,0,1,
	3.70798500,-15.40057000,6.50419000,19.40141000,28.08000000,330.08180000,0,0,0,1,
	3.71400300,-15.53702000,6.46119000,19.60298000,28.08001000,329.20180000,0,0,0,1,
	3.72003000,-15.53702000,6.46119000,19.60298000,28.08000000,328.32180000,0,0,0,1,
	3.72585400,-15.53702000,6.46119000,19.60298000,28.08000000,327.12180000,0,0,0,1,
	3.73181700,-15.68404000,6.41179000,19.79774000,28.08000000,326.24180000,0,0,0,1,
	3.74100200,-15.68404000,6.41179000,19.79774000,28.08000000,325.04170000,0,0,0,1,
	3.74858400,-15.68404000,6.41179000,19.79774000,28.08001000,323.52180000,0,0,0,1,
	3.75578100,-15.84608000,6.35599000,19.98131000,28.08000000,321.84180000,0,0,0,1,
	3.76187400,-15.84608000,6.35599000,19.98131000,28.16000000,320.40180000,0,0,0,1,
	3.76808200,-15.84608000,6.35599000,19.98131000,28.16000000,319.36180000,0,0,0,1,
	3.77461700,-16.02030000,6.29379000,20.15441000,28.16000000,318.08180000,0,0,0,1,
	3.78174900,-16.02030000,6.29379000,20.15441000,28.16000000,316.72180000,0,0,0,1,
	3.78904400,-16.02030000,6.29379000,20.15441000,28.16001000,315.44180000,0,0,0,1,
	3.79451900,-16.20650000,6.22519000,20.31572000,28.24000000,314.16180000,0,0,0,1,
	3.80391800,-16.20650000,6.22519000,20.31572000,28.24000000,313.04180000,0,0,0,1,
	3.80988000,-16.20650000,6.22519000,20.31572000,28.24000000,311.60180000,0,0,0,1,
	3.81409600,-16.40234000,6.15019000,20.46628000,28.24000000,310.80180000,0,0,0,1,
	3.81993700,-16.40234000,6.15019000,20.46628000,28.24000000,310.40180000,0,0,0,1,
	3.82556100,-16.40234000,6.15019000,20.46628000,28.32000000,309.76180000,0,0,0,1,
	3.83273800,-16.60237000,6.06879000,20.61181000,28.32000000,309.28180000,0,0,0,1,
	3.83768100,-16.60237000,6.06879000,20.61181000,28.32000000,308.96180000,0,0,0,1,
	3.84249700,-16.60237000,6.06879000,20.61181000,28.40000000,308.80180000,0,0,1,1,
	3.84760500,-16.60237000,6.06879000,20.61181000,28.40000000,308.72180000,0,0,1,1,
	3.85070400,-16.80370000,6.17939000,20.75573000,28.40000000,308.72180000,0,0,1,1,
	3.85524700,-16.80370000,6.17939000,20.75573000,28.40000000,308.72180000,0,0,1,0,
	3.86239600,-16.80370000,6.17939000,20.75573000,28.40000000,308.72180000,0,0,1,0,
	3.86720200,-16.80370000,6.17939000,20.75573000,28.40000000,308.80180000,0,0,1,0,
	3.87185800,-16.98728000,6.28359000,20.92175000,28.40000000,308.88180000,0,0,1,0,
	3.87971200,-16.98728000,6.28359000,20.92175000,28.40000000,309.04180000,0,0,1,0,
	3.88656300,-16.98728000,6.28359000,20.92175000,28.40000000,309.36180000,0,0,1,0,
	3.89302000,-17.16866000,6.38139000,21.09043000,28.48000000,309.68180000,0,0,1,0,
	3.89900700,-17.16866000,6.38139000,21.09043000,28.48000000,310.08180000,0,0,1,0,
	3.90546800,-17.16866000,6.38139000,21.09043000,28.48000000,310.64180000,0,0,1,0,
	3.91303600,-17.34576000,6.47279000,21.26408000,28.48000000,311.20180000,0,0,1,0,
	3.91919300,-17.34576000,6.47279000,21.26408000,28.48000000,312.00180000,0,0,1,0,
	3.92504600,-17.34576000,6.47279000,21.26408000,28.48000000,312.56180000,0,0,1,0,
	3.93166200,-17.51653000,6.55779000,21.44461000,28.48000000,313.36180000,0,0,1,0,
	3.93700200,-17.51653000,6.55779000,21.44461000,28.56000000,314.40170000,0,0,1,0,
	3.94413900,-17.51653000,6.55779000,21.44461000,28.56000000,315.20180000,0,0,1,0,
	3.94892100,-17.51653000,6.55779000,21.44461000,28.56000000,316.40180000,0,0,1,0,
	3.95685800,-17.67484000,6.63639000,21.63722000,28.56001000,317.36180000,0,0,1,0,
	3.96299500,-17.67484000,6.63639000,21.63722000,28.56000000,319.04170000,0,0,1,0,
	3.96880900,-17.67484000,6.63639000,21.63722000,28.56000000,320.64180000,0,0,1,0,
	3.97634300,-17.81731000,6.70859000,21.84289000,28.56000000,322.08180000,0,0,1,0,
	3.98205200,-17.81731000,6.70859000,21.84289000,28.56000000,324.32170000,0,0,1,0,
	3.98999100,-17.81731000,6.70859000,21.84289000,28.56000000,325.68170000,0,0,1,0,
	3.99761500,-17.93741000,6.77439000,22.06350000,28.56000000,328.24170000,0,0,1,0,
	4.00461400,-17.93741000,6.77439000,22.06350000,28.56000000,330.72170000,0,0,1,0,
	4.01151300,-18.03928000,6.83379000,22.29390000,28.56001000,332.96170000,0,0,1,0,
	4.01906900,-18.03928000,6.83379000,22.29390000,28.56000000,335.20170000,0,0,1,0,
	4.02470000,-18.03928000,6.83379000,22.29390000,28.56000000,337.28170000,0,0,1,0,
	4.03152900,-18.11553000,6.88679000,22.53507000,28.56000000,339.28170000,0,0,1,0,
	4.03805600,-18.11553000,6.88679000,22.53507000,28.56000000,341.52170000,0,0,1,0,
	4.04415200,-18.11553000,6.88679000,22.53507000,28.56000000,343.52170000,0,0,1,0,
	4.04942300,-18.11553000,6.88679000,22.53507000,28.56000000,345.60170000,0,0,1,0,
	4.06013700,-18.15707000,6.93339000,22.78594000,28.56000000,347.44170000,0,0,1,0,
	4.07326700,-18.18531000,6.97359000,23.03904000,28.56001000,350.48170000,0,0,1,0,
	4.07835700,-18.18531000,6.97359000,23.03904000,28.64000000,354.48170000,0,0,1,0,
	4.08453900,-18.18531000,6.97359000,23.03904000,28.72000000,356.24170000,0,0,1,0,
	4.09306200,-18.17951000,7.00739000,23.29463000,28.72000000,358.16170000,0,0,1,0,
	4.10111300,-18.17951000,7.00739000,23.29463000,28.80000000,0.40170710,0,0,1,0,
	4.10844400,-18.17951000,7.00739000,23.29463000,28.88000000,3.04171200,0,0,1,0,
	4.11402400,-18.14126000,7.03479000,23.54852000,29.04000000,5.44170400,0,0,1,0,
	4.12076400,-18.14126000,7.03479000,23.54852000,29.04000000,7.04171700,0,0,1,0,
	4.12577300,-18.14126000,7.03479000,23.54852000,29.12000000,9.04170500,0,0,1,0,
	4.13174100,-18.07964000,7.05579000,23.79871000,29.20000000,10.72171000,0,0,1,0,
	4.13695500,-18.07964000,7.05579000,23.79871000,29.28000000,12.56171000,0,0,1,0,
	4.14394200,-18.07964000,7.05579000,23.79871000,29.36000000,14.00171000,0,0,1,0,
	4.15061300,-17.99398000,7.07039000,24.04272000,29.44000000,16.24171000,0,0,1,0,
	4.15761900,-17.99398000,7.07039000,24.04272000,29.52000000,18.48168000,0,0,1,0,
	4.16463300,-17.99398000,7.07039000,24.04272000,29.60000000,20.64169000,0,0,1,0,
	4.17358200,-17.88027000,7.07859000,24.27614000,29.68000000,22.88169000,0,0,1,0,
	4.17906000,-17.88027000,7.07859000,24.27614000,29.76001000,25.52170000,0,0,1,0,
	4.18650100,-17.88027000,7.07859000,24.27614000,29.76000000,27.04169000,0,0,1,0,
	4.19406300,-17.74107000,7.08039000,24.49649000,29.84000000,29.20169000,0,0,1,0,
	4.20058300,-17.74107000,7.08039000,24.49649000,29.84000000,31.20169000,0,0,1,0,
	4.20601000,-17.74107000,7.08039000,24.49649000,29.92000000,32.72168000,0,0,1,0,
	4.21198000,-17.58314000,7.07579000,24.70493000,29.92000000,34.08167000,0,0,1,0,
	4.22071300,-17.58314000,7.07579000,24.70493000,30.00000000,35.60167000,0,0,1,0,
	4.22670600,-17.58314000,7.07579000,24.70493000,30.00000000,37.76167000,0,0,1,0,
	4.23313100,-17.40640000,7.06479000,24.89889000,30.08000000,39.28164000,0,0,1,0,
	4.23871000,-17.40640000,7.06479000,24.89889000,30.16000000,40.72166000,0,0,1,0,
	4.24460800,-17.40640000,7.06479000,24.89889000,30.16000000,42.00166000,0,0,1,0,
	4.24961900,-17.40640000,7.06479000,24.89889000,30.24000000,43.36163000,0,0,1,0,
	4.25516800,-17.21237000,7.04739000,25.07701000,30.24000000,44.40165000,0,0,1,0,
	4.26076200,-17.21237000,7.04739000,25.07701000,30.32000000,45.44164000,0,0,1,0,
	4.26678600,-17.21237000,7.04739000,25.07701000,30.40000000,46.56166000,0,0,1,0,
	4.27325300,-17.00798000,7.02359000,25.24417000,30.40000000,47.68164000,0,0,1,0,
	4.27984000,-17.00798000,7.02359000,25.24417000,30.48000000,48.88165000,0,0,1,0,
	4.28544000,-17.00798000,7.02359000,25.24417000,30.56000000,50.00164000,0,0,1,0,
	4.29179700,-16.79362000,6.99339000,25.39949000,30.56000000,51.04166000,0,0,1,0,
	4.29859900,-16.79362000,6.99339000,25.39949000,30.56000000,51.92167000,0,0,1,0,
	4.30435800,-16.79362000,6.99339000,25.39949000,30.64000000,52.96168000,0,0,1,0,
	4.31159300,-16.57211000,6.95679000,25.54540000,30.64000000,53.60167000,0,0,1,0,
	4.32001900,-16.57211000,6.95679000,25.54540000,30.64000000,54.40167000,0,0,1,0,
	4.32695800,-16.57211000,6.95679000,25.54540000,30.72000000,55.20165000,0,0,1,0,
	4.33389400,-16.34508000,6.91379000,25.68343000,30.72000000,55.68167000,0,0,1,0,
	4.33890600,-16.34508000,6.91379000,25.68343000,30.72000000,56.08166000,0,0,1,0,
	4.34379100,-16.34508000,6.91379000,25.68343000,30.72001000,56.24167000,0,0,1,0,
	4.34711000,-16.34508000,6.91379000,25.68343000,30.72001000,56.32164000,0,0,1,0,
	4.35031000,-16.11640000,6.90275800,25.81899000,30.72001000,56.32164000,0,0,1,0,
	4.35367400,-16.11640000,6.90275800,25.81899000,30.72001000,56.32164000,0,0,1,0,
	4.35662100,-16.11640000,6.90275800,25.81899000,30.72001000,56.32164000,0,0,1,0,
	4.36065200,-16.11640000,6.90275800,25.81899000,30.72001000,56.32164000,0,0,1,0,
	4.36414200,-16.11640000,6.90275800,25.81899000,30.72001000,56.32164000,0,0,1,0,
	4.36834300,-16.11640000,6.90275800,25.81899000,30.72001000,56.32164000,0,0,1,1,
	4.37322600,-15.88772000,6.90055200,25.95455000,30.72001000,56.32164000,0,0,1,1,
	4.37715900,-15.88772000,6.90055200,25.95455000,30.72001000,56.32164000,0,0,1,1,
	4.38023600,-15.88772000,6.90055200,25.95455000,30.72001000,56.32164000,0,0,1,1,
	4.38554000,-15.88772000,6.90055200,25.95455000,30.72001000,56.32164000,0,0,0,1,
	4.39332900,-15.66493000,7.01115200,26.09894000,30.72001000,56.24167000,0,0,0,1,
	4.40102800,-15.66493000,7.01115200,26.09894000,30.72000000,56.08166000,0,0,0,1,
	4.40654600,-15.66493000,7.01115200,26.09894000,30.72000000,55.68167000,0,0,0,1,
	4.41363300,-15.45459000,7.11535200,26.26172000,30.72000000,55.28168000,0,0,0,1,
	4.41762800,-15.45459000,7.11535200,26.26172000,30.64000000,54.64166000,0,0,0,1,
	4.42351900,-15.45459000,7.11535200,26.26172000,30.64000000,54.16166000,0,0,0,1,
	4.43001600,-15.45459000,7.11535200,26.26172000,30.56000000,53.36166000,0,0,0,1,
	4.44278200,-15.25174000,7.21315100,26.43465000,30.48000000,52.56168000,0,0,0,1,
	4.44827100,-15.25174000,7.21315100,26.43465000,30.32000000,50.24165000,0,0,0,1,
	4.45262600,-15.05945000,7.30455200,26.62010000,30.15999000,49.04165000,0,0,0,1,
	4.46091300,-15.05945000,7.30455200,26.62010000,30.08000000,48.40162000,0,0,0,1,
	4.46548300,-15.05945000,7.30455200,26.62010000,29.92000000,46.56166000,0,0,0,1,
	4.47667500,-14.87871000,7.38955200,26.81773000,29.84000000,45.44164000,0,0,0,1,
	4.48267500,-14.87871000,7.38955200,26.81773000,29.60000000,42.88166000,0,0,0,1,
	4.48887800,-14.87871000,7.38955200,26.81773000,29.44000000,41.52166000,0,0,0,1,
	4.49368800,-14.71724000,7.46815200,27.03251000,29.36000000,39.92165000,0,0,0,1,
	4.50051100,-14.71724000,7.46815200,27.03251000,29.28000000,38.56168000,0,0,0,1,
	4.50550100,-14.71724000,7.46815200,27.03251000,29.20000000,36.88170000,0,0,0,1,
	4.51179700,-14.57225000,7.54035100,27.25972000,29.12000000,35.52170000,0,0,0,1,
	4.51777400,-14.57225000,7.54035100,27.25972000,29.04000000,33.60167000,0,0,0,1,
	4.52263500,-14.57225000,7.54035100,27.25972000,28.96001000,31.92170000,0,0,0,1,
	4.52708100,-14.57225000,7.54035100,27.25972000,28.88000000,30.32168000,0,0,0,1,
	4.53328700,-14.45294000,7.60615200,27.50265000,28.80000000,29.12167000,0,0,0,1,
	4.53976800,-14.45294000,7.60615200,27.50265000,28.72000000,27.12169000,0,0,0,1,
	4.54514800,-14.45294000,7.60615200,27.50265000,28.64000000,25.12166000,0,0,0,1,
	4.55000300,-14.45294000,7.60615200,27.50265000,28.56001000,23.84166000,0,0,0,1,
	4.55660700,-14.36314000,7.66555200,27.75922000,28.48000000,22.24168000,0,0,0,1,
	4.56355100,-14.36314000,7.66555200,27.75922000,28.40000000,20.00167000,0,0,0,1,
	4.56966400,-14.36314000,7.66555200,27.75922000,28.24000000,17.92169000,0,0,0,1,
	4.57652100,-14.30075000,7.71855200,28.02479000,28.24000000,16.16169000,0,0,0,1,
	4.58495800,-14.30075000,7.71855200,28.02479000,28.08001000,14.24166000,0,0,0,1,
	4.60157300,-14.25766000,7.76515200,28.29483000,28.00000000,12.00166000,0,0,0,1,
	4.60754500,-14.25766000,7.76515200,28.29483000,27.84000000,7.68167800,0,0,0,1,
	4.61202300,-14.24221000,7.80535100,28.56840000,27.84000000,6.16168700,0,0,0,1,
	4.61697100,-14.24221000,7.80535100,28.56840000,27.84001000,5.44167600,0,0,0,1,
	4.62312600,-14.24221000,7.80535100,28.56840000,27.76000000,4.08170400,0,0,0,1,
	4.63161600,-14.24278000,7.83915100,28.84306000,27.76000000,2.80169900,0,0,0,1,
	4.63877700,-14.24278000,7.83915100,28.84306000,27.68000000,0.96170070,0,0,0,1,
	4.64863100,-14.24278000,7.83915100,28.84306000,27.60001000,359.60170000,0,0,0,1,
	4.65439700,-14.26713000,7.86655100,29.11750000,27.52000000,357.84170000,0,0,0,1,
	4.66507200,-14.26713000,7.86655100,29.11750000,27.52000000,356.72170000,0,0,0,1,
	4.67051700,-14.30567000,7.88755100,29.39085000,27.44000000,354.88170000,0,0,0,1,
	4.68110200,-14.30567000,7.88755100,29.39085000,27.36000000,353.76170000,0,0,0,1,
	4.68757200,-14.30567000,7.88755100,29.39085000,27.36000000,352.16170000,0,0,0,1,
	4.69562500,-14.36331000,7.90215100,29.66158000,27.28000000,350.88170000,0,0,0,1,
	4.70276700,-14.36331000,7.90215100,29.66158000,27.20000000,349.68170000,0,0,0,1,
	4.70977400,-14.36331000,7.90215100,29.66158000,27.20001000,348.56170000,0,0,0,1,
	4.71496800,-14.43722000,7.91035100,29.92902000,27.12000000,347.44170000,0,0,0,1,
	4.72683500,-14.43722000,7.91035100,29.92902000,27.12000000,346.80170000,0,0,0,1,
	4.73255500,-14.52090000,7.91215100,30.19399000,27.04000000,345.36170000,0,0,0,1,
	4.73678200,-14.52090000,7.91215100,30.19399000,26.96001000,344.96170000,0,0,0,1,
	4.74225500,-14.52090000,7.91215100,30.19399000,26.96001000,344.72170000,0,0,0,1,
	4.74646700,-14.52090000,7.91215100,30.19399000,26.88000000,344.48170000,0,0,0,1,
	4.74961300,-14.52090000,7.91215100,30.19399000,26.88000000,344.40170000,0,0,0,1,
	4.75296000,-14.60907000,7.90755100,30.45774000,26.88000000,344.40170000,0,0,0,1,
	4.75820800,-14.60907000,7.90755100,30.45774000,26.88000000,344.40170000,0,0,0,1,
	4.76199300,-14.60907000,7.90755100,30.45774000,26.88000000,344.40170000,0,0,0,1,
	4.76496900,-14.60907000,7.90755100,30.45774000,26.88000000,344.40170000,0,0,0,1,
	4.76841100,-14.60907000,7.90755100,30.45774000,26.88000000,344.40170000,0,0,0,1,
	4.77272200,-14.69724000,7.89655100,30.72149000,26.88000000,344.40170000,0,0,0,1,
	4.77673700,-14.69724000,7.89655100,30.72149000,26.80000000,344.40170000,0,0,0,1,
	4.77955200,-14.69724000,7.89655100,30.72149000,26.80000000,344.40170000,0,0,0,1,
	4.78522400,-14.69724000,7.89655100,30.72149000,26.80000000,344.40170000,0,0,0,1,
	4.78967800,-14.69724000,7.89655100,30.72149000,26.72001000,344.48170000,0,0,0,0,
	4.79452400,-14.78540000,7.87915100,30.98524000,26.72001000,344.48170000,0,0,0,0,
	4.79970500,-14.78540000,7.87915100,30.98524000,26.64000000,344.56170000,0,0,0,0,
	4.80555700,-14.78540000,7.87915100,30.98524000,26.56001000,344.64170000,0,0,0,0,
	4.81022500,-14.78540000,7.87915100,30.98524000,26.48000000,344.72170000,0,0,0,0,
	4.81481300,-14.87357000,7.85535100,31.24899000,26.48000000,344.88170000,0,0,0,0,
	4.82080800,-14.87357000,7.85535100,31.24899000,26.40001000,344.96170000,0,0,0,0,
	4.82793600,-14.87357000,7.85535100,31.24899000,26.32000000,345.20170000,0,0,0,0,
	4.83294400,-14.96173000,7.82515100,31.51274000,26.24001000,345.52170000,0,0,0,0,
	4.84152900,-14.96173000,7.82515100,31.51274000,26.24001000,345.84170000,0,0,1,0,
	4.85170300,-15.03320000,7.78855100,31.78045000,26.16000000,346.64170000,0,0,1,0,
	4.85803400,-15.03320000,7.78855100,31.78045000,26.08000000,347.52170000,0,0,1,0,
	4.86577900,-15.03320000,7.78855100,31.78045000,26.08000000,348.08170000,0,0,1,0,
	4.87160300,-15.07289000,7.74555100,32.05502000,26.00001000,348.88160000,0,0,1,0,
	4.88427200,-15.07289000,7.74555100,32.05502000,25.92001000,349.44170000,0,0,1,0,
	4.89112800,-15.10342000,7.69615100,32.33114000,25.76001000,350.80160000,0,0,1,0,
	4.89754300,-15.10342000,7.69615100,32.33114000,25.76000000,351.60160000,0,0,1,0,
	4.90357000,-15.10342000,7.69615100,32.33114000,25.68001000,352.32160000,0,0,1,0,
	4.90805700,-15.10342000,7.69615100,32.33114000,25.60001000,352.96160000,0,0,1,0,
	4.91281700,-15.12126000,7.64035100,32.60894000,25.52000000,353.44170000,0,0,1,0,
	4.91781500,-15.12126000,7.64035100,32.60894000,25.52000000,353.92170000,0,0,1,0,
	4.92462200,-15.12126000,7.64035100,32.60894000,25.52000000,354.40170000,0,0,1,0,
	4.93065800,-15.13138000,7.57815100,32.88747000,25.44001000,355.04170000,0,0,1,0,
	4.93602300,-15.13138000,7.57815100,32.88747000,25.44000000,355.52170000,0,0,1,0,
	4.94262700,-15.13138000,7.57815100,32.88747000,25.44000000,355.84170000,0,1,1,0,
	4.95047700,-15.12769000,7.50955100,33.15759000,25.36001000,356.32170000,0,1,1,0,
	4.95609300,-15.12769000,7.50955100,33.15759000,25.36001000,356.72170000,0,1,1,0,
	4.96219800,-15.12769000,7.50955100,33.15759000,25.36000000,356.96170000,0,1,1,0,
	4.96713900,-15.12769000,7.50955100,33.15759000,25.36001000,357.20170000,0,1,1,0,
	4.97244300,-15.08760000,7.43455100,33.39487000,25.36000000,357.44170000,0,1,1,0,
	4.97808200,-15.08760000,7.43455100,33.39487000,25.28001000,357.60170000,0,1,1,0,
	4.98226600,-15.08760000,7.43455100,33.39487000,25.28001000,357.92170000,0,1,1,0,
	4.98675800,-15.08760000,7.43455100,33.39487000,25.28001000,358.08170000,0,1,1,0,
	4.99112400,-15.01878000,7.35315100,33.60542000,25.28000000,358.24170000,0,1,1,0,
	4.99736900,-15.01878000,7.35315100,33.60542000,25.20001000,358.40170000,0,1,1,0,
	5.00165700,-15.01878000,7.35315100,33.60542000,25.20000000,358.64170000,0,1,1,0,
	5.00634200,-15.01878000,7.35315100,33.60542000,25.20001000,358.72170000,0,1,1,0,
	5.01109600,-14.92163000,7.26535100,33.78893000,25.20001000,358.88170000,0,1,1,0,
	5.01687700,-14.92163000,7.26535100,33.78893000,25.20001000,358.96170000,0,0,0,0,
	5.02269300,-14.92163000,7.26535100,33.78893000,25.20001000,359.04170000,0,0,0,0,
	5.02675400,-14.92163000,7.26535100,33.78893000,25.12001000,359.12160000,0,0,0,0,
	5.02964200,-14.92163000,7.26535100,33.78893000,25.12001000,359.12160000,0,0,0,0,
	5.03328300,-14.81764000,7.17115100,33.96584000,25.12001000,359.12160000,0,0,0,0,
	5.03688100,-14.81764000,7.17115100,33.96584000,25.12001000,359.12160000,0,0,0,0,
	5.04045800,-14.81764000,7.17115100,33.96584000,25.12001000,359.12160000,0,0,0,0,
	5.04329100,-14.81764000,7.17115100,33.96584000,25.12001000,359.12160000,0,0,0,0,
	5.04629800,-14.81764000,7.17115100,33.96584000,25.12001000,359.12160000,0,0,0,0,
	5.04900000,-14.81764000,7.17115100,33.96584000,25.12001000,359.12160000,0,0,0,0,
	5.05191200,-14.71365000,7.07055100,34.14275000,25.12001000,359.12160000,0,0,0,0,
	5.05560300,-14.71365000,7.07055100,34.14275000,25.12001000,359.12160000,0,0,0,0,
	5.05834100,-14.71365000,7.07055100,34.14275000,25.12001000,359.12160000,0,0,0,0,
	5.06146600,-14.71365000,7.07055100,34.14275000,25.12001000,359.12160000,0,0,0,0,
	5.06428600,-14.71365000,7.07055100,34.14275000,25.12001000,359.12160000,0,0,0,0,
	5.06722000,-14.71365000,7.07055100,34.14275000,25.12001000,359.12160000,0,0,0,0,
	5.06980500,-14.71365000,7.07055100,34.14275000,25.12001000,359.12160000,0,0,0,0,
	5.07274700,-14.60965000,7.18115100,34.31966000,25.12001000,359.12160000,0,0,0,0,
	5.07630800,-14.60965000,7.18115100,34.31966000,25.12001000,359.12160000,0,0,0,0,
	5.07910600,-14.60965000,7.18115100,34.31966000,25.12001000,359.12160000,0,0,0,0,
	5.08176400,-14.60965000,7.18115100,34.31966000,25.12001000,359.12160000,0,0,0,0,
	5.08463500,-14.60965000,7.18115100,34.31966000,25.12001000,359.12160000,0,0,0,0,
	5.08839400,-14.60965000,7.18115100,34.31966000,25.12001000,359.12160000,0,0,0,0,
	5.09118300,-14.50566000,7.28535100,34.49657000,25.12001000,359.12160000,0,0,0,0,
	5.09527000,-14.50566000,7.28535100,34.49657000,25.12001000,359.12160000,0,0,0,0,
	5.09782300,-14.50566000,7.28535100,34.49657000,25.12001000,359.12160000,0,0,0,0,
	5.10076400,-14.50566000,7.28535100,34.49657000,25.12001000,359.12160000,0,0,0,0,
	5.10379600,-14.50566000,7.28535100,34.49657000,25.12001000,359.12160000,0,0,0,0,
	5.10634000,-14.50566000,7.28535100,34.49657000,25.12001000,359.12160000,0,0,0,0,
	5.10922900,-14.50566000,7.28535100,34.49657000,25.12001000,359.12160000,0,0,0,0,
	5.11188400,-14.40167000,7.38315100,34.67348000,25.12001000,359.12160000,0,0,0,0,
	5.11545700,-14.40167000,7.38315100,34.67348000,25.12001000,359.12160000,0,0,0,0,
	5.11816500,-14.40167000,7.38315100,34.67348000,25.12001000,359.12160000,0,0,0,0,
	5.12113800,-14.40167000,7.38315100,34.67348000,25.12001000,359.12160000,0,0,0,0,
	5.12421900,-14.40167000,7.38315100,34.67348000,25.12001000,359.12160000,0,0,0,0,
	5.12676700,-14.40167000,7.38315100,34.67348000,25.12001000,359.12160000,0,0,0,0,
	5.13025300,-14.29767000,7.47455100,34.85040000,25.12001000,359.12160000,0,0,0,0,
	5.13398100,-14.29767000,7.47455100,34.85040000,25.12001000,359.12160000,0,0,0,0,
	5.13728200,-14.29767000,7.47455100,34.85040000,25.12001000,359.12160000,0,0,0,0,
	5.14011200,-14.29767000,7.47455100,34.85040000,25.12001000,359.12160000,0,0,0,0,
	5.14296200,-14.29767000,7.47455100,34.85040000,25.12001000,359.12160000,0,0,0,0,
	5.14565400,-14.29767000,7.47455100,34.85040000,25.12001000,359.12160000,0,0,0,0,
	5.14885700,-14.29767000,7.47455100,34.85040000,25.12001000,359.12160000,0,0,0,0,
	5.15167200,-14.19368000,7.55955100,35.02731000,25.12001000,359.12160000,0,0,0,0,
	5.15491900,-14.19368000,7.55955100,35.02731000,25.12001000,359.12160000,0,0,0,0,
	5.15775800,-14.19368000,7.55955100,35.02731000,25.12001000,359.12160000,0,0,0,0,
	5.16024400,-14.19368000,7.55955100,35.02731000,25.12001000,359.12160000,0,0,0,0,
	5.16374700,-14.19368000,7.55955100,35.02731000,25.12001000,359.12160000,0,0,0,0,
	5.16669500,-14.19368000,7.55955100,35.02731000,25.12001000,359.12160000,0,0,0,0,
	5.16930600,-14.19368000,7.55955100,35.02731000,25.12001000,359.12160000,0,0,0,0,
	5.17223700,-14.08969000,7.63815100,35.20422000,25.12001000,359.12160000,0,0,0,0,
	5.17558500,-14.08969000,7.63815100,35.20422000,25.12001000,359.12160000,0,0,0,0,
	5.17851800,-14.08969000,7.63815100,35.20422000,25.12001000,359.12160000,0,0,0,0,
	5.18101500,-14.08969000,7.63815100,35.20422000,25.12001000,359.12160000,0,0,0,0,
	5.18375300,-14.08969000,7.63815100,35.20422000,25.12001000,359.12160000,0,0,0,0,
	5.18639900,-14.08969000,7.63815100,35.20422000,25.12001000,359.12160000,0,0,0,0,
	5.18904000,-14.08969000,7.63815100,35.20422000,25.12001000,359.12160000,0,0,0,0,
	5.19262800,-13.98569000,7.71035100,35.38113000,25.12001000,359.12160000,0,0,0,0,
	5.19639700,-13.98569000,7.71035100,35.38113000,25.12001000,359.12160000,0,0,0,0,
	5.19978600,-13.98569000,7.71035100,35.38113000,25.12001000,359.12160000,0,0,0,0,
	5.20232500,-13.98569000,7.71035100,35.38113000,25.12001000,359.12160000,0,0,0,0,
	5.20531400,-13.98569000,7.71035100,35.38113000,25.12001000,359.12160000,0,0,0,0,
	5.20820000,-13.98569000,7.71035100,35.38113000,25.12001000,359.12160000,0,0,0,0,
	5.21113500,-13.88170000,7.77615100,35.55804000,25.12001000,359.12160000,0,0,0,0,
	5.21507500,-13.88170000,7.77615100,35.55804000,25.12001000,359.12160000,0,0,0,0,
	5.21798800,-13.88170000,7.77615100,35.55804000,25.12001000,359.12160000,0,0,0,0,
	5.22120600,-13.88170000,7.77615100,35.55804000,25.12001000,359.12160000,0,0,0,0,
	5.22390600,-13.88170000,7.77615100,35.55804000,25.12001000,359.12160000,0,0,0,0,
	5.22727400,-13.88170000,7.77615100,35.55804000,25.12001000,359.12160000,0,0,0,0,
	5.22980800,-13.88170000,7.77615100,35.55804000,25.12001000,359.12160000,0,0,0,0,
	5.23288500,-13.77771000,7.83555100,35.51170000,25.12001000,359.12160000,0,0,0,0,
	5.23644500,-13.77771000,7.83555100,35.51170000,25.12001000,359.12160000,0,0,0,0,
	5.23912200,-13.77771000,7.83555100,35.51170000,25.12001000,359.12160000,0,0,0,0,
	5.24199000,-13.77771000,7.83555100,35.51170000,25.12001000,359.12160000,0,0,0,0,
	5.24471800,-13.77771000,7.83555100,35.51170000,25.12001000,359.12160000,0,0,0,0,
	5.24747500,-13.77771000,7.83555100,35.51170000,25.12001000,359.12160000,0,0,0,0,
	5.25012000,-13.77771000,7.83555100,35.51170000,25.12001000,359.12160000,0,0,0,0,
	5.25291700,-13.67371000,7.88855100,35.50244000,25.12001000,359.12160000,0,0,0,0,
	5.25831600,-13.67371000,7.88855100,35.50244000,25.12001000,359.12160000,0,1,0,0,
	5.26350700,-13.67371000,7.88855100,35.50244000,25.12001000,359.12160000,0,1,0,0,
	5.26625200,-13.67371000,7.88855100,35.50244000,25.12001000,359.12160000,0,1,0,0,
	5.26941600,-13.67371000,7.88855100,35.50244000,25.12001000,359.12160000,0,1,0,0,
	5.27205200,-13.56953000,7.93515100,35.49003000,25.12001000,359.12160000,0,1,0,0,
	5.27592100,-13.56953000,7.93515100,35.49003000,25.12001000,359.12160000,0,1,0,0,
	5.27859100,-13.56953000,7.93515100,35.49003000,25.12001000,359.12160000,0,1,0,0,
	5.28150300,-13.56953000,7.93515100,35.49003000,25.12001000,359.12160000,0,1,0,0,
	5.28433400,-13.56953000,7.93515100,35.49003000,25.12001000,359.12160000,0,1,0,0,
	5.28681900,-13.56953000,7.93515100,35.49003000,25.12001000,359.12160000,0,1,0,0,
	5.29111800,-13.46534000,7.97535000,35.47763000,25.12001000,359.12160000,0,1,0,0,
	5.29519300,-13.46534000,7.97535000,35.47763000,25.12001000,359.12160000,0,1,0,0,
	5.29836300,-13.46534000,7.97535000,35.47763000,25.12001000,359.12160000,0,1,0,0,
	5.30079700,-13.46534000,7.97535000,35.47763000,25.12001000,359.12160000,0,1,0,0,
	5.30383700,-13.46534000,7.97535000,35.47763000,25.12001000,359.12160000,0,1,0,0,
	5.30675100,-13.46534000,7.97535000,35.47763000,25.12001000,359.12160000,0,1,0,0,
	5.30958700,-13.46534000,7.97535000,35.47763000,25.12001000,359.12160000,0,1,0,0,
	5.31234300,-13.36116000,8.00915100,35.46522000,25.12001000,359.12160000,0,1,0,0,
	5.31622200,-13.36116000,8.00915100,35.46522000,25.12001000,359.12160000,0,1,0,0,
	5.31915400,-13.36116000,8.00915100,35.46522000,25.12001000,359.12160000,0,1,0,0,
	5.32172800,-13.36116000,8.00915100,35.46522000,25.12001000,359.12160000,0,1,0,0,
	5.32468700,-13.36116000,8.00915100,35.46522000,25.12001000,359.12160000,0,1,0,0,
	5.32724100,-13.36116000,8.00915100,35.46522000,25.12001000,359.12160000,0,1,0,0,
	5.33075300,-13.25698000,8.03655100,35.45282000,25.12001000,359.12160000,0,1,0,0,
	5.33447700,-13.25698000,8.03655100,35.45282000,25.12001000,359.12160000,0,1,0,0,
	5.33755400,-13.25698000,8.03655100,35.45282000,25.12001000,359.12160000,0,1,0,0,
	5.34034100,-13.25698000,8.03655100,35.45282000,25.12001000,359.12160000,0,1,0,0,
	5.34306600,-13.25698000,8.03655100,35.45282000,25.12001000,359.12160000,0,1,0,0,
	5.34605900,-13.25698000,8.03655100,35.45282000,25.12001000,359.12160000,0,1,0,0,
	5.34876400,-13.25698000,8.03655100,35.45282000,25.12001000,359.12160000,0,1,0,0,
	5.35164800,-13.15279000,8.05755000,35.44041000,25.12001000,359.12160000,0,1,0,0,
	5.35508600,-13.15279000,8.05755000,35.44041000,25.12001000,359.12160000,0,1,0,0,
	5.35859700,-13.15279000,8.05755000,35.44041000,25.12001000,359.12160000,0,1,0,0,
	5.36137400,-13.15279000,8.05755000,35.44041000,25.12001000,359.12160000,0,1,0,0,
	5.36492400,-13.15279000,8.05755000,35.44041000,25.12001000,359.12160000,0,1,0,0,
	5.36795500,-13.15279000,8.05755000,35.44041000,25.12001000,359.12160000,0,1,0,0,
	5.37463500,-13.04861000,8.07215000,35.42801000,25.12001000,359.12160000,0,1,0,0,
	5.38159500,-13.04861000,8.07215000,35.42801000,25.12001000,359.12160000,0,1,0,0,
	5.38786400,-13.04861000,8.07215000,35.42801000,25.12001000,359.12160000,0,1,0,0,
	5.39454700,-12.94442000,8.08035000,35.41560000,25.12001000,359.12160000,0,1,0,0,
	5.40291600,-12.94442000,8.08035000,35.41560000,25.12001000,359.12160000,0,1,0,0,
	5.40646500,-12.94442000,8.08035000,35.41560000,25.12001000,359.12160000,0,0,0,0,
	5.41081200,-12.84024000,8.08215000,35.40319000,25.12001000,359.12160000,0,0,0,0,
	5.41493200,-12.84024000,8.08215000,35.40319000,25.12001000,359.12160000,0,0,0,0,
	5.41774000,-12.84024000,8.08215000,35.40319000,25.12001000,359.12160000,0,0,0,0,
	5.42094500,-12.84024000,8.08215000,35.40319000,25.12001000,359.12160000,0,0,0,0,
	5.42357500,-12.84024000,8.08215000,35.40319000,25.12001000,359.12160000,0,0,0,0,
	5.42660700,-12.84024000,8.08215000,35.40319000,25.12001000,359.12160000,0,0,0,0,
	5.43022000,-12.84024000,8.08215000,35.40319000,25.12001000,359.12160000,0,0,0,0,
	5.43298400,-12.73606000,8.07755000,35.39079000,25.12001000,359.12160000,0,0,0,0,
	5.43687200,-12.73606000,8.07755000,35.39079000,25.12001000,359.12160000,0,0,0,0,
	5.43948000,-12.73606000,8.07755000,35.39079000,25.12001000,359.12160000,0,0,0,0,
	5.44258800,-12.73606000,8.07755000,35.39079000,25.12001000,359.12160000,0,0,0,0,
	5.44568100,-12.73606000,8.07755000,35.39079000,25.12001000,359.12160000,0,0,0,0,
	5.44904200,-12.73606000,8.07755000,35.39079000,25.12001000,359.12160000,0,0,0,0,
	5.45164100,-12.63187000,8.06655000,35.37838000,25.12001000,359.12160000,0,0,0,0,
	5.45591800,-12.63187000,8.06655000,35.37838000,25.12001000,359.12160000,0,0,0,0,
	5.45873400,-12.63187000,8.06655000,35.37838000,25.12001000,359.12160000,0,0,0,0,
	5.46218900,-12.63187000,8.06655000,35.37838000,25.12001000,359.12160000,0,0,0,0,
	5.46543400,-12.63187000,8.06655000,35.37838000,25.12001000,359.12160000,0,0,0,0,
	5.46824300,-12.63187000,8.06655000,35.37838000,25.12001000,359.12160000,0,0,0,0,
	5.47112600,-12.52769000,8.04915000,35.36598000,25.12001000,359.12160000,0,0,0,0,
	5.47473000,-12.52769000,8.04915000,35.36598000,25.12001000,359.12160000,0,0,0,0,
	5.47757800,-12.52769000,8.04915000,35.36598000,25.12001000,359.12160000,0,0,0,0,
	5.48028000,-12.52769000,8.04915000,35.36598000,25.12001000,359.12160000,0,0,0,0,
end
