map
	ez_square2
end

values
	0.00476450,4.73152200,1.90000000,-4.76878200,20.71998000,0.24007750,0,0,0,0,
	0.00953030,4.73152200,1.90000000,-4.76878200,20.71998000,0.24007750,0,0,0,0,
	0.01262010,4.73152200,1.90000000,-4.76878200,20.71998000,0.24007750,0,0,0,0,
	0.01661960,4.73152200,1.90000000,-4.76878200,20.71998000,0.24007750,0,0,0,0,
	0.01970750,4.73152200,1.90000000,-4.76878200,20.71998000,0.24007750,0,0,0,0,
	0.02381370,4.73152200,1.90000000,-4.76878200,20.71998000,0.24007750,0,0,0,0,
	0.02703920,4.73152200,1.90000000,-4.76878200,20.71998000,0.24007750,0,0,0,0,
	0.03121010,4.73152200,1.90000000,-4.76878200,20.71998000,0.24007750,0,0,0,0,
	0.03487150,4.73152200,1.90000000,-4.76878200,20.71998000,0.24007750,0,0,0,0,
	0.03843570,4.73152200,1.90000000,-4.76878200,20.71998000,0.24007750,0,0,0,0,
	0.04248200,4.73152200,1.90000000,-4.76878200,20.71998000,0.24007750,0,0,0,0,
	0.04618230,4.73152200,1.90000000,-4.76878200,20.71998000,0.24007750,0,0,0,0,
	0.05055810,4.73152200,1.90000000,-4.76878200,20.71998000,0.24007750,0,0,0,0,
	0.05390140,4.73152200,1.90000000,-4.76878200,20.71998000,0.24007750,0,0,0,0,
	0.05794160,4.73152200,1.90000000,-4.76878200,20.71998000,0.24007750,0,0,0,0,
	0.06083160,4.73152200,1.90000000,-4.76878200,20.71998000,0.24007750,0,0,0,0,
	0.06507980,4.73152200,1.90000000,-4.76878200,20.71998000,0.24007750,0,0,0,0,
	0.06871410,4.73152200,1.90000000,-4.76878200,20.71998000,0.24007750,0,0,0,0,
	0.07264100,4.73152200,1.90000000,-4.76878200,20.71998000,0.24007750,0,0,0,0,
	0.07603820,4.73152200,1.90000000,-4.76878200,20.71998000,0.24007750,0,0,0,0,
	0.07996339,4.73152200,1.90000000,-4.76878200,20.71998000,0.24007750,0,0,0,0,
	0.08348589,4.73152200,1.90000000,-4.76878200,20.71998000,0.24007750,0,0,0,0,
	0.08719149,4.73152200,1.90000000,-4.76878200,20.71998000,0.24007750,0,0,0,0,
	0.09222759,4.73152200,1.90000000,-4.76878200,20.71998000,0.24007750,0,0,0,0,
	0.09583409,4.73152200,1.90000000,-4.76878200,20.71998000,0.24007750,0,0,0,0,
	0.10015040,4.73152200,1.90000000,-4.76878200,20.71998000,0.24007750,0,0,0,0,
	0.10372480,4.73152200,1.90000000,-4.76878200,20.71998000,0.24007750,0,0,0,0,
	0.10770740,4.73152200,1.90000000,-4.76878200,20.71998000,0.24007750,0,0,0,0,
	0.11225470,4.73152200,1.90000000,-4.76878200,20.71998000,0.24007750,0,0,0,0,
	0.11531860,4.73152200,1.90000000,-4.76878200,20.71998000,0.24007750,0,0,0,0,
	0.11925120,4.73152200,1.90000000,-4.76878200,20.71998000,0.24007750,0,0,0,0,
	0.12248500,4.73152200,1.90000000,-4.76878200,20.71998000,0.24007750,0,0,0,0,
	0.12668160,4.73152200,1.90000000,-4.76878200,20.71998000,0.24007750,0,0,0,0,
	0.12992320,4.73152200,1.90000000,-4.76878200,20.71998000,0.24007750,0,0,0,0,
	0.13437570,4.73152200,1.90000000,-4.76878200,20.71998000,0.24007750,0,0,0,0,
	0.13743780,4.73152200,1.90000000,-4.76878200,20.71998000,0.24007750,0,0,0,0,
	0.14140070,4.73152200,1.90000000,-4.76878200,20.71998000,0.24007750,0,0,0,0,
	0.14435870,4.73152200,1.90000000,-4.76878200,20.71998000,0.24007750,0,0,0,0,
	0.14860170,4.73152200,1.90000000,-4.76878200,20.71998000,0.24007750,0,0,0,0,
	0.15150340,4.73152200,1.90000000,-4.76878200,20.71998000,0.24007750,0,0,0,0,
	0.15550460,4.73152200,1.90000000,-4.76878200,20.71998000,0.24007750,0,0,0,0,
	0.16011350,4.73152200,1.90000000,-4.76878200,20.71998000,0.24007750,0,0,0,0,
	0.16387500,4.73152200,1.90000000,-4.76878200,20.79999000,0.24007750,0,0,0,0,
	0.17001030,4.73152200,1.90000000,-4.76878200,20.79999000,0.24007750,0,0,0,0,
	0.17529480,4.73152200,1.90000000,-4.76878200,20.87999000,0.32007270,0,0,0,0,
	0.17993180,4.73152200,1.90000000,-4.76878200,20.95999000,0.32007270,0,0,0,0,
	0.18719180,4.73152200,1.90000000,-4.76878200,21.03999000,0.32007270,1,0,0,0,
	0.19514510,4.73152200,1.90000000,-4.76878200,21.11998000,0.40004050,1,0,0,0,
	0.19950670,4.73152200,1.90000000,-4.76878200,21.19999000,0.48003570,1,0,0,0,
	0.20524530,4.73163500,1.90000000,-4.75587100,21.35999000,0.56003090,1,0,0,0,
	0.21096240,4.73163500,1.90000000,-4.75587100,21.43999000,0.56003090,1,0,0,0,
	0.21627970,4.73163500,1.90000000,-4.75587100,21.59998000,0.63999870,1,0,0,0,
	0.22230560,4.73163500,1.90000000,-4.75587100,21.67998000,0.71999390,1,0,0,0,
	0.22993550,4.73189200,1.90000000,-4.73384100,21.83998000,0.79998920,1,0,0,0,
	0.23714880,4.73189200,1.90000000,-4.73384100,22.07999000,0.87998430,1,0,0,0,
	0.24207490,4.73189200,1.90000000,-4.73384100,22.23999000,0.95995220,1,0,0,0,
	0.24773970,4.73233300,1.90000000,-4.70390500,22.39998000,1.03994700,1,0,0,0,
	0.25344360,4.73233300,1.90000000,-4.70390500,22.55998000,1.11994300,1,0,0,0,
	0.25866760,4.73233300,1.90000000,-4.70390500,22.71998000,1.19991000,1,0,0,0,
	0.26429230,4.73297500,1.90000000,-4.66733500,22.87998000,1.27990500,1,0,0,0,
	0.27011500,4.73297500,1.90000000,-4.66733500,23.03998000,1.35990100,1,0,0,0,
	0.27551610,4.73297500,1.90000000,-4.66733500,23.19998000,1.43986800,1,0,0,0,
	0.28107230,4.73297500,1.90000000,-4.66733500,23.35998000,1.59988600,1,0,0,0,
	0.28716040,4.73397000,1.90000000,-4.62180800,23.51999000,1.67988200,1,0,0,0,
	0.29386230,4.73397000,1.90000000,-4.62180800,23.67998000,1.75984900,1,0,0,0,
	0.30065080,4.73397000,1.90000000,-4.62180800,23.83998000,1.83984500,1,0,0,0,
	0.30732840,4.73535000,1.90000000,-4.56845800,23.99998000,1.99983500,1,0,0,0,
	0.31321650,4.73535000,1.90000000,-4.56845800,24.23998000,2.07983000,1,0,0,0,
	0.31861300,4.73535000,1.90000000,-4.56845800,24.39998000,2.15982500,1,0,0,0,
	0.32569530,4.73713300,1.90000000,-4.50793300,24.55998000,2.23979400,1,0,0,0,
	0.33178530,4.73713300,1.90000000,-4.50793300,24.71998000,2.39981100,1,0,0,0,
	0.33795930,4.73713300,1.90000000,-4.50793300,24.87998000,2.47980600,1,0,0,0,
	0.34357290,4.73713300,1.90000000,-4.50793300,25.03998000,2.55977400,1,0,0,0,
	0.34844650,4.73956300,1.90000000,-4.43744100,25.19998000,2.55977400,1,0,0,0,
	0.35405340,4.73956300,1.90000000,-4.43744100,25.27998000,2.63976900,1,0,0,0,
	0.35948500,4.73956300,1.90000000,-4.43744100,25.43998000,2.71976400,1,0,0,0,
	0.36519420,4.74242900,1.90000000,-4.36059700,25.59998000,2.79973200,1,0,0,0,
	0.37094600,4.74242900,1.90000000,-4.36059700,25.75998000,2.87972700,1,0,0,0,
	0.37634100,4.74242900,1.90000000,-4.36059700,25.91998000,2.95972200,1,0,0,0,
	0.38075600,4.74242900,1.90000000,-4.36059700,25.99999000,2.95972300,1,0,0,0,
	0.38707660,4.74592600,1.90000000,-4.27526400,26.15998000,3.03969000,1,0,0,0,
	0.39475130,4.74592600,1.90000000,-4.27526400,26.31998000,3.11968500,1,0,0,0,
	0.40057500,4.74592600,1.90000000,-4.27526400,26.55998000,3.19968000,1,0,0,0,
	0.40576660,4.75005500,1.90000000,-4.18202600,26.71998000,3.27964800,1,0,0,0,
	0.41127450,4.75005500,1.90000000,-4.18202600,26.87998000,3.27964800,1,0,0,0,
	0.41739210,4.75005500,1.90000000,-4.18202600,27.03998000,3.35964300,1,0,0,0,
	0.42209760,4.75005500,1.90000000,-4.18202600,27.19998000,3.43963800,1,0,0,0,
	0.42786900,4.75489600,1.90000000,-4.08020400,27.35998000,3.43963900,1,0,0,0,
	0.46201400,4.75993400,1.90000000,-3.97608100,27.51998000,3.51960700,1,0,0,0,
	0.47011260,4.76628000,1.90000000,-3.85835300,28.55998000,3.75962000,1,0,0,0,
	0.48358490,4.76628000,1.90000000,-3.85835300,28.79998000,3.75962000,1,0,0,0,
	0.48973530,4.77336100,1.90000000,-3.73202500,29.27998000,3.75962000,1,0,0,0,
	0.49566450,4.77336100,1.90000000,-3.73202500,29.43998000,3.83958700,1,0,0,0,
	0.50038760,4.77336100,1.90000000,-3.73202500,29.59999000,3.83958700,1,0,0,0,
	0.50611830,4.78101500,1.90000000,-3.59899900,29.75998000,3.83958700,1,0,0,0,
	0.51177270,4.78101500,1.90000000,-3.59899900,29.91998000,3.83958700,1,0,0,0,
	0.51681080,4.78101500,1.90000000,-3.59899900,30.07998000,3.83958800,1,0,0,0,
	0.52231510,4.78101500,1.90000000,-3.59899900,30.23998000,3.83958800,1,0,0,0,
	0.52640430,4.78939400,1.90000000,-3.45723000,30.39998000,3.83958800,1,0,0,0,
	0.53204580,4.78939400,1.90000000,-3.45723000,30.47999000,3.83958800,1,0,0,0,
	0.53687440,4.78939400,1.90000000,-3.45723000,30.63998000,3.83958700,1,0,0,0,
	0.54075150,4.78939400,1.90000000,-3.45723000,30.71998000,3.83958800,1,0,0,0,
	0.54601710,4.79836400,1.90000000,-3.30811000,30.79998000,3.83958700,1,0,0,0,
	0.55122760,4.79836400,1.90000000,-3.30811000,30.95998000,3.75962000,1,0,0,0,
	0.55496170,4.79836400,1.90000000,-3.30811000,31.03998000,3.75962000,1,0,0,0,
	0.55996470,4.79836400,1.90000000,-3.30811000,31.11998000,3.75962000,1,0,0,0,
	0.56500120,4.80770700,1.90000000,-3.15439200,31.19998000,3.75962000,1,0,0,0,
	0.56927390,4.80770700,1.90000000,-3.15439200,31.27997000,3.75962000,1,0,0,0,
	0.57383870,4.80770700,1.90000000,-3.15439200,31.35998000,3.75961900,1,0,0,0,
	0.57885320,4.80770700,1.90000000,-3.15439200,31.43998000,3.75962000,1,0,0,0,
	0.58255760,4.80770700,1.90000000,-3.15439200,31.59997000,3.67962500,1,0,0,0,
	0.58759220,4.81711600,1.90000000,-3.00067900,31.67998000,3.67962400,1,0,0,0,
	0.59312830,4.81711600,1.90000000,-3.00067900,31.75997000,3.67962500,1,0,0,0,
	0.59691360,4.81711600,1.90000000,-3.00067900,31.83998000,3.67962400,1,0,0,0,
	0.60163270,4.81711600,1.90000000,-3.00067900,31.91997000,3.67962500,1,0,0,0,
	0.60574530,4.82656400,1.90000000,-2.84696800,32.07997000,3.67962400,1,0,0,0,
	0.61092030,4.82656400,1.90000000,-2.84696800,32.07997000,3.67962400,1,0,0,0,
	0.61524730,4.82656400,1.90000000,-2.84696800,32.23998000,3.59962900,1,0,0,0,
	0.61969500,4.82656400,1.90000000,-2.84696800,32.31998000,3.59962900,1,0,0,0,
	0.62411740,4.83603400,1.90000000,-2.69325900,32.39998000,3.59962900,1,0,0,0,
	0.62875430,4.83603400,1.90000000,-2.69325900,32.47998000,3.59962900,1,0,0,0,
	0.63191320,4.83603400,1.90000000,-2.69325900,32.55998000,3.51966100,1,0,0,0,
	0.63657280,4.83603400,1.90000000,-2.69325900,32.55998000,3.51966100,1,0,0,0,
	0.64155840,4.83603400,1.90000000,-2.69325900,32.63999000,3.51966100,1,0,0,0,
	0.64552630,4.84550700,1.90000000,-2.53955100,32.71999000,3.51966100,1,0,0,0,
	0.65025590,4.84550700,1.90000000,-2.53955100,32.79999000,3.43966600,1,0,0,0,
	0.65500210,4.84550700,1.90000000,-2.53955100,32.87999000,3.43966600,1,0,0,0,
	0.65814130,4.84550700,1.90000000,-2.53955100,32.96000000,3.43966600,1,0,0,0,
	0.66387740,4.84550700,1.90000000,-2.53955100,32.96000000,3.43966600,1,0,0,0,
	0.66874680,4.85495100,1.90000000,-2.38584000,33.04000000,3.35967000,1,0,0,0,
	0.67364530,4.85495100,1.90000000,-2.38584000,33.12000000,3.35967100,1,0,0,0,
	0.67741230,4.85495100,1.90000000,-2.38584000,33.19999000,3.35967100,1,0,0,0,
	0.68161740,4.85495100,1.90000000,-2.38584000,33.19999000,3.35967100,1,0,0,0,
	0.69005760,4.86436200,1.90000000,-2.23212800,33.28000000,3.35967100,1,0,0,0,
	0.69558410,4.86436200,1.90000000,-2.23212800,33.36000000,3.27970300,1,0,0,0,
	0.70141460,4.86436200,1.90000000,-2.23212800,33.44001000,3.27970300,1,0,0,0,
	0.70610840,4.87372100,1.90000000,-2.07841100,33.52001000,3.27970300,1,0,0,0,
	0.71138670,4.87372100,1.90000000,-2.07841100,33.60000000,3.19970800,1,0,0,0,
	0.71454730,4.87372100,1.90000000,-2.07841100,33.68001000,3.19970800,1,0,0,0,
	0.71935610,4.87372100,1.90000000,-2.07841100,33.68001000,3.19970800,1,0,0,0,
	0.72462210,4.88302000,1.90000000,-1.92469100,33.76001000,3.19970800,1,0,0,0,
	0.72938460,4.88302000,1.90000000,-1.92469100,33.84001000,3.11971300,1,0,0,0,
	0.73507300,4.88302000,1.90000000,-1.92469100,33.92001000,3.11971300,1,0,0,0,
	0.73997520,4.88302000,1.90000000,-1.92469100,34.00002000,3.11971200,1,0,0,0,
	0.74356970,4.88302000,1.90000000,-1.92469100,34.08002000,3.03974500,1,0,0,0,
	0.74887650,4.89221400,1.90000000,-1.77096200,34.08002000,3.03974500,1,0,0,0,
	0.75477520,4.89221400,1.90000000,-1.77096200,34.24002000,3.03974500,1,0,0,0,
	0.76028620,4.89221400,1.90000000,-1.77096200,34.32002000,2.95974900,1,0,0,0,
	0.76630530,4.90132000,1.90000000,-1.61722700,34.40002000,2.95974900,1,0,0,0,
	0.77085630,4.90132000,1.90000000,-1.61722700,34.48003000,2.95975000,1,0,0,0,
	0.77562790,4.90132000,1.90000000,-1.61722700,34.56003000,2.87975500,1,0,0,0,
	0.78095870,4.90132000,1.90000000,-1.61722700,34.64003000,2.87975500,1,0,0,0,
	0.78505890,4.91030800,1.90000000,-1.46348500,34.72004000,2.87975500,1,0,0,0,
	0.79009250,4.91030800,1.90000000,-1.46348500,34.72003000,2.79975900,1,0,0,0,
	0.79735910,4.91030800,1.90000000,-1.46348500,34.80003000,2.79976000,1,0,0,0,
	0.80148550,4.91030800,1.90000000,-1.46348500,34.96003000,2.71979100,1,0,0,0,
	0.80544670,4.91915400,1.90000000,-1.30973100,34.96003000,2.71979100,1,0,0,0,
	0.81128470,4.91915400,1.90000000,-1.30973100,35.04003000,2.71979100,1,0,0,0,
	0.81540970,4.91915400,1.90000000,-1.30973100,35.12003000,2.63979600,1,0,0,0,
	0.81967790,4.91915400,1.90000000,-1.30973100,35.12003000,2.63979600,1,0,0,0,
	0.82709150,4.92786200,1.90000000,-1.15596900,35.20004000,2.63979600,1,0,0,0,
	0.83197270,4.92786200,1.90000000,-1.15596900,35.28004000,2.55980100,1,0,0,0,
	0.83617720,4.92786200,1.90000000,-1.15596900,35.36004000,2.55980200,1,0,0,0,
	0.84000310,4.92786200,1.90000000,-1.15596900,35.36004000,2.55980200,1,0,0,0,
	0.84491490,4.93640400,1.90000000,-1.00219500,35.36004000,2.47983300,1,0,0,0,
	0.84949270,4.93640400,1.90000000,-1.00219500,35.44004000,2.47983300,1,0,0,0,
	0.85369960,4.93640400,1.90000000,-1.00219500,35.44004000,2.47983300,1,0,0,0,
	0.85990350,4.93640400,1.90000000,-1.00219500,35.52004000,2.47983300,1,0,0,0,
	0.86397900,4.94477500,1.90000000,-0.84841030,35.52004000,2.39983800,1,0,0,0,
	0.86737920,4.94477500,1.90000000,-0.84841030,35.52004000,2.39983800,1,0,0,0,
	0.87227950,4.94477500,1.90000000,-0.84841030,35.52004000,2.39983800,1,0,0,0,
	0.87721930,4.94477500,1.90000000,-0.84841030,35.60004000,2.39983800,1,0,0,0,
	0.88031890,4.94477500,1.90000000,-0.84841030,35.60004000,2.31984300,1,0,0,0,
	0.88478200,4.95296700,1.90000000,-0.69461580,35.60004000,2.31984300,1,0,0,0,
	0.89183190,4.95296700,1.90000000,-0.69461580,35.60004000,2.31984300,1,0,0,0,
	0.89920920,4.95296700,1.90000000,-0.69461580,35.68005000,2.31984300,1,0,0,0,
	0.90424640,4.96105700,2.01060000,-0.54081730,35.68005000,2.23987500,1,0,0,0,
	0.90910090,4.96105700,2.01060000,-0.54081730,35.76005000,2.15988000,1,0,0,0,
	0.91619340,4.96105700,2.01060000,-0.54081730,35.84005000,2.07988400,1,0,0,0,
	0.92289720,4.96105700,2.01060000,-0.54081730,36.00006000,1.91989400,1,0,0,0,
	0.92834900,4.96914800,2.11480000,-0.38701870,36.08005000,1.75987700,1,0,0,0,
	0.93530950,4.96914800,2.11480000,-0.38701870,36.24005000,1.59988600,1,0,0,0,
	0.94096200,4.96914800,2.11480000,-0.38701870,36.32005000,1.35990100,1,0,0,0,
	0.94585950,4.97723800,2.21260000,-0.23322020,36.40006000,1.27990600,1,0,0,0,
	0.95349320,4.97723800,2.21260000,-0.23322020,36.40005000,1.19991000,1,0,0,0,
	0.95663070,4.97723800,2.21260000,-0.23322020,36.48006000,1.03992000,1,0,0,0,
	0.96094350,4.97723800,2.21260000,-0.23322020,36.48006000,1.03992000,1,0,0,0,
	0.96422040,4.98532900,2.30400000,-0.07942161,36.48006000,1.03992000,1,0,0,0,
	0.96903930,4.98532900,2.30400000,-0.07942161,36.48006000,1.03992000,1,0,0,0,
	0.97805470,4.98532900,2.30400000,-0.07942161,36.48006000,1.03992000,1,0,0,0,
	0.98982590,4.99341900,2.38900000,0.07437694,36.48006000,1.03992000,1,0,1,0,
	0.99788630,4.99341900,2.38900000,0.07437694,36.48007000,1.11988800,1,0,1,0,
	1.00558800,5.00151000,2.46760000,0.22817550,36.48007000,1.35990100,1,0,1,0,
	1.01374000,5.00151000,2.46760000,0.22817550,36.48006000,1.83989900,1,0,1,0,
	1.02055800,5.00151000,2.46760000,0.22817550,36.40006000,2.55991000,1,0,1,0,
	1.03257100,5.00960000,2.53980000,0.38197400,36.32005000,3.35989000,0,0,1,0,
	1.04184600,5.00960000,2.53980000,0.38197400,36.32006000,5.11989300,0,0,1,0,
	1.04886800,5.04197800,2.60560000,0.53345050,36.32005000,6.87992300,0,0,1,0,
	1.05553400,5.04197800,2.60560000,0.53345050,36.32006000,8.15990200,0,0,1,0,
	1.06257500,5.04197800,2.60560000,0.53345050,36.32006000,9.83990800,0,0,1,0,
	1.06968400,5.08648500,2.66500000,0.68280320,36.40005000,11.43992000,0,0,1,0,
	1.07560500,5.08648500,2.66500000,0.68280320,36.48006000,13.03991000,0,0,1,0,
	1.08254100,5.08648500,2.66500000,0.68280320,36.48006000,14.39991000,0,0,1,0,
	1.09226200,5.14319500,2.71800000,0.82899080,36.56006000,16.07989000,0,0,1,0,
	1.10078600,5.14319500,2.71800000,0.82899080,36.64006000,17.83989000,0,0,1,0,
	1.10658100,5.20901200,2.76460000,0.97209190,36.72006000,19.59992000,0,0,1,0,
	1.11195300,5.20901200,2.76460000,0.97209190,36.72006000,20.71991000,0,0,1,0,
	1.12140700,5.20901200,2.76460000,0.97209190,36.72006000,21.51989000,0,0,1,0,
	1.12841900,5.28358600,2.80480000,1.11166700,36.80006000,23.03988000,0,0,1,0,
	1.13658600,5.28358600,2.80480000,1.11166700,36.80007000,23.75989000,0,0,1,0,
	1.14333500,5.28358600,2.80480000,1.11166700,36.88007000,24.47987000,0,0,1,0,
	1.14908100,5.36298000,2.83860000,1.24906300,36.88007000,24.95990000,0,0,1,0,
	1.15390100,5.36298000,2.83860000,1.24906300,36.96007000,25.11989000,0,0,1,0,
	1.15759000,5.36298000,2.83860000,1.24906300,36.96007000,25.19988000,0,0,1,0,
	1.16309300,5.36298000,2.83860000,1.24906300,36.96007000,25.19988000,0,0,1,1,
	1.16837600,5.44297300,2.86600000,1.38617700,36.96007000,25.19988000,0,0,1,1,
	1.17228400,5.44297300,2.86600000,1.38617700,36.96007000,25.19988000,0,0,1,1,
	1.17634100,5.44297300,2.86600000,1.38617700,36.96007000,25.19988000,0,0,1,1,
	1.17925600,5.44297300,2.86600000,1.38617700,36.96007000,25.19988000,0,0,1,1,
	1.18400500,5.52296600,2.88700000,1.52329100,36.96007000,25.19988000,0,0,0,1,
	1.19170000,5.52296600,2.88700000,1.52329100,36.96007000,25.19988000,0,0,0,1,
	1.19917000,5.52296600,2.88700000,1.52329100,36.96007000,25.11989000,0,0,0,1,
	1.20548500,5.57700900,2.90160000,1.67257500,37.04007000,24.95990000,0,0,0,1,
	1.21124600,5.57700900,2.90160000,1.67257500,37.04007000,24.79988000,0,0,0,1,
	1.21603400,5.57700900,2.90160000,1.67257500,37.12008000,24.63989000,0,0,0,1,
	1.22070700,5.57700900,2.90160000,1.67257500,37.12008000,24.47987000,0,0,0,1,
	1.22600200,5.62944500,2.90980000,1.82259400,37.20007000,24.31989000,0,0,0,1,
	1.23194000,5.62944500,2.90980000,1.82259400,37.20007000,24.15989000,0,0,0,1,
	1.23567500,5.62944500,2.90980000,1.82259400,37.28008000,23.99987000,0,0,0,1,
	1.24182800,5.62944500,2.90980000,1.82259400,37.28008000,23.83988000,0,0,0,1,
	1.24730600,5.68006000,2.91160000,1.97341900,37.36008000,23.59987000,0,0,0,1,
	1.25312300,5.68006000,2.91160000,1.97341900,37.36008000,23.43988000,0,0,0,1,
	1.25776400,5.68006000,2.91160000,1.97341900,37.44008000,23.11987000,0,0,0,1,
	1.26500500,5.72884300,2.90700000,2.12502500,37.52008000,22.87989000,0,0,0,1,
	1.27308200,5.72884300,2.90700000,2.12502500,37.60008000,22.55988000,0,0,0,1,
	1.27804300,5.72884300,2.90700000,2.12502500,37.68009000,22.07985000,0,0,0,1,
	1.28337500,5.72884300,2.90700000,2.12502500,37.76008000,21.83987000,0,0,0,1,
	1.29055900,5.77371600,2.89600000,2.27820400,37.76009000,21.35987000,0,0,0,1,
	1.29776700,5.77371600,2.89600000,2.27820400,37.84010000,20.79988000,0,0,0,1,
	1.30458800,5.81567700,2.87860000,2.43247300,37.92009000,20.23986000,0,0,0,1,
	1.31075200,5.81567700,2.87860000,2.43247300,38.00009000,19.59984000,0,0,0,1,
	1.31770800,5.81567700,2.87860000,2.43247300,38.00010000,19.03984000,0,0,0,1,
	1.32617300,5.85237100,2.85480000,2.58854600,38.00010000,18.23986000,0,0,0,1,
	1.33222300,5.85237100,2.85480000,2.58854600,38.08009000,17.27987000,0,0,0,1,
	1.33858800,5.85237100,2.85480000,2.58854600,38.08010000,16.55989000,0,0,0,1,
	1.34568400,5.88242800,2.82460000,2.74659400,38.08010000,15.75988000,0,0,0,1,
	1.35356100,5.88242800,2.82460000,2.74659400,38.08009000,14.95990000,0,0,0,1,
	1.35983200,5.88242800,2.82460000,2.74659400,38.08009000,13.91988000,0,0,0,1,
	1.36629600,5.90486700,2.78800000,2.90652600,38.08009000,12.95989000,0,0,0,1,
	1.37281800,5.90486700,2.78800000,2.90652600,38.08009000,11.99992000,0,0,0,1,
	1.37953900,5.90486700,2.78800000,2.90652600,38.08009000,11.27990000,0,0,0,1,
	1.38549900,5.91957600,2.74500000,3.06797100,38.08009000,10.15992000,0,0,0,1,
	1.39267100,5.91957600,2.74500000,3.06797100,38.08010000,9.35990900,0,0,0,1,
	1.40062300,5.91957600,2.74500000,3.06797100,38.08009000,8.39994000,0,0,0,1,
	1.40654500,5.92601000,2.69560000,3.23060400,38.08009000,7.19993100,0,0,0,1,
	1.41416700,5.92601000,2.69560000,3.23060400,38.00009000,6.39992400,0,0,0,1,
	1.42130800,5.92601000,2.69560000,3.23060400,38.00010000,5.19991500,0,0,0,1,
	1.42793500,5.92363100,2.63980000,3.39402500,37.92009000,4.07992800,0,0,0,1,
	1.44124900,5.92363100,2.63980000,3.39402500,37.92009000,3.19992700,0,0,0,1,
	1.44876100,5.91305600,2.57760000,3.55770500,37.76009000,1.19991000,0,0,0,1,
	1.45428400,5.91305600,2.57760000,3.55770500,37.76009000,-0.00009927,0,0,0,1,
	1.45903400,5.91305600,2.57760000,3.55770500,37.68009000,359.19990000,0,0,0,1,
	1.46848900,5.89425200,2.68820000,3.72127900,37.60009000,358.31990000,0,0,0,1,
	1.48405300,5.87155600,2.79240000,3.88464600,37.60009000,356.95990000,0,0,0,1,
	1.50604800,5.84176900,2.89020000,4.04732800,37.44009000,354.47990000,0,0,0,1,
	1.52622600,5.80151200,2.98160000,4.20831400,37.12009000,350.79990000,0,0,0,1,
	1.53990900,5.80151200,2.98160000,4.20831400,36.80008000,347.27990000,0,0,0,1,
	1.54745200,5.74416500,3.06660000,4.36510300,36.56009000,344.71990000,0,0,0,1,
	1.55562200,5.74416500,3.06660000,4.36510300,36.40009000,343.11990000,0,0,0,1,
	1.56306500,5.74416500,3.06660000,4.36510300,36.24009000,341.51990000,0,0,0,1,
	1.57102800,5.67291400,3.14520000,4.51720000,36.00008000,339.67990000,0,0,0,1,
	1.58018900,5.67291400,3.14520000,4.51720000,35.76009000,337.67990000,0,0,0,1,
	1.58576700,5.58923100,3.21740000,4.66380800,35.44009000,335.03990000,0,0,0,1,
	1.59550400,5.58923100,3.21740000,4.66380800,35.28009000,333.43990000,0,0,0,1,
	1.60283000,5.58923100,3.21740000,4.66380800,34.88008000,330.47990000,0,0,0,1,
	1.61055500,5.48891300,3.28320000,4.80105700,34.64008000,328.55990000,0,0,0,1,
	1.62102500,5.48891300,3.28320000,4.80105700,34.32008000,325.91990000,0,0,0,1,
	1.62774600,5.37437500,3.34260000,4.92801200,33.92008000,322.63990000,0,0,0,1,
	1.64268300,5.37437500,3.34260000,4.92801200,33.60008000,320.31990000,0,0,0,1,
	1.65020300,5.24412700,3.39560000,5.04032200,33.04008000,315.43990000,0,0,0,1,
	1.66113600,5.24412700,3.39560000,5.04032200,32.64008000,312.47990000,0,0,0,1,
	1.67147400,5.10109700,3.44220000,5.13766600,32.24007000,308.87990000,0,0,0,1,
	1.68041300,5.10109700,3.44220000,5.13766600,31.76007000,304.55990000,0,0,0,1,
	1.68823500,4.94529600,3.48240000,5.21537100,31.36008000,301.11990000,0,0,0,1,
	1.69940000,4.94529600,3.48240000,5.21537100,30.96008000,298.31990000,0,0,0,1,
	1.70715400,4.77971500,3.51620000,5.27243400,30.40008000,293.59990000,0,0,0,1,
	1.71829500,4.77971500,3.51620000,5.27243400,30.00008000,290.47990000,0,0,0,1,
	1.73051900,4.60754600,3.54360000,5.30979000,29.60008000,286.79990000,0,0,0,1,
	1.74069900,4.60754600,3.54360000,5.30979000,28.96008000,281.75990000,0,0,0,1,
	1.74857400,4.43066700,3.56460000,5.32125900,28.56008000,278.23990000,0,0,0,1,
	1.75995200,4.43066700,3.56460000,5.32125900,28.24008000,275.19990000,0,0,0,1,
	1.76891900,4.25271700,3.57920000,5.31023800,27.84008000,270.95990000,0,0,0,1,
	1.77768500,4.25271700,3.57920000,5.31023800,27.44008000,267.43990000,0,0,0,1,
	1.78306900,4.25271700,3.57920000,5.31023800,27.12008000,264.15990000,0,0,0,1,
	1.79028000,4.07723500,3.58739900,5.27143800,26.88008000,261.99990000,0,0,0,1,
	1.79626900,4.07723500,3.58739900,5.27143800,26.56008000,259.35990000,0,0,0,1,
	1.80156000,4.07723500,3.58739900,5.27143800,26.32008000,257.19990000,0,0,0,1,
	1.80627900,3.90617400,3.58920000,5.21254200,26.16008000,255.43990000,0,0,0,1,
	1.81168300,3.90617400,3.58920000,5.21254200,25.92008000,253.59990000,0,0,0,1,
	1.81948600,3.90617400,3.58920000,5.21254200,25.68008000,251.91990000,0,0,0,1,
	1.82454000,3.74135100,3.58459900,5.13522700,25.44008000,249.27990000,0,0,0,1,
	1.83041000,3.74135100,3.58459900,5.13522700,25.20008000,247.75990000,0,0,0,1,
	1.83498900,3.74135100,3.58459900,5.13522700,25.04008000,245.99990000,0,0,0,1,
	1.84076600,3.74135100,3.58459900,5.13522700,24.88008000,244.95990000,0,0,0,1,
	1.84604000,3.58431400,3.57360000,5.04078800,24.72009000,243.35990000,0,0,0,1,
	1.85213600,3.58431400,3.57360000,5.04078800,24.56008000,241.67990000,0,0,0,1,
	1.85824200,3.58431400,3.57360000,5.04078800,24.40008000,240.39990000,0,0,0,1,
	1.86428000,3.43408200,3.55620000,4.93433600,24.24009000,239.03990000,0,0,0,1,
	1.86831400,3.43408200,3.55620000,4.93433600,24.08009000,237.75990000,0,0,0,1,
	1.87351300,3.43408200,3.55620000,4.93433600,24.00008000,236.79990000,0,0,0,1,
	1.87953400,3.43408200,3.55620000,4.93433600,23.92008000,235.99990000,0,0,0,1,
	1.88549300,3.29123900,3.53240000,4.81675300,23.84008000,234.87990000,0,0,0,1,
	1.88961500,3.29123900,3.53240000,4.81675300,23.68008000,233.83990000,0,0,0,1,
	1.89804300,3.29123900,3.53240000,4.81675300,23.68008000,233.27990000,0,0,0,1,
	1.90270400,3.29123900,3.53240000,4.81675300,23.60008000,232.47990000,0,0,0,1,
	1.90795300,3.15381900,3.50220000,4.69195000,23.52008000,232.07990000,0,0,0,1,
	1.91299500,3.15381900,3.50220000,4.69195000,23.52008000,231.75990000,0,0,0,1,
	1.91602100,3.15381900,3.50220000,4.69195000,23.52009000,231.67990000,0,0,0,1,
	1.91948000,3.15381900,3.50220000,4.69195000,23.52009000,231.67990000,0,0,0,1,
	1.92234300,3.15381900,3.50220000,4.69195000,23.52009000,231.67990000,0,0,0,1,
	1.92706100,3.01719900,3.50044000,4.56613300,23.52009000,231.67990000,0,0,0,1,
	1.93045600,3.01719900,3.50044000,4.56613300,23.52009000,231.67990000,0,0,0,1,
	1.93553100,3.01719900,3.50044000,4.56613300,23.52009000,231.67990000,0,0,0,1,
	1.94032000,3.01719900,3.50044000,4.56613300,23.52008000,231.83990000,0,0,0,1,
	1.94405500,2.88057900,3.61104000,4.44031500,23.52008000,231.91990000,0,0,0,1,
	1.94955300,2.88057900,3.61104000,4.44031500,23.44008000,232.15990000,0,0,0,1,
	1.95762500,2.88057900,3.61104000,4.44031500,23.44008000,232.47990000,0,0,1,1,
	1.96642600,2.74396000,3.71524000,4.31449700,23.44008000,233.19990000,0,0,1,0,
	1.97826700,2.74396000,3.71524000,4.31449700,23.44008000,234.39990000,0,0,1,0,
	1.98807800,2.58398900,3.81304000,4.22271500,23.44009000,236.39990000,0,0,1,0,
	1.99333800,2.58398900,3.81304000,4.22271500,23.44008000,238.23990000,0,0,1,0,
	1.99925600,2.58398900,3.81304000,4.22271500,23.44008000,239.35990000,0,0,1,0,
	2.00522100,2.41591300,3.90444000,4.14452300,23.44008000,240.71990000,0,0,1,0,
	2.01134800,2.41591300,3.90444000,4.14452300,23.44009000,242.07990000,0,0,1,0,
	2.01617600,2.41591300,3.90444000,4.14452300,23.44008000,243.51990000,0,0,1,0,
	2.02072000,2.41591300,3.90444000,4.14452300,23.44008000,244.47990000,0,0,1,0,
	2.02633400,2.24066000,3.98944000,4.08096700,23.44008000,245.75990000,0,0,1,0,
	2.03229500,2.24066000,3.98944000,4.08096700,23.36008000,247.35990000,0,0,1,0,
	2.03835000,2.24066000,3.98944000,4.08096700,23.36009000,248.79990000,0,0,1,0,
	2.04712700,2.05957000,4.06804000,4.03273000,23.36008000,250.79990000,0,0,1,0,
	2.05273700,2.05957000,4.06804000,4.03273000,23.36008000,253.67990000,0,0,1,0,
	2.05797200,2.05957000,4.06804000,4.03273000,23.36008000,255.11990000,0,0,1,0,
	2.06265100,2.05957000,4.06804000,4.03273000,23.36008000,256.79990000,0,0,1,0,
	2.06815400,1.87231300,4.14024000,4.00858300,23.36008000,258.40000000,0,0,1,0,
	2.07432000,1.87231300,4.14024000,4.00858300,23.36008000,260.40000000,0,0,1,0,
	2.08033000,1.87231300,4.14024000,4.00858300,23.36008000,262.40000000,0,0,1,0,
	2.08422700,1.68244200,4.20604000,4.00403300,23.36008000,264.40000000,0,0,1,0,
	2.09007200,1.68244200,4.20604000,4.00403300,23.36008000,265.68000000,0,0,1,0,
	2.09630000,1.68244200,4.20604000,4.00403300,23.36008000,267.67990000,0,0,1,0,
	2.10228100,1.68244200,4.20604000,4.00403300,23.36008000,269.68000000,0,0,1,0,
	2.10852600,1.49209300,4.26544000,4.02282200,23.36008000,271.44000000,0,0,1,0,
	2.11503400,1.49209300,4.26544000,4.02282200,23.36008000,273.43990000,0,0,1,0,
	2.12007200,1.49209300,4.26544000,4.02282200,23.44008000,275.36000000,0,0,1,0,
	2.12477900,1.30327600,4.31844000,4.05916700,23.44008000,276.72000000,0,0,1,0,
	2.13156200,1.30327600,4.31844000,4.05916700,23.44008000,278.08000000,0,0,1,0,
	2.13682000,1.30327600,4.31844000,4.05916700,23.44009000,280.08000000,0,0,1,0,
	2.14278700,1.30327600,4.31844000,4.05916700,23.44008000,281.43990000,0,0,1,0,
	2.14697400,1.11853300,4.36504000,4.11687800,23.52008000,283.20000000,0,0,1,0,
	2.15250400,1.11853300,4.36504000,4.11687800,23.52009000,284.31990000,0,0,1,0,
	2.15829000,1.11853300,4.36504000,4.11687800,23.52009000,286.08000000,0,0,1,0,
	2.16393600,0.93810320,4.40524000,4.18936900,23.60008000,287.75990000,0,0,1,0,
	2.17123200,0.93810320,4.40524000,4.18936900,23.60008000,289.11990000,0,0,1,0,
	2.17820100,0.93810320,4.40524000,4.18936900,23.60008000,291.28000000,0,0,1,0,
	2.18363500,0.93810320,4.40524000,4.18936900,23.60008000,293.27990000,0,0,1,0,
	2.18775400,0.76646140,4.43904000,4.28350000,23.68008000,294.63990000,0,0,1,0,
	2.19351100,0.76646140,4.43904000,4.28350000,23.68008000,295.67990000,0,0,1,0,
	2.19958100,0.76646140,4.43904000,4.28350000,23.68008000,297.27990000,0,0,1,0,
	2.20629100,0.60164280,4.46644000,4.39071000,23.68008000,298.95990000,0,0,1,0,
	2.21316600,0.60164280,4.46644000,4.39071000,23.68008000,300.55990000,0,0,1,0,
	2.21955600,0.60164280,4.46644000,4.39071000,23.68008000,302.23990000,0,0,1,0,
	2.22406300,0.44511590,4.48744000,4.51118400,23.68008000,303.51990000,0,0,1,0,
	2.22971800,0.44511590,4.48744000,4.51118400,23.68008000,304.39990000,0,0,1,0,
	2.23536800,0.44511590,4.48744000,4.51118400,23.68008000,305.75990000,0,0,1,0,
	2.24070700,0.44511590,4.48744000,4.51118400,23.60008000,307.03990000,0,0,1,0,
	2.24645900,0.29739130,4.50203900,4.64366300,23.60008000,307.83990000,0,0,1,0,
	2.25199500,0.29739130,4.50203900,4.64366300,23.60008000,308.95990000,0,0,1,0,
	2.25863100,0.29739130,4.50203900,4.64366300,23.52008000,309.99990000,0,0,1,0,
	2.26377900,0.29739130,4.50203900,4.64366300,23.52009000,311.27990000,0,0,1,0,
	2.26940600,0.15957930,4.51024000,4.78770900,23.52009000,312.23990000,0,0,1,0,
	2.27555000,0.15957930,4.51024000,4.78770900,23.52009000,313.27990000,0,0,1,0,
	2.28235400,0.15957930,4.51024000,4.78770900,23.52008000,314.39990000,0,0,1,0,
	2.28667500,0.02995236,4.51204000,4.94008800,23.52008000,315.59990000,0,0,1,0,
	2.29226800,0.02995236,4.51204000,4.94008800,23.52008000,316.39990000,0,0,1,0,
	2.29775900,0.02995236,4.51204000,4.94008800,23.60008000,317.43990000,0,0,1,0,
	2.30318000,0.02995236,4.51204000,4.94008800,23.60008000,318.39990000,0,0,1,0,
	2.31054800,-0.08971489,4.50744000,5.10143400,23.68008000,319.43990000,0,0,1,0,
	2.31670600,-0.08971489,4.50744000,5.10143400,23.76008000,320.71990000,0,0,1,0,
	2.32226200,-0.08971489,4.50744000,5.10143400,23.84008000,321.75990000,0,0,1,0,
	2.32671400,-0.20037270,4.49643900,5.26991100,23.92008000,322.71990000,0,0,1,0,
	2.33251100,-0.20037270,4.49643900,5.26991100,24.00008000,323.59990000,0,0,1,0,
	2.33814400,-0.20037270,4.49643900,5.26991100,24.08009000,324.71990000,0,0,1,0,
	2.34464700,-0.30253970,4.47904000,5.44440000,24.16008000,325.67990000,0,0,1,0,
	2.35123400,-0.30253970,4.47904000,5.44440000,24.16008000,326.71990000,0,0,1,0,
	2.35544300,-0.30253970,4.47904000,5.44440000,24.32008000,327.91990000,0,0,1,0,
	2.36060100,-0.30253970,4.47904000,5.44440000,24.32008000,328.71990000,0,0,1,0,
	2.36670300,-0.39271610,4.45524000,5.62632600,24.48008000,329.67990000,0,0,1,0,
	2.37333300,-0.39271610,4.45524000,5.62632600,24.56008000,330.87990000,0,0,1,0,
	2.37954200,-0.39271610,4.45524000,5.62632600,24.72008000,332.39990000,0,0,1,0,
	2.38375400,-0.39271610,4.45524000,5.62632600,24.88008000,333.91990000,0,0,1,0,
	2.38939600,-0.46648060,4.42504000,5.81663100,24.96008000,334.87990000,0,0,1,0,
	2.39533800,-0.46648060,4.42504000,5.81663100,25.12008000,336.31990000,0,0,1,0,
	2.40124200,-0.46648060,4.42504000,5.81663100,25.28008000,337.83990000,0,0,1,0,
	2.40771900,-0.52573720,4.38844000,6.01285300,25.44008000,339.27990000,0,0,1,0,
	2.41448100,-0.52573720,4.38844000,6.01285300,25.60008000,340.87990000,0,0,1,0,
	2.41914500,-0.52573720,4.38844000,6.01285300,25.76008000,342.55990000,0,0,1,0,
	2.42350100,-0.52573720,4.38844000,6.01285300,25.84008000,343.51990000,0,0,1,0,
	2.42941900,-0.56641100,4.34543900,6.21485700,25.92008000,344.71990000,0,0,1,0,
	2.43509200,-0.56641100,4.34543900,6.21485700,26.08008000,345.99990000,0,0,1,0,
	2.44065500,-0.56641100,4.34543900,6.21485700,26.16009000,347.35990000,0,0,1,0,
	2.44539100,-0.59418760,4.29604000,6.41979600,26.32008000,348.39990000,0,0,1,0,
	2.45147100,-0.59418760,4.29604000,6.41979600,26.40008000,349.43990000,0,0,1,0,
	2.45680600,-0.59418760,4.29604000,6.41979600,26.56008000,350.79990000,0,0,1,0,
	2.46274700,-0.59418760,4.29604000,6.41979600,26.72008000,351.91990000,0,0,1,0,
	2.47100000,-0.60454680,4.24024000,6.62735000,26.96008000,353.27980000,0,0,1,0,
	2.47816100,-0.60454680,4.24024000,6.62735000,27.20008000,355.03990000,0,0,1,0,
	2.48457100,-0.60101810,4.17804000,6.83583500,27.60008000,357.11980000,0,0,1,0,
	2.49080700,-0.60101810,4.17804000,6.83583500,27.84008000,358.55980000,0,0,1,0,
	2.50058600,-0.60101810,4.17804000,6.83583500,28.08008000,-0.00015391,0,0,1,0,
	2.50623200,-0.57769600,4.10943900,7.04403400,28.48008000,2.55985600,0,0,1,0,
	2.51493500,-0.57769600,4.10943900,7.04403400,28.72008000,3.99985100,0,0,1,0,
	2.52156500,-0.57769600,4.10943900,7.04403400,29.04008000,5.67983200,0,0,1,0,
	2.52749800,-0.53749500,4.03444000,7.25056200,29.28008000,7.19982100,0,0,1,0,
	2.53509100,-0.53749500,4.03444000,7.25056200,29.52008000,8.31980800,0,0,1,0,
	2.54127900,-0.53749500,4.03444000,7.25056200,29.76008000,9.67980900,0,0,1,0,
	2.54855800,-0.48426670,3.95304000,7.45488400,29.92008000,10.79980000,0,0,1,0,
	2.55448200,-0.48426670,3.95304000,7.45488400,30.08008000,11.75979000,0,0,1,0,
	2.56253200,-0.48426670,3.95304000,7.45488400,30.24008000,12.63979000,0,0,1,0,
	2.56840500,-0.42126540,4.06364000,7.65702000,30.48007000,13.51980000,0,0,1,0,
	2.57403100,-0.42126540,4.06364000,7.65702000,30.64008000,14.15981000,0,0,1,0,
	2.57854900,-0.42126540,4.06364000,7.65702000,30.72008000,14.55982000,0,0,1,0,
	2.58313300,-0.42126540,4.06364000,7.65702000,30.80008000,14.79980000,0,0,1,0,
	2.58793800,-0.35283380,4.16784000,7.85775000,30.88008000,15.03979000,0,0,1,0,
	2.59118100,-0.35283380,4.16784000,7.85775000,30.88007000,15.11978000,0,0,1,0,
	2.59506900,-0.35283380,4.16784000,7.85775000,30.88007000,15.11978000,0,0,1,0,
	2.59766300,-0.35283380,4.16784000,7.85775000,30.88007000,15.11978000,0,0,1,0,
	2.60148100,-0.35283380,4.16784000,7.85775000,30.88007000,15.11978000,0,0,1,0,
	2.60414100,-0.28411700,4.26563900,8.05840300,30.88007000,15.11978000,0,0,1,0,
	2.61114900,-0.28411700,4.26563900,8.05840300,30.88007000,15.11978000,0,0,1,1,
	2.61869800,-0.28411700,4.26563900,8.05840300,30.96008000,14.87979000,0,0,1,1,
	2.62637100,-0.21540020,4.35703900,8.25905600,31.04008000,14.39977000,0,0,0,1,
	2.63498500,-0.21540020,4.35703900,8.25905600,31.12008000,13.59979000,0,0,0,1,
	2.63949800,-0.21540020,4.35703900,8.25905600,31.12007000,12.47980000,0,0,0,1,
	2.64467800,-0.18723560,4.44203900,8.46882400,31.12008000,11.43979000,0,0,0,1,
	2.65273600,-0.18723560,4.44203900,8.46882400,31.04008000,10.31980000,0,0,0,1,
	2.65850400,-0.18723560,4.44203900,8.46882400,30.80008000,8.23981300,0,0,0,1,
	2.66469700,-0.17691260,4.52063900,8.68114400,30.56008000,6.55980500,0,0,0,1,
	2.67156300,-0.17691260,4.52063900,8.68114400,30.32008000,4.87982500,0,0,0,1,
	2.67566200,-0.17691260,4.52063900,8.68114400,29.92008000,2.63982400,0,0,0,1,
	2.68118800,-0.17691260,4.52063900,8.68114400,29.68008000,1.67982700,0,0,0,1,
	2.68669000,-0.19091310,4.59283900,8.89448100,29.36008000,-0.00015391,0,0,0,1,
	2.69259000,-0.19091310,4.59283900,8.89448100,28.96008000,358.55980000,0,0,0,1,
	2.69737100,-0.19091310,4.59283900,8.89448100,28.64008000,357.11980000,0,0,0,1,
	2.70247400,-0.19091310,4.59283900,8.89448100,28.40008000,356.15990000,0,0,0,1,
	2.70823400,-0.22220230,4.65863900,9.10693100,28.24008000,355.35990000,0,0,0,1,
	2.71374100,-0.22220230,4.65863900,9.10693100,28.00008000,354.47990000,0,0,0,1,
	2.71938900,-0.22220230,4.65863900,9.10693100,27.84008000,354.07990000,0,0,0,1,
	2.72295800,-0.22220230,4.65863900,9.10693100,27.76008000,353.75990000,0,0,0,1,
	2.72717700,-0.25974790,4.71804000,9.31874600,27.68008000,353.67990000,0,0,0,1,
	2.73074300,-0.25974790,4.71804000,9.31874600,27.68008000,353.67990000,0,0,0,1,
	2.73554000,-0.25974790,4.71804000,9.31874600,27.68008000,353.67990000,0,0,0,1,
	2.74054100,-0.25974790,4.71804000,9.31874600,27.68008000,353.75990000,0,0,0,1,
	2.74475500,-0.29729340,4.77103900,9.53056000,27.60008000,353.83980000,0,0,0,1,
	2.75425000,-0.29729340,4.77103900,9.53056000,27.52008000,353.99980000,0,0,1,1,
	2.76503200,-0.33483890,4.81763900,9.74237500,27.36008000,354.31990000,0,0,1,0,
	2.77227800,-0.33483890,4.81763900,9.74237500,27.20008000,355.27980000,0,0,1,0,
	2.77837400,-0.33483890,4.81763900,9.74237500,27.12008000,356.07980000,0,0,1,0,
	2.78366500,-0.33483890,4.81763900,9.74237500,27.12008000,356.95980000,0,0,1,0,
	2.79034500,-0.32923560,4.85783900,9.95729600,27.04008000,357.75980000,0,0,1,0,
	2.79728200,-0.32923560,4.85783900,9.95729600,27.04008000,359.11980000,0,0,1,0,
	2.80356600,-0.32923560,4.85783900,9.95729600,27.04008000,0.79979800,0,0,1,0,
	2.80977900,-0.30742820,4.89163900,10.17203000,27.04008000,2.07980300,0,0,1,0,
	2.81599500,-0.30742820,4.89163900,10.17203000,27.04008000,3.83980700,0,0,1,0,
	2.82069500,-0.30742820,4.89163900,10.17203000,27.04008000,5.43981800,0,0,1,0,
	2.82741900,-0.26731950,4.91903900,10.38506000,27.04008000,6.95980900,0,0,1,0,
	2.83316300,-0.26731950,4.91903900,10.38506000,27.04008000,8.95979900,0,0,1,0,
	2.83890800,-0.26731950,4.91903900,10.38506000,27.04008000,10.71983000,0,0,1,0,
	2.84543500,-0.20845520,4.94003900,10.59466000,27.04008000,11.99980000,0,0,1,0,
	2.85188800,-0.20845520,4.94003900,10.59466000,26.96008000,13.99982000,0,0,1,0,
	2.85635200,-0.20845520,4.94003900,10.59466000,26.96008000,15.75982000,0,0,1,0,
	2.86141900,-0.20845520,4.94003900,10.59466000,26.96008000,17.03983000,0,0,1,0,
	2.86724000,-0.12621080,4.95463900,10.79755000,26.96008000,18.39980000,0,0,1,0,
	2.87327600,-0.12621080,4.95463900,10.79755000,26.96008000,19.91979000,0,0,1,0,
	2.87934500,-0.12621080,4.95463900,10.79755000,26.96008000,21.51981000,0,0,1,0,
	2.88333500,-0.12621080,4.95463900,10.79755000,26.96008000,22.95980000,0,0,1,0,
	2.88921600,-0.02355814,4.96283900,10.99218000,26.96008000,24.15981000,0,0,1,0,
	2.89516400,-0.02355814,4.96283900,10.99218000,26.96008000,25.59983000,0,0,1,0,
	2.90169500,-0.02355814,4.96283900,10.99218000,27.04008000,26.95980000,0,0,1,0,
	2.90819600,0.09386782,4.96463900,11.17928000,27.12008000,28.47980000,0,0,1,0,
	2.91369400,0.09386782,4.96463900,11.17928000,27.20008000,30.07981000,0,0,1,0,
	2.91895700,0.09386782,4.96463900,11.17928000,27.36008000,31.03980000,0,0,1,0,
	2.92455200,0.22293650,4.96003900,11.35941000,27.44008000,31.99977000,0,0,1,0,
	2.93037600,0.22293650,4.96003900,11.35941000,27.52008000,33.11979000,0,0,1,0,
	2.93567000,0.22293650,4.96003900,11.35941000,27.60008000,33.99979000,0,0,1,0,
	2.94107700,0.22293650,4.96003900,11.35941000,27.68008000,34.63981000,0,0,1,0,
	2.94534000,0.36225680,4.94903900,11.53263000,27.76008000,35.19980000,0,0,1,0,
	2.95045300,0.36225680,4.94903900,11.53263000,27.84008000,35.59980000,0,0,1,0,
	2.95664700,0.36225680,4.94903900,11.53263000,27.84008000,35.91978000,0,0,1,0,
	2.96072500,0.36225680,4.94903900,11.53263000,27.92008000,36.31979000,0,0,1,0,
	2.96573100,0.50533930,4.93163900,11.70311000,27.92008000,36.39978000,0,0,1,0,
	2.97102000,0.50533930,4.93163900,11.70311000,28.00008000,36.63977000,0,0,1,0,
	2.97648700,0.50533930,4.93163900,11.70311000,28.00008000,36.95978000,0,0,1,0,
	2.98169200,0.50533930,4.93163900,11.70311000,28.08008000,37.11977000,0,0,1,0,
	2.98627400,0.65139530,4.90783900,11.87135000,28.08008000,37.35978000,0,0,1,0,
	2.99131900,0.65139530,4.90783900,11.87135000,28.16008000,37.59977000,0,0,1,0,
	2.99518700,0.65139530,4.90783900,11.87135000,28.16008000,37.75975000,0,0,1,0,
	2.99951900,0.65139530,4.90783900,11.87135000,28.24008000,37.99974000,0,0,1,0,
	3.00456100,0.79990340,4.87763900,12.03768000,28.24008000,38.15976000,0,0,1,0,
	3.00865800,0.79990340,4.87763900,12.03768000,28.32008000,38.39975000,0,0,1,0,
	3.01342700,0.79990340,4.87763900,12.03768000,28.32008000,38.55976000,0,0,1,0,
	3.01895600,0.79990340,4.87763900,12.03768000,28.32008000,38.71975000,0,0,1,0,
	3.02324500,0.79990340,4.87763900,12.03768000,28.40008000,38.95974000,0,0,1,0,
	3.02777700,0.95108020,4.84103900,12.20188000,28.40008000,39.03973000,0,0,1,0,
	3.03293600,0.95108020,4.84103900,12.20188000,28.40008000,39.11973000,0,0,1,0,
	3.03667700,0.95108020,4.84103900,12.20188000,28.40008000,39.19970000,0,0,1,0,
	3.04141700,0.95108020,4.84103900,12.20188000,28.40008000,39.27969000,0,0,1,0,
	3.04668000,1.10298000,4.79803900,12.36549000,28.48008000,39.27969000,0,0,1,0,
	3.05011600,1.10298000,4.79803900,12.36549000,28.48008000,39.27969000,0,0,1,0,
	3.05383300,1.10298000,4.79803900,12.36549000,28.48008000,39.27969000,0,0,1,0,
	3.05678200,1.10298000,4.79803900,12.36549000,28.48008000,39.27969000,0,0,1,0,
	3.06068800,1.10298000,4.79803900,12.36549000,28.48008000,39.27969000,0,0,1,0,
	3.06321100,1.10298000,4.79803900,12.36549000,28.48008000,39.27969000,0,0,1,0,
	3.06692400,1.25488000,4.90863900,12.52909000,28.48008000,39.27969000,0,0,1,0,
	3.07019300,1.25488000,4.90863900,12.52909000,28.48008000,39.27969000,0,0,1,0,
	3.07402000,1.25488000,4.90863900,12.52909000,28.48008000,39.27969000,0,0,1,0,
	3.07657700,1.25488000,4.90863900,12.52909000,28.48008000,39.27969000,0,0,1,0,
	3.07997600,1.25488000,4.90863900,12.52909000,28.48008000,39.27969000,0,0,1,0,
	3.08366800,1.25488000,4.90863900,12.52909000,28.48008000,39.27969000,0,0,1,0,
	3.08823600,1.40678000,5.01283900,12.69270000,28.56008000,39.19970000,0,0,1,0,
	3.09211900,1.40678000,5.01283900,12.69270000,28.64008000,39.11973000,0,0,1,0,
	3.09673900,1.40678000,5.01283900,12.69270000,28.64008000,39.03973000,0,0,1,0,
	3.10158500,1.40678000,5.01283900,12.69270000,28.72008000,38.87971000,0,0,1,0,
	3.10976700,1.55867900,5.11063900,12.85631000,28.80008000,38.71973000,0,0,1,1,
	3.11737000,1.55867900,5.11063900,12.85631000,28.88008000,38.23973000,0,0,1,1,
	3.12378400,1.55867900,5.11063900,12.85631000,29.04008000,37.51972000,0,0,1,1,
	3.13070600,1.71057900,5.20203900,13.01991000,29.12008000,36.79971000,0,0,0,1,
	3.13841100,1.71057900,5.20203900,13.01991000,29.20008000,35.83971000,0,0,0,1,
	3.14431100,1.83856600,5.28703900,13.20037000,29.28008000,34.55973000,0,0,0,1,
	3.15076100,1.83856600,5.28703900,13.20037000,29.28008000,33.35972000,0,0,0,1,
	3.15454000,1.83856600,5.28703900,13.20037000,29.28008000,32.07971000,0,0,0,1,
	3.16055300,1.83856600,5.28703900,13.20037000,29.28008000,31.19971000,0,0,0,1,
	3.16641700,1.93639600,5.36563900,13.39967000,29.28008000,29.75969000,0,0,0,1,
	3.17265600,1.93639600,5.36563900,13.39967000,29.28008000,27.99969000,0,0,0,1,
	3.17929900,1.93639600,5.36563900,13.39967000,29.28008000,25.99970000,0,0,0,1,
	3.18533700,2.01328200,5.43783900,13.60908000,29.20008000,23.75970000,0,0,0,1,
	3.19068500,2.01328200,5.43783900,13.60908000,29.04008000,21.67971000,0,0,0,1,
	3.19553900,2.01328200,5.43783900,13.60908000,28.96008000,19.91971000,0,0,0,1,
	3.20247700,2.01328200,5.43783900,13.60908000,28.80007000,18.07971000,0,0,0,1,
	3.20767600,2.05943900,5.50363900,13.82878000,28.56008000,15.43971000,0,0,0,1,
	3.21355700,2.05943900,5.50363900,13.82878000,28.40008000,13.83970000,0,0,0,1,
	3.21800300,2.05943900,5.50363900,13.82878000,28.16008000,11.43970000,0,0,0,1,
	3.22326200,2.05943900,5.50363900,13.82878000,28.00008000,9.83969000,0,0,0,1,
	3.22975400,2.07506200,5.56303900,14.05412000,27.68008000,7.51969400,0,0,0,1,
	3.23567100,2.07506200,5.56303900,14.05412000,27.44008000,5.19966900,0,0,0,1,
	3.24127700,2.07506200,5.56303900,14.05412000,27.12008000,2.79967800,0,0,0,1,
	3.24524500,2.06359200,5.61603900,14.28084000,26.80008000,0.63967080,0,0,0,1,
	3.25031900,2.06359200,5.61603900,14.28084000,26.56008000,358.79970000,0,0,0,1,
	3.25542800,2.06359200,5.61603900,14.28084000,26.24008000,356.87970000,0,0,0,1,
	3.26247600,2.06359200,5.61603900,14.28084000,26.00008000,354.87970000,0,0,0,1,
	3.26822800,2.01830600,5.66263900,14.50475000,25.52008000,352.07970000,0,0,0,1,
	3.27270400,2.01830600,5.66263900,14.50475000,25.12008000,349.67970000,0,0,0,1,
	3.27811700,2.01830600,5.66263900,14.50475000,24.96008000,348.15970000,0,0,0,1,
	3.28351000,2.01830600,5.66263900,14.50475000,24.48008000,345.75970000,0,0,0,1,
	3.28846500,1.94070200,5.70283800,14.72111000,24.16008000,343.75970000,0,0,0,1,
	3.29347300,1.94070200,5.70283800,14.72111000,23.92008000,342.31970000,0,0,0,1,
	3.29874600,1.94070200,5.70283800,14.72111000,23.52008000,339.99970000,0,0,0,1,
	3.30530600,1.84287300,5.73663900,14.93016000,23.28008000,338.39970000,0,0,0,1,
	3.31121800,1.84287300,5.73663900,14.93016000,22.80009000,335.99970000,0,0,0,1,
	3.31695400,1.84287300,5.73663900,14.93016000,22.48008000,334.23970000,0,0,0,1,
	3.32116500,1.84287300,5.73663900,14.93016000,22.24008000,333.03970000,0,0,0,1,
	3.32640400,1.72123900,5.76403900,15.12772000,22.00008000,331.83970000,0,0,0,1,
	3.33441300,1.72123900,5.76403900,15.12772000,21.84008000,331.11970000,0,0,1,1,
	3.34102300,1.72123900,5.76403900,15.12772000,21.60008000,330.23970000,0,0,1,1,
	3.34562700,1.59705700,5.78503800,15.32387000,21.52008000,330.07970000,0,0,1,0,
	3.35248600,1.59705700,5.78503800,15.32387000,21.52008000,330.07970000,0,0,1,0,
	3.35694600,1.59705700,5.78503800,15.32387000,21.44009000,330.23970000,0,0,1,0,
	3.36239200,1.59705700,5.78503800,15.32387000,21.36009000,330.47960000,0,0,1,0,
	3.36788700,1.49634200,5.79963800,15.53344000,21.28009000,330.87960000,0,0,1,0,
	3.37368200,1.49634200,5.79963800,15.53344000,21.20009000,331.35960000,0,0,1,0,
	3.37740100,1.49634200,5.79963800,15.53344000,21.20009000,332.15960000,0,0,1,0,
	3.38248400,1.49634200,5.79963800,15.53344000,21.12009000,332.79970000,0,0,1,0,
	3.38775300,1.40542000,5.80783800,15.74808000,21.12008000,333.59960000,0,0,1,0,
	3.39436900,1.40542000,5.80783800,15.74808000,21.04009000,334.55960000,0,0,1,0,
	3.39876300,1.40542000,5.80783800,15.74808000,21.04009000,336.15960000,0,0,1,0,
	3.40358500,1.40542000,5.80783800,15.74808000,21.04009000,336.95960000,0,0,1,0,
	3.40873200,1.33181500,5.80963900,15.97024000,21.04009000,338.23960000,0,0,1,0,
	3.41553600,1.33181500,5.80963900,15.97024000,21.04009000,339.67960000,0,0,1,0,
	3.42151000,1.33181500,5.80963900,15.97024000,21.04008000,341.35960000,0,0,1,0,
	3.42534900,1.27616400,5.80503800,16.19846000,21.04008000,342.87960000,0,0,1,0,
	3.43159400,1.27616400,5.80503800,16.19846000,21.04009000,343.99960000,0,0,1,0,
	3.43723800,1.27616400,5.80503800,16.19846000,21.12008000,345.43960000,0,0,1,0,
	3.44367000,1.27616400,5.80503800,16.19846000,21.12009000,346.79960000,0,0,1,0,
	3.44833500,1.24218500,5.79403800,16.43197000,21.20009000,348.31960000,0,0,1,0,
	3.45348000,1.24218500,5.79403800,16.43197000,21.36009000,349.27960000,0,0,1,0,
	3.45929100,1.24218500,5.79403800,16.43197000,21.44009000,350.23960000,0,0,1,0,
	3.47062600,1.21956300,5.77663900,16.66745000,21.52008000,351.11960000,0,0,1,1,
	3.47887600,1.21956300,5.77663900,16.66745000,21.76008000,352.39960000,0,0,1,1,
	3.48475300,1.19694100,5.75283900,16.90293000,21.92009000,352.79960000,0,0,1,1,
	3.48804400,1.19694100,5.75283900,16.90293000,22.00008000,352.87950000,0,0,1,1,
	3.49427900,1.19694100,5.75283900,16.90293000,22.00008000,352.87950000,0,0,0,1,
	3.50154000,1.19694100,5.75283900,16.90293000,22.08008000,352.79960000,0,0,0,1,
	3.50767300,1.15178600,5.72263900,17.13548000,22.24009000,352.39960000,0,0,0,1,
	3.51338700,1.15178600,5.72263900,17.13548000,22.40009000,351.99960000,0,0,0,1,
	3.51950300,1.15178600,5.72263900,17.13548000,22.56009000,351.27960000,0,0,0,1,
	3.52570700,1.09846900,5.68603800,17.36675000,22.80008000,350.39950000,0,0,0,1,
	3.53241900,1.09846900,5.68603800,17.36675000,22.88008000,349.51960000,0,0,0,1,
	3.53721200,1.09846900,5.68603800,17.36675000,23.04009000,348.23960000,0,0,0,1,
	3.54275500,1.09846900,5.68603800,17.36675000,23.20008000,347.19960000,0,0,0,1,
	3.54822700,1.02767000,5.64303800,17.59420000,23.28008000,346.07960000,0,0,0,1,
	3.55393300,1.02767000,5.64303800,17.59420000,23.36008000,344.71960000,0,0,0,1,
	3.56117000,1.02767000,5.64303800,17.59420000,23.36008000,343.59960000,0,0,0,1,
	3.56758700,0.94125190,5.59363800,17.81702000,23.36008000,342.15960000,0,0,0,1,
	3.57471200,0.94125190,5.59363800,17.81702000,23.44008000,341.03960000,0,0,0,1,
	3.57854400,0.94125190,5.59363800,17.81702000,23.44008000,339.67960000,0,0,0,1,
	3.58368500,0.94125190,5.59363800,17.81702000,23.44009000,339.19960000,0,0,0,1,
	3.58969400,0.84105150,5.70423800,18.03478000,23.44008000,338.63960000,0,0,0,1,
	3.59582400,0.84105150,5.70423800,18.03478000,23.52008000,337.99960000,0,0,0,1,
	3.59871800,0.84105150,5.70423800,18.03478000,23.52008000,337.75960000,0,0,0,1,
	3.60367800,0.84105150,5.70423800,18.03478000,23.52008000,337.75960000,0,0,1,1,
	3.60960100,0.73744340,5.80843800,18.25117000,23.52008000,337.75960000,0,0,1,1,
	3.61493900,0.73744340,5.80843800,18.25117000,23.60008000,337.75960000,0,0,1,0,
	3.62085700,0.73744340,5.80843800,18.25117000,23.60008000,337.91960000,0,0,1,0,
	3.62570800,0.65471600,5.90623800,18.47597000,23.60008000,338.15960000,0,0,1,0,
	3.63150400,0.65471600,5.90623800,18.47597000,23.60008000,338.47960000,0,0,1,0,
	3.63791200,0.65471600,5.90623800,18.47597000,23.60008000,338.95960000,0,0,1,0,
	3.64375100,0.65471600,5.90623800,18.47597000,23.68008000,339.51960000,0,0,1,0,
	3.64769800,0.58711200,5.99763800,18.70655000,23.68009000,340.31960000,0,0,1,0,
	3.65368900,0.58711200,5.99763800,18.70655000,23.68009000,340.95960000,0,0,1,0,
	3.65953300,0.58711200,5.99763800,18.70655000,23.76008000,342.15960000,0,0,1,0,
	3.66573500,0.53133000,6.08263800,18.94090000,23.76008000,343.27960000,0,0,1,0,
	3.67357600,0.53133000,6.08263800,18.94090000,23.76008000,344.63960000,0,0,1,0,
	3.67932800,0.53133000,6.08263800,18.94090000,23.84008000,346.79960000,0,0,1,0,
	3.68412800,0.49683220,6.16123800,19.18026000,23.84008000,348.47960000,0,0,1,0,
	3.68937300,0.49683220,6.16123800,19.18026000,23.92008000,349.83960000,0,0,1,0,
	3.69531300,0.49683220,6.16123800,19.18026000,23.92009000,351.19960000,0,0,1,0,
	3.70088000,0.49683220,6.16123800,19.18026000,23.92008000,352.87950000,0,0,1,0,
	3.70729800,0.48641990,6.23343800,19.42296000,24.00008000,354.23950000,0,0,1,0,
	3.71346000,0.48641990,6.23343800,19.42296000,24.00008000,356.47950000,0,0,1,0,
	3.71742700,0.48641990,6.23343800,19.42296000,24.08008000,358.15950000,0,0,1,0,
	3.72335400,0.48641990,6.23343800,19.42296000,24.08009000,359.51950000,0,0,1,0,
	3.72953400,0.50551960,6.29923800,19.66637000,24.08008000,1.19950100,0,0,1,0,
	3.73614500,0.50551960,6.29923800,19.66637000,24.16008000,2.79948600,0,0,1,0,
	3.74180400,0.50551960,6.29923800,19.66637000,24.16008000,4.87947000,0,0,1,0,
	3.74699500,0.54704340,6.35863800,19.90792000,24.16008000,6.47948300,0,0,1,0,
	3.75152300,0.54704340,6.35863800,19.90792000,24.24008000,7.75948800,0,0,1,0,
	3.75710900,0.54704340,6.35863800,19.90792000,24.24008000,9.11946100,0,0,1,0,
	3.76328500,0.54704340,6.35863800,19.90792000,24.24008000,10.63945000,0,0,1,0,
	3.76768000,0.61249880,6.41163800,20.14524000,24.24009000,12.15944000,0,0,1,0,
	3.77343900,0.61249880,6.41163800,20.14524000,24.24008000,13.11944000,0,0,1,0,
	3.78116800,0.61249880,6.41163800,20.14524000,24.32009000,14.47944000,0,0,1,0,
	3.78789700,0.69423470,6.45823800,20.37825000,24.32008000,16.07942000,0,0,1,0,
	3.79316100,0.69423470,6.45823800,20.37825000,24.40008000,17.43942000,0,0,1,0,
	3.79867500,0.69423470,6.45823800,20.37825000,24.40008000,18.63943000,0,0,1,0,
	3.80522300,0.79003500,6.49843800,20.60659000,24.48009000,19.51943000,0,0,1,0,
	3.81098400,0.79003500,6.49843800,20.60659000,24.48009000,20.87943000,0,0,1,0,
	3.81553900,0.79003500,6.49843800,20.60659000,24.48008000,21.67941000,0,0,1,0,
	3.82051000,0.79003500,6.49843800,20.60659000,24.56008000,22.47939000,0,0,1,0,
	3.82648300,0.90090980,6.53223800,20.82887000,24.56008000,23.27940000,0,0,1,0,
	3.83279200,0.90090980,6.53223800,20.82887000,24.56008000,24.07938000,0,0,1,0,
	3.83953700,0.90090980,6.53223800,20.82887000,24.56008000,24.87935000,0,0,1,0,
	3.84579300,1.02152800,6.55963800,21.04663000,24.56008000,25.75936000,0,0,1,0,
	3.85234600,1.02152800,6.55963800,21.04663000,24.56008000,26.31935000,0,0,1,0,
	3.85629100,1.02152800,6.55963800,21.04663000,24.56008000,27.03936000,0,0,1,0,
	3.86267100,1.02152800,6.55963800,21.04663000,24.48008000,27.35937000,0,0,1,0,
	3.86894500,1.14988100,6.58063800,21.26043000,24.48009000,27.75937000,0,0,1,0,
	3.87454600,1.14988100,6.58063800,21.26043000,24.40008000,28.31937000,0,0,1,0,
	3.87876700,1.14988100,6.58063800,21.26043000,24.32009000,28.71937000,0,0,1,0,
	3.88346800,1.14988100,6.58063800,21.26043000,24.24008000,28.87936000,0,0,1,0,
	3.88851700,1.28372700,6.59523800,21.47123000,24.16008000,29.19937000,0,0,1,0,
	3.89476900,1.28372700,6.59523800,21.47123000,24.08009000,29.43936000,0,0,1,0,
	3.89841100,1.28372700,6.59523800,21.47123000,24.00008000,29.83936000,0,0,1,0,
	3.90441900,1.42029400,6.60343800,21.68047000,24.00008000,29.91933000,0,0,1,0,
	3.90961600,1.42029400,6.60343800,21.68047000,23.92009000,30.23933000,0,0,1,0,
	3.91508200,1.42029400,6.60343800,21.68047000,23.92008000,30.39935000,0,0,1,0,
	3.91869400,1.42029400,6.60343800,21.68047000,23.84008000,30.55934000,0,0,1,0,
	3.92355700,1.42029400,6.60343800,21.68047000,23.84008000,30.63934000,0,0,1,0,
	3.92788700,1.55986600,6.60523800,21.88795000,23.76008000,30.71934000,0,0,1,0,
	3.93264400,1.55986600,6.60523800,21.88795000,23.76008000,30.79930000,0,0,1,0,
	3.93671000,1.55986600,6.60523800,21.88795000,23.68008000,30.87929000,0,0,1,0,
	3.93936000,1.55986600,6.60523800,21.88795000,23.68008000,30.87929000,0,0,1,0,
	3.94408900,1.70003700,6.60063800,22.09507000,23.68008000,30.87929000,0,0,1,0,
	3.94873600,1.70003700,6.60063800,22.09507000,23.68008000,30.95929000,0,0,1,0,
	3.95294400,1.70003700,6.60063800,22.09507000,23.60008000,30.95930000,0,0,1,0,
	3.95723100,1.70003700,6.60063800,22.09507000,23.60008000,31.03929000,0,0,1,0,
	3.96058000,1.70003700,6.60063800,22.09507000,23.60008000,31.03929000,0,0,1,0,
	3.96532300,1.84110400,6.58963800,22.30166000,23.60008000,31.11925000,0,0,1,0,
	3.96898600,1.84110400,6.58963800,22.30166000,23.52008000,31.19925000,0,0,1,0,
	3.97361300,1.84110400,6.58963800,22.30166000,23.52008000,31.19925000,0,0,1,0,
	3.97850100,1.84110400,6.58963800,22.30166000,23.44009000,31.27924000,0,0,1,0,
	3.98134300,1.84110400,6.58963800,22.30166000,23.44008000,31.43924000,0,0,1,0,
	3.98580900,1.98336200,6.57223800,22.50751000,23.44008000,31.43924000,0,0,1,0,
	3.99056000,1.98336200,6.57223800,22.50751000,23.36008000,31.59925000,0,0,1,0,
	3.99441400,1.98336200,6.57223800,22.50751000,23.36008000,31.67922000,0,0,1,0,
	3.99942100,1.98336200,6.57223800,22.50751000,23.36008000,31.75922000,0,0,1,0,
	4.00401900,2.12740100,6.54843800,22.71227000,23.28008000,31.91921000,0,0,1,0,
	4.00815200,2.12740100,6.54843800,22.71227000,23.28008000,31.99920000,0,0,1,0,
	4.01284900,2.12740100,6.54843800,22.71227000,23.28008000,32.07920000,0,0,1,0,
	4.01566900,2.12740100,6.54843800,22.71227000,23.20008000,32.15917000,0,0,1,0,
	4.02010500,2.12740100,6.54843800,22.71227000,23.20008000,32.15917000,0,0,1,0,
	4.02308300,2.12740100,6.54843800,22.71227000,23.20008000,32.23916000,0,0,1,0,
	4.02742400,2.27262200,6.51823800,22.91628000,23.20008000,32.23916000,0,0,1,0,
	4.03063000,2.27262200,6.51823800,22.91628000,23.20008000,32.23916000,0,0,1,0,
	4.03438200,2.27262200,6.51823800,22.91628000,23.20008000,32.23916000,0,0,1,0,
	4.03680000,2.27262200,6.51823800,22.91628000,23.20008000,32.23916000,0,0,1,0,
	4.04039700,2.27262200,6.51823800,22.91628000,23.20008000,32.23916000,0,0,1,0,
	4.04300400,2.27262200,6.51823800,22.91628000,23.20008000,32.23916000,0,0,1,0,
	4.04667900,2.41784300,6.48163800,23.12030000,23.20008000,32.23916000,0,0,1,0,
	4.04991700,2.41784300,6.48163800,23.12030000,23.20008000,32.23916000,0,0,1,0,
	4.05339900,2.41784300,6.48163800,23.12030000,23.20008000,32.23916000,0,0,1,0,
	4.05610300,2.41784300,6.48163800,23.12030000,23.20008000,32.23916000,0,0,1,0,
	4.05901000,2.41784300,6.48163800,23.12030000,23.20008000,32.23916000,0,0,1,0,
	4.06261300,2.41784300,6.48163800,23.12030000,23.20008000,32.23916000,0,0,1,0,
	4.06548800,2.56306400,6.43863800,23.32431000,23.20008000,32.23916000,0,0,1,0,
	4.06991000,2.56306400,6.43863800,23.32431000,23.20008000,32.23916000,0,0,1,0,
	4.07255300,2.56306400,6.43863800,23.32431000,23.20008000,32.23916000,0,0,1,0,
	4.07721300,2.56306400,6.43863800,23.32431000,23.20008000,32.23916000,0,0,1,0,
	4.08231600,2.56306400,6.43863800,23.32431000,23.12008000,32.23916000,0,0,1,0,
	4.08513900,2.70828500,6.38923800,23.52833000,23.12009000,32.15917000,0,0,1,0,
	4.09233900,2.70828500,6.38923800,23.52833000,23.12009000,32.15917000,0,0,1,1,
	4.10012500,2.70828500,6.38923800,23.52833000,23.12009000,31.91918000,0,0,1,1,
	4.10691400,2.85350600,6.33343800,23.73234000,23.04009000,31.43918000,0,0,1,1,
	4.11272100,2.85350600,6.33343800,23.73234000,23.04009000,31.11917000,0,0,1,1,
	4.11971700,2.85350600,6.33343800,23.73234000,23.04008000,30.55918000,0,0,0,1,
	4.13284700,2.98659100,6.27123800,23.94331000,23.04008000,29.83917000,0,0,0,1,
	4.14191000,2.98659100,6.27123800,23.94331000,22.96008000,27.91915000,0,0,0,1,
	4.14739800,3.08469200,6.20263800,24.17243000,22.88008000,26.39916000,0,0,0,1,
	4.15342800,3.08469200,6.20263800,24.17243000,22.88008000,25.03918000,0,0,0,1,
	4.16073000,3.08469200,6.20263800,24.17243000,22.88008000,23.59919000,0,0,0,1,
	4.16847800,3.16491000,6.12763800,24.40929000,22.88008000,21.91918000,0,0,0,1,
	4.17475400,3.16491000,6.12763800,24.40929000,22.88008000,19.67920000,0,0,0,1,
	4.18143100,3.16491000,6.12763800,24.40929000,22.88008000,17.67919000,0,0,0,1,
	4.18755100,3.21782300,6.04623800,24.65478000,22.80009000,15.35919000,0,0,0,1,
	4.19480200,3.21782300,6.04623800,24.65478000,22.80008000,13.03917000,0,0,0,1,
	4.20244600,3.21782300,6.04623800,24.65478000,22.72008000,10.39916000,0,0,0,1,
	4.20825600,3.23426500,6.16924800,24.90646000,22.64009000,6.79916300,0,0,0,1,
	4.21623100,3.23426500,6.16924800,24.90646000,22.64008000,4.47916700,0,0,0,1,
	4.22368500,3.23426500,6.16924800,24.90646000,22.56008000,0.71914690,0,0,0,1,
	4.23028900,3.21003400,6.27344800,25.15861000,22.48008000,357.67910000,0,0,0,1,
	4.23648600,3.21003400,6.27344800,25.15861000,22.32008000,354.63910000,0,0,0,1,
	4.24276300,3.21003400,6.27344800,25.15861000,22.24009000,352.23910000,0,0,0,1,
	4.25044200,3.15213300,6.37124700,25.40634000,22.16009000,349.99910000,0,0,0,1,
	4.25756800,3.15213300,6.37124700,25.40634000,22.08008000,347.35910000,0,0,0,1,
	4.26561300,3.07420200,6.46264700,25.64926000,22.00009000,345.35910000,0,0,0,1,
	4.27154400,3.07420200,6.46264700,25.64926000,21.92009000,343.75910000,0,0,0,1,
	4.28330800,3.07420200,6.46264700,25.64926000,21.92008000,342.87910000,0,0,0,1,
	4.28754500,2.98162600,6.54764700,25.88771000,21.92009000,341.91910000,0,0,0,1,
	4.29239400,2.98162600,6.54764700,25.88771000,21.92009000,341.83910000,0,0,0,1,
	4.29585100,2.98162600,6.54764700,25.88771000,21.92009000,341.83910000,0,0,0,1,
	4.29937400,2.98162600,6.54764700,25.88771000,21.92009000,341.83910000,0,0,0,1,
	4.30371700,2.98162600,6.54764700,25.88771000,21.92009000,341.83910000,0,0,0,1,
	4.31305800,2.88871100,6.62624700,26.12605000,21.92009000,341.91910000,0,0,1,1,
	4.32067700,2.88871100,6.62624700,26.12605000,22.00009000,342.23910000,0,0,1,1,
	4.32870400,2.79579600,6.69844700,26.36439000,22.00009000,342.63910000,0,0,1,0,
	4.34144400,2.79579600,6.69844700,26.36439000,22.08009000,343.43910000,0,0,1,0,
	4.34882500,2.74295800,6.76424700,26.61360000,22.16009000,345.67910000,0,0,1,0,
	4.35646200,2.74295800,6.76424700,26.61360000,22.16009000,346.71910000,0,0,1,0,
	4.36370800,2.74295800,6.76424700,26.61360000,22.24009000,348.71910000,0,0,1,0,
	4.37038500,2.71488500,6.82364700,26.86778000,22.24009000,350.55910000,0,0,1,0,
	4.37739100,2.71488500,6.82364700,26.86778000,22.24008000,352.39910000,0,0,1,0,
	4.38439200,2.70312000,6.87664700,27.12387000,22.32009000,354.23910000,0,0,1,0,
	4.39147200,2.70312000,6.87664700,27.12387000,22.32009000,355.99910000,0,0,1,0,
	4.39876900,2.70312000,6.87664700,27.12387000,22.40008000,357.83910000,0,0,1,0,
	4.40657100,2.71532200,6.92324700,27.38087000,22.48009000,359.59910000,0,0,1,0,
	4.41253200,2.71532200,6.92324700,27.38087000,22.48008000,1.59912100,0,0,1,0,
	4.42102900,2.71532200,6.92324700,27.38087000,22.56008000,2.87912600,0,0,1,0,
	4.42554200,2.74976900,6.96344700,27.63674000,22.64009000,4.55910700,0,0,1,0,
	4.43143400,2.74976900,6.96344700,27.63674000,22.64008000,5.35908600,0,0,1,0,
	4.43769800,2.74976900,6.96344700,27.63674000,22.64009000,6.31908200,0,0,1,0,
	4.44346200,2.74976900,6.96344700,27.63674000,22.72009000,7.35910200,0,0,1,0,
	4.45370200,2.79996400,6.99724700,27.89073000,22.80008000,8.07908700,0,0,1,0,
	4.45980800,2.79996400,6.99724700,27.89073000,22.88008000,9.19910100,0,0,1,0,
	4.46673100,2.85693100,7.02464700,28.14361000,22.96008000,9.59907500,0,0,1,0,
	4.47260900,2.85693100,7.02464700,28.14361000,23.12008000,10.15910000,0,0,1,0,
	4.47733700,2.85693100,7.02464700,28.14361000,23.20008000,10.47910000,0,0,1,0,
	4.48360800,2.85693100,7.02464700,28.14361000,23.28008000,10.63910000,0,0,1,0,
	4.48908500,2.91923300,7.04564700,28.39552000,23.36008000,10.79911000,0,0,1,0,
	4.49496900,2.91923300,7.04564700,28.39552000,23.52008000,10.87908000,0,0,1,0,
	4.50123500,2.91923300,7.04564700,28.39552000,23.60008000,10.87908000,0,0,1,0,
	4.50607400,2.98189000,7.06024700,28.64736000,23.68008000,10.87908000,0,0,1,0,
	4.51099400,2.98189000,7.06024700,28.64736000,23.76008000,10.87908000,0,0,1,0,
	4.51735700,2.98189000,7.06024700,28.64736000,23.84008000,10.87908000,0,0,1,0,
	4.52280600,2.98189000,7.06024700,28.64736000,24.00008000,10.71909000,0,0,1,0,
	4.52816900,3.04454700,7.06844700,28.89919000,24.08008000,10.55907000,0,0,1,0,
	4.53424100,3.04454700,7.06844700,28.89919000,24.16008000,10.39908000,0,0,1,0,
	4.53907600,3.04454700,7.06844700,28.89919000,24.24009000,10.15910000,0,0,1,0,
	4.54707400,3.10720400,7.07024700,29.15103000,24.32008000,9.83908900,0,0,1,0,
	4.55573400,3.10720400,7.07024700,29.15103000,24.40008000,9.43908600,0,0,1,0,
	4.56970600,3.16986100,7.06564700,29.40287000,24.40008000,8.63910700,0,0,1,1,
	4.57848400,3.16986100,7.06564700,29.40287000,24.48008000,7.11911600,0,0,1,1,
	4.58578500,3.23251800,7.05464700,29.65470000,24.48008000,5.99910300,0,0,1,1,
	4.59716800,3.23251800,7.05464700,29.65470000,24.48009000,4.87911500,0,0,1,1,
	4.60582800,3.29517500,7.16524700,29.90654000,24.48009000,3.03911600,0,0,0,1,
	4.61387200,3.29517500,7.16524700,29.90654000,24.40008000,1.59912100,0,0,0,1,
	4.62188800,3.29517500,7.16524700,29.90654000,24.40008000,0.15912610,0,0,0,1,
	4.63472800,3.30840300,7.26944700,30.15864000,24.32009000,359.03910000,0,0,0,1,
	4.64131300,3.30840300,7.26944700,30.15864000,24.24008000,357.67910000,0,0,0,1,
	4.64591900,3.28283600,7.36724700,30.40909000,24.24009000,357.35910000,0,0,0,1,
	4.64960700,3.28283600,7.36724700,30.40909000,24.24009000,357.35910000,0,0,0,1,
	4.65316600,3.28283600,7.36724700,30.40909000,24.24009000,357.35910000,0,0,0,1,
	4.65589800,3.28283600,7.36724700,30.40909000,24.24009000,357.35910000,0,0,0,1,
	4.66215300,3.28283600,7.36724700,30.40909000,24.24009000,357.35910000,0,0,0,1,
	4.66807700,3.25726900,7.45864700,30.65954000,24.24008000,357.51910000,0,0,0,1,
	4.67497000,3.25726900,7.45864700,30.65954000,24.24008000,357.67910000,0,0,0,1,
	4.68066900,3.25726900,7.45864700,30.65954000,24.16009000,357.99910000,0,0,0,1,
	4.68747100,3.23170200,7.54364700,30.90999000,24.16008000,358.31920000,0,0,0,1,
	4.69551700,3.23170200,7.54364700,30.90999000,24.16008000,358.79920000,0,0,0,1,
	4.70139300,3.23170200,7.54364700,30.90999000,24.16008000,359.35920000,0,0,0,1,
	4.70887700,3.20613600,7.62224700,31.16044000,24.08008000,359.75920000,0,0,0,1,
	4.71744000,3.20613600,7.62224700,31.16044000,24.08009000,0.39916630,0,0,0,1,
	4.72292800,3.20613600,7.62224700,31.16044000,24.00008000,1.03918200,0,0,0,1,
	4.73018600,3.18056900,7.69444700,31.41089000,24.00009000,1.27916800,0,0,0,1,
	4.73993500,3.18056900,7.69444700,31.41089000,23.92008000,1.67917100,0,0,1,1,
	4.74800500,3.15500200,7.76024700,31.66134000,23.84008000,2.07914700,0,0,1,1,
	4.75361100,3.15500200,7.76024700,31.66134000,23.84008000,2.31916000,0,0,1,0,
	4.76264000,3.15500200,7.76024700,31.66134000,23.76008000,2.47915000,0,0,1,0,
	4.76595000,3.15867500,7.81964700,31.91047000,23.76008000,2.63916800,0,0,1,0,
	4.77034300,3.15867500,7.81964700,31.91047000,23.76008000,2.63916800,0,0,1,0,
	4.77405200,3.15867500,7.81964700,31.91047000,23.76008000,2.63916800,0,0,1,0,
	4.77847500,3.15867500,7.81964700,31.91047000,23.68008000,2.63916800,0,0,1,0,
	4.78164100,3.15867500,7.81964700,31.91047000,23.68008000,2.63916800,0,0,1,0,
	4.78520200,3.18412700,7.87264700,32.15860000,23.68008000,2.63916800,0,0,1,0,
	4.78900100,3.18412700,7.87264700,32.15860000,23.68008000,2.63916800,0,0,1,0,
	4.79295700,3.18412700,7.87264700,32.15860000,23.68008000,2.63916800,0,0,1,0,
	4.79760000,3.18412700,7.87264700,32.15860000,23.68008000,2.63916800,0,0,1,0,
	4.80171900,3.18412700,7.87264700,32.15860000,23.68008000,2.63916800,0,0,1,0,
	4.80636000,3.20957900,7.91924700,32.40673000,23.68008000,2.63916800,0,0,1,0,
	4.81079100,3.20957900,7.91924700,32.40673000,23.68008000,2.63916800,0,0,1,0,
	4.81410600,3.20957900,7.91924700,32.40673000,23.68008000,2.63916800,0,0,1,0,
	4.81717900,3.20957900,7.91924700,32.40673000,23.68008000,2.63916800,0,0,1,0,
	4.82056800,3.20957900,7.91924700,32.40673000,23.68008000,2.63916800,0,0,1,0,
	4.82354900,3.20957900,7.91924700,32.40673000,23.68008000,2.63916800,0,0,1,0,
	4.82731100,3.23503200,7.95944600,32.65486000,23.68008000,2.63916800,0,0,1,0,
	4.83127900,3.23503200,7.95944600,32.65486000,23.68008000,2.63916800,0,0,1,0,
	4.83450700,3.23503200,7.95944600,32.65486000,23.68008000,2.63916800,0,0,1,0,
	4.83816100,3.23503200,7.95944600,32.65486000,23.68008000,2.63916800,0,0,1,0,
	4.84234000,3.23503200,7.95944600,32.65486000,23.68008000,2.63916800,0,0,0,0,
	4.84793800,3.26048400,7.99324700,32.90299000,23.68008000,2.63916800,0,0,0,0,
	4.85158500,3.26048400,7.99324700,32.90299000,23.68008000,2.63916800,0,0,0,0,
	4.85499000,3.26048400,7.99324700,32.90299000,23.68008000,2.63916800,0,0,0,0,
	4.85771600,3.26048400,7.99324700,32.90299000,23.68008000,2.63916800,0,0,0,0,
	4.86184900,3.26048400,7.99324700,32.90299000,23.68008000,2.63916800,0,0,0,0,
	4.86475500,3.28593700,8.02064600,33.15112000,23.68008000,2.63916800,0,0,0,0,
	4.86935900,3.28593700,8.02064600,33.15112000,23.68008000,2.63916800,0,0,0,0,
	4.87243500,3.28593700,8.02064600,33.15112000,23.68008000,2.63916800,0,0,0,0,
	4.87596300,3.28593700,8.02064600,33.15112000,23.68008000,2.63916800,0,0,0,0,
	4.87877300,3.28593700,8.02064600,33.15112000,23.68008000,2.63916800,0,0,0,0,
	4.88271300,3.28593700,8.02064600,33.15112000,23.68008000,2.63916800,0,0,0,0,
	4.88558700,3.31138900,8.04164600,33.39925000,23.68008000,2.63916800,0,0,0,0,
	4.88984200,3.31138900,8.04164600,33.39925000,23.68008000,2.63916800,0,0,0,0,
	4.89290800,3.31138900,8.04164600,33.39925000,23.68008000,2.63916800,0,0,0,0,
	4.89660900,3.31138900,8.04164600,33.39925000,23.68008000,2.63916800,0,0,0,0,
	4.89926000,3.31138900,8.04164600,33.39925000,23.68008000,2.63916800,0,0,0,0,
	4.90470700,3.33684100,8.05624600,33.64738000,23.68008000,2.63916800,0,0,0,0,
	4.90928200,3.33684100,8.05624600,33.64738000,23.68008000,2.63916800,0,0,0,0,
	4.91192500,3.33684100,8.05624600,33.64738000,23.68008000,2.63916800,0,0,0,0,
	4.91569000,3.33684100,8.05624600,33.64738000,23.68008000,2.63916800,0,0,0,0,
	4.91846500,3.33684100,8.05624600,33.64738000,23.68008000,2.63916800,0,0,0,0,
	4.92213400,3.33684100,8.05624600,33.64738000,23.68008000,2.63916800,0,0,0,0,
	4.92506700,3.36229400,8.06444500,33.89552000,23.68008000,2.63916800,0,0,0,0,
	4.92966000,3.36229400,8.06444500,33.89552000,23.68008000,2.63916800,0,0,0,0,
	4.93268000,3.36229400,8.06444500,33.89552000,23.68008000,2.63916800,0,0,0,0,
	4.93619800,3.36229400,8.06444500,33.89552000,23.68008000,2.63916800,0,0,0,0,
	4.93921100,3.36229400,8.06444500,33.89552000,23.68008000,2.63916800,0,0,0,0,
	4.94294700,3.36229400,8.06444500,33.89552000,23.68008000,2.63916800,0,0,0,0,
	4.94597200,3.38774600,8.06624500,34.14365000,23.68008000,2.63916800,0,0,0,0,
	4.95044000,3.38774600,8.06624500,34.14365000,23.68008000,2.63916800,0,0,0,0,
	4.95324900,3.38774600,8.06624500,34.14365000,23.68008000,2.63916800,0,0,0,0,
	4.95654500,3.38774600,8.06624500,34.14365000,23.68008000,2.63916800,0,0,0,0,
	4.96002200,3.38774600,8.06624500,34.14365000,23.68008000,2.63916800,0,0,0,0,
	4.96332200,3.38774600,8.06624500,34.14365000,23.68008000,2.63916800,0,0,0,0,
	4.96666700,3.41319800,8.06164600,34.39178000,23.68008000,2.63916800,0,0,0,0,
	4.97086600,3.41319800,8.06164600,34.39178000,23.68008000,2.63916800,0,0,0,0,
	4.97377800,3.41319800,8.06164600,34.39178000,23.68008000,2.63916800,0,0,0,0,
	4.97664300,3.41319800,8.06164600,34.39178000,23.68008000,2.63916800,0,0,0,0,
	4.98126500,3.41319800,8.06164600,34.39178000,23.68008000,2.63916800,0,0,0,0,
	4.98523900,3.43865100,8.05064600,34.63991000,23.68008000,2.63916800,0,0,0,0,
	4.98856300,3.43865100,8.05064600,34.63991000,23.68008000,2.63916800,0,0,0,0,
	4.99237500,3.43865100,8.05064600,34.63991000,23.68008000,2.63916800,0,0,0,0,
	4.99530300,3.43865100,8.05064600,34.63991000,23.68008000,2.63916800,0,0,0,0,
	4.99876200,3.43865100,8.05064600,34.63991000,23.68008000,2.63916800,0,0,0,0,
	5.00175300,3.43865100,8.05064600,34.63991000,23.68008000,2.63916800,0,0,0,0,
	5.00513700,3.46410300,8.03324600,34.88804000,23.68008000,2.63916800,0,0,0,0,
	5.00911100,3.46410300,8.03324600,34.88804000,23.68008000,2.63916800,0,0,0,0,
	5.01305500,3.46410300,8.03324600,34.88804000,23.68008000,2.63916800,0,0,0,0,
	5.01583300,3.46410300,8.03324600,34.88804000,23.68008000,2.63916800,0,0,0,0,
	5.01909000,3.46410300,8.03324600,34.88804000,23.68008000,2.63916800,0,0,0,0,
	5.02226300,3.46410300,8.03324600,34.88804000,23.68008000,2.63916800,0,0,0,0,
	5.02595400,3.48955600,8.00944600,35.13617000,23.68008000,2.63916800,0,0,0,0,
	5.03000100,3.48955600,8.00944600,35.13617000,23.68008000,2.63916800,0,0,0,0,
	5.03350800,3.48955600,8.00944600,35.13617000,23.68008000,2.63916800,0,0,0,0,
	5.03645700,3.48955600,8.00944600,35.13617000,23.68008000,2.63916800,0,0,0,0,
	5.04019000,3.48955600,8.00944600,35.13617000,23.68008000,2.63916800,0,0,0,0,
	5.04363800,3.48955600,8.00944600,35.13617000,23.68008000,2.63916800,0,0,0,0,
	5.04699400,3.51500800,7.97924600,35.38430000,23.68008000,2.63916800,0,0,0,0,
	5.05080300,3.51500800,7.97924600,35.38430000,23.68008000,2.63916800,0,0,0,0,
	5.05421200,3.51500800,7.97924600,35.38430000,23.68008000,2.63916800,0,0,0,0,
end
