map
	ez_square2
end

values
	0.00912870,-4.85567500,1.90000000,-5.13100200,13.20002000,354.24010000,1,0,0,0,
	0.01631230,-4.85567500,1.90000000,-5.13100200,13.52001000,354.16010000,1,0,0,0,
	0.02215390,-4.85567500,1.90000000,-5.13100200,13.68001000,354.08010000,1,0,0,0,
	0.03160970,-4.85758900,1.90000000,-5.11243700,13.76001000,354.08010000,1,0,0,0,
	0.03807550,-4.85758900,1.90000000,-5.11243700,14.00001000,353.92010000,1,0,0,0,
	0.04367170,-4.85758900,1.90000000,-5.11243700,14.16001000,353.84010000,1,0,0,0,
	0.04852000,-4.86047500,1.90000000,-5.08532000,14.32001000,353.76010000,1,0,0,0,
	0.05339780,-4.86047500,1.90000000,-5.08532000,14.48001000,353.68010000,1,0,0,0,
	0.05915550,-4.86047500,1.90000000,-5.08532000,14.64001000,353.60010000,1,0,0,0,
	0.06496480,-4.86409600,1.90000000,-5.05205200,14.88001000,353.60010000,1,0,0,0,
	0.07418900,-4.86409600,1.90000000,-5.05205200,15.04001000,353.52010000,1,0,0,0,
	0.08577520,-4.86846800,1.90000000,-5.01281800,15.36001000,353.36010000,1,0,0,0,
	0.09297660,-4.86846800,1.90000000,-5.01281800,15.84001000,353.28020000,1,0,0,0,
	0.09836490,-4.86846800,1.90000000,-5.01281800,16.08001000,353.20020000,1,0,0,0,
	0.10492860,-4.87408500,1.90000000,-4.96399400,16.32001000,353.12020000,1,0,0,0,
	0.11057520,-4.87408500,1.90000000,-4.96399400,16.64001000,352.96020000,1,0,0,0,
	0.11685310,-4.87408500,1.90000000,-4.96399400,16.88001000,352.88020000,1,0,0,0,
	0.12179930,-4.87408500,1.90000000,-4.96399400,17.20001000,352.80020000,1,0,0,0,
	0.12801170,-4.88101200,1.90000000,-4.90588500,17.44001000,352.72020000,1,0,0,0,
	0.13607060,-4.88101200,1.90000000,-4.90588500,17.68001000,352.56020000,1,0,0,0,
	0.14151560,-4.88101200,1.90000000,-4.90588500,18.08001000,352.40020000,1,0,0,0,
	0.14744890,-4.88915300,1.90000000,-4.83998100,18.32001000,352.24020000,1,0,0,0,
	0.15489230,-4.88915300,1.90000000,-4.83998100,18.64001000,352.08020000,1,0,0,0,
	0.15978400,-4.88915300,1.90000000,-4.83998100,18.96001000,351.84020000,1,0,0,0,
	0.16511250,-4.89853900,1.90000000,-4.76687100,19.20001000,351.76020000,1,0,0,0,
	0.17394710,-4.89853900,1.90000000,-4.76687100,19.44001000,351.60020000,1,0,0,0,
	0.17824300,-4.89853900,1.90000000,-4.76687100,19.84001000,351.36020000,1,0,0,0,
	0.18506200,-4.90929700,1.90000000,-4.68649900,20.08001000,351.20020000,1,0,0,0,
	0.19123770,-4.90929700,1.90000000,-4.68649900,20.40001000,351.04020000,1,0,0,0,
	0.19620570,-4.90929700,1.90000000,-4.68649900,20.64001000,350.88020000,1,0,0,0,
	0.20127700,-4.90929700,1.90000000,-4.68649900,20.88001000,350.80020000,1,0,0,0,
	0.20749060,-4.92189300,1.90000000,-4.59708500,21.04001000,350.72020000,1,0,0,0,
	0.21339600,-4.92189300,1.90000000,-4.59708500,21.36001000,350.56020000,1,0,0,0,
	0.21906810,-4.92189300,1.90000000,-4.59708500,21.60001000,350.40020000,1,0,0,0,
	0.22647480,-4.93598300,1.90000000,-4.50070300,21.84001000,350.32030000,1,0,0,0,
	0.23220210,-4.93598300,1.90000000,-4.50070300,22.16001000,350.16020000,1,0,0,0,
	0.23734640,-4.93598300,1.90000000,-4.50070300,22.32001000,350.08030000,1,0,0,0,
	0.24355220,-4.93598300,1.90000000,-4.50070300,22.48001000,350.00030000,1,0,0,0,
	0.25051730,-4.95220500,1.90000000,-4.39474600,22.72001000,349.92030000,1,0,0,0,
	0.25599630,-4.95220500,1.90000000,-4.39474600,22.96000000,349.76030000,1,0,0,0,
	0.26091450,-4.95220500,1.90000000,-4.39474600,23.12000000,349.68030000,1,0,0,0,
	0.26613240,-4.96998700,1.90000000,-4.28200900,23.28000000,349.60030000,1,0,0,0,
	0.27112280,-4.96998700,1.90000000,-4.28200900,23.44000000,349.52030000,1,0,0,0,
	0.27552690,-4.96998700,1.90000000,-4.28200900,23.60000000,349.44030000,1,0,0,0,
	0.28185640,-4.96998700,1.90000000,-4.28200900,23.76001000,349.36040000,1,0,0,0,
	0.28696020,-4.98969700,1.90000000,-4.16110600,23.92001000,349.28040000,1,0,0,0,
	0.29294770,-4.98969700,1.90000000,-4.16110600,24.00001000,349.28040000,1,0,0,0,
	0.29920140,-4.98969700,1.90000000,-4.16110600,24.16000000,349.12040000,1,0,0,0,
	0.30379060,-4.98969700,1.90000000,-4.16110600,24.32001000,349.04040000,1,0,0,0,
	0.31013210,-5.01146400,1.90000000,-4.03165800,24.40000000,349.04040000,1,0,0,0,
	0.31713540,-5.01146400,1.90000000,-4.03165800,24.56001000,348.88040000,1,0,0,0,
	0.32242720,-5.01146400,1.90000000,-4.03165800,24.72001000,348.80040000,1,0,0,0,
	0.32841920,-5.03502900,1.90000000,-3.89496200,24.80000000,348.72040000,1,0,0,0,
	0.33366830,-5.03502900,1.90000000,-3.89496200,24.96000000,348.64040000,1,0,0,0,
	0.33866740,-5.03502900,1.90000000,-3.89496200,25.04000000,348.64040000,1,0,0,0,
	0.34371450,-5.03502900,1.90000000,-3.89496200,25.12000000,348.56040000,1,0,0,0,
	0.34909510,-5.06066600,1.90000000,-3.74999100,25.20000000,348.56040000,1,0,0,0,
	0.35411880,-5.06066600,1.90000000,-3.74999100,25.28000000,348.48040000,1,0,0,0,
	0.36021410,-5.06066600,1.90000000,-3.74999100,25.36001000,348.48040000,1,0,0,0,
	0.36405010,-5.06066600,1.90000000,-3.74999100,25.52000000,348.40050000,1,0,0,0,
	0.36879770,-5.08802400,1.90000000,-3.59839600,25.52000000,348.40050000,1,0,0,0,
	0.37371650,-5.08802400,1.90000000,-3.59839600,25.60001000,348.40040000,1,0,0,0,
	0.37869640,-5.08802400,1.90000000,-3.59839600,25.68001000,348.32050000,1,0,0,0,
	0.38226500,-5.08802400,1.90000000,-3.59839600,25.76000000,348.32050000,1,0,0,0,
	0.38637130,-5.11568500,1.90000000,-3.44685800,25.76000000,348.32050000,1,0,0,0,
	0.39170690,-5.11568500,1.90000000,-3.44685800,25.84000000,348.24050000,1,0,0,0,
	0.39513850,-5.11568500,1.90000000,-3.44685800,25.92000000,348.24050000,1,0,0,0,
	0.40013940,-5.11568500,1.90000000,-3.44685800,25.92000000,348.24050000,1,0,0,0,
	0.40517620,-5.14364600,1.90000000,-3.29537200,26.00000000,348.16050000,1,0,0,0,
	0.41071520,-5.14364600,1.90000000,-3.29537200,26.08001000,348.16050000,1,0,0,0,
	0.41597760,-5.14364600,1.90000000,-3.29537200,26.08000000,348.08050000,1,0,0,0,
	0.42032230,-5.14364600,1.90000000,-3.29537200,26.16000000,348.08050000,1,0,0,0,
	0.42546720,-5.17194500,1.90000000,-3.14395200,26.16000000,348.08050000,1,0,0,0,
	0.42944760,-5.17194500,1.90000000,-3.14395200,26.24001000,348.00050000,1,0,0,0,
	0.43448190,-5.17194500,1.90000000,-3.14395200,26.24001000,348.00050000,1,0,0,0,
	0.43822130,-5.17194500,1.90000000,-3.14395200,26.32000000,348.00050000,1,0,0,0,
	0.44275000,-5.17194500,1.90000000,-3.14395200,26.32000000,348.00050000,1,0,0,0,
	0.44897020,-5.20061400,1.90000000,-2.99260100,26.32000000,347.92050000,1,0,0,0,
	0.45490110,-5.20061400,1.90000000,-2.99260100,26.40000000,347.92050000,1,0,0,0,
	0.46025610,-5.20061400,1.90000000,-2.99260100,26.48001000,347.84050000,1,0,0,0,
	0.46859420,-5.22957000,1.90000000,-2.84130500,26.56000000,347.84050000,1,0,0,0,
	0.47353650,-5.22957000,1.90000000,-2.84130500,26.72001000,347.76060000,1,0,0,0,
	0.47760510,-5.22957000,1.90000000,-2.84130500,26.72001000,347.76060000,1,0,0,0,
	0.48228650,-5.22957000,1.90000000,-2.84130500,26.80000000,347.76060000,1,0,0,0,
	0.48730300,-5.25888900,1.90000000,-2.69007900,26.88000000,347.68060000,1,0,0,0,
	0.49091890,-5.25888900,1.90000000,-2.69007900,26.96000000,347.68060000,1,0,0,0,
	0.49457360,-5.25888900,1.90000000,-2.69007900,26.96000000,347.68060000,1,0,0,0,
	0.49799540,-5.25888900,1.90000000,-2.69007900,27.04000000,347.60060000,1,0,0,0,
	0.50454390,-5.28846200,1.90000000,-2.53890300,27.04000000,347.60060000,1,0,0,0,
	0.51042020,-5.28846200,1.90000000,-2.53890300,27.20000000,347.60060000,1,0,0,0,
	0.51552550,-5.28846200,1.90000000,-2.53890300,27.20000000,347.52060000,1,0,0,0,
	0.51997260,-5.28846200,1.90000000,-2.53890300,27.28000000,347.52060000,1,0,0,0,
	0.52395610,-5.28846200,1.90000000,-2.53890300,27.36000000,347.52060000,1,0,0,0,
	0.52826400,-5.31844700,1.90000000,-2.38781200,27.36000000,347.52060000,1,0,0,0,
	0.53449420,-5.31844700,1.90000000,-2.38781200,27.44000000,347.44060000,1,0,0,0,
	0.53780630,-5.31844700,1.90000000,-2.38781200,27.52000000,347.44060000,1,0,0,0,
	0.54167260,-5.31844700,1.90000000,-2.38781200,27.52000000,347.44060000,1,0,0,0,
	0.54666570,-5.34870700,1.90000000,-2.23677800,27.60000000,347.44060000,1,0,0,0,
	0.55179630,-5.34870700,1.90000000,-2.23677800,27.60000000,347.36060000,1,0,0,0,
	0.55526700,-5.34870700,1.90000000,-2.23677800,27.68000000,347.36060000,1,0,0,0,
	0.55840020,-5.34870700,1.90000000,-2.23677800,27.68000000,347.36060000,1,0,0,0,
	0.56478800,-5.37922100,1.90000000,-2.08579700,27.68000000,347.36060000,1,0,0,0,
	0.57169500,-5.37922100,1.90000000,-2.08579700,27.76000000,347.36060000,1,0,0,0,
	0.57800610,-5.37922100,1.90000000,-2.08579700,27.84000000,347.36060000,1,0,0,0,
	0.58446500,-5.41001100,1.90000000,-1.93487700,27.84000000,347.36060000,1,0,0,0,
	0.59045730,-5.41001100,1.90000000,-1.93487700,27.92000000,347.28060000,1,0,0,0,
	0.59831560,-5.41001100,1.90000000,-1.93487700,27.92000000,347.28060000,1,0,0,0,
	0.60536100,-5.44108100,1.90000000,-1.78401500,28.00000000,347.28060000,1,0,0,0,
	0.61229120,-5.44108100,1.90000000,-1.78401500,28.08000000,347.28060000,1,0,0,0,
	0.61756030,-5.44108100,1.90000000,-1.78401500,28.08000000,347.28060000,1,0,0,0,
	0.62205730,-5.44108100,1.90000000,-1.78401500,28.16000000,347.28060000,1,0,0,0,
	0.62668140,-5.47244500,1.90000000,-1.63322000,28.16000000,347.28060000,1,0,0,0,
	0.63287350,-5.47244500,1.90000000,-1.63322000,28.16000000,347.28060000,1,0,0,0,
	0.64316900,-5.47244500,1.90000000,-1.63322000,28.16000000,347.28060000,1,0,0,0,
	0.64780490,-5.50405600,1.90000000,-1.48247800,28.24000000,347.20070000,1,0,0,0,
	0.65319000,-5.50405600,1.90000000,-1.48247800,28.24000000,347.20070000,1,0,0,0,
	0.65745400,-5.50405600,1.90000000,-1.48247800,28.24000000,347.20070000,1,0,0,0,
	0.66118630,-5.50405600,1.90000000,-1.48247800,28.24000000,347.20070000,1,0,0,0,
	0.66477320,-5.53586700,1.90000000,-1.33178100,28.24000000,347.20070000,1,0,0,0,
	0.67077620,-5.53586700,1.90000000,-1.33178100,28.24000000,347.20070000,1,0,0,0,
	0.67616020,-5.53586700,1.90000000,-1.33178100,28.24000000,347.20070000,1,0,0,0,
	0.67927520,-5.53586700,1.90000000,-1.33178100,28.24000000,347.20070000,1,0,0,0,
	0.68364100,-5.53586700,1.90000000,-1.33178100,28.24000000,347.20070000,1,0,0,0,
	0.68825010,-5.56790300,1.90000000,-1.18113500,28.24000000,347.20070000,1,0,0,0,
	0.69312710,-5.56790300,1.90000000,-1.18113500,28.24000000,347.20070000,1,0,0,0,
	0.69717970,-5.56790300,1.90000000,-1.18113500,28.24000000,347.20070000,1,0,0,0,
	0.70115300,-5.56790300,1.90000000,-1.18113500,28.24000000,347.20070000,1,0,0,0,
	0.70695060,-5.60010000,1.90000000,-1.03052500,28.24000000,347.20070000,1,0,0,0,
	0.71210820,-5.60010000,1.90000000,-1.03052500,28.32000000,347.20070000,1,0,0,0,
	0.71577820,-5.60010000,1.90000000,-1.03052500,28.32000000,347.20070000,1,0,0,0,
	0.71969320,-5.60010000,1.90000000,-1.03052500,28.32000000,347.20070000,1,0,0,0,
	0.72554380,-5.63245400,1.90000000,-0.87995120,28.32000000,347.20070000,1,0,0,0,
	0.73086720,-5.63245400,1.90000000,-0.87995120,28.40000000,347.20070000,1,0,0,0,
	0.73625440,-5.63245400,1.90000000,-0.87995120,28.40000000,347.20070000,1,0,0,0,
	0.74003740,-5.63245400,1.90000000,-0.87995120,28.40000000,347.20070000,1,0,0,0,
	0.74477330,-5.66496500,1.90000000,-0.72941320,28.40000000,347.20070000,1,0,0,0,
	0.74968780,-5.66496500,1.90000000,-0.72941320,28.48000000,347.20070000,1,0,0,0,
	0.75352870,-5.66496500,1.90000000,-0.72941320,28.48000000,347.20070000,1,0,0,0,
	0.75826370,-5.66496500,1.90000000,-0.72941320,28.48000000,347.20070000,1,0,0,0,
	0.76215720,-5.66496500,1.90000000,-0.72941320,28.56000000,347.20070000,1,0,0,0,
	0.76732950,-5.69763200,1.90000000,-0.57891030,28.56000000,347.20070000,1,0,0,0,
	0.77345810,-5.69763200,1.90000000,-0.57891030,28.56000000,347.20070000,1,0,0,0,
	0.77729620,-5.69763200,1.90000000,-0.57891030,28.64000000,347.12070000,1,0,0,0,
	0.78298000,-5.69763200,1.90000000,-0.57891030,28.64000000,347.12070000,1,0,0,0,
	0.78747870,-5.73044600,1.90000000,-0.42843890,28.72000000,347.12070000,1,0,0,0,
	0.79216650,-5.73044600,1.90000000,-0.42843890,28.72000000,347.12070000,1,0,0,0,
	0.79848520,-5.73044600,1.90000000,-0.42843890,28.72000000,347.12070000,1,0,0,0,
	0.80240450,-5.73044600,1.90000000,-0.42843890,28.80000000,347.12070000,1,0,0,0,
	0.80662300,-5.76338900,1.90000000,-0.27799700,28.80000000,347.12070000,1,0,0,0,
	0.81196310,-5.76338900,1.90000000,-0.27799700,28.80000000,347.12070000,1,0,0,0,
	0.81554130,-5.76338900,1.90000000,-0.27799700,28.88000000,347.12070000,1,0,0,0,
	0.81812870,-5.76338900,1.90000000,-0.27799700,28.88000000,347.12070000,1,0,0,0,
	0.82139010,-5.76338900,1.90000000,-0.27799700,28.88000000,347.12070000,1,0,0,0,
	0.82467230,-5.79644800,1.90000000,-0.12758150,28.88000000,347.12070000,1,0,0,0,
	0.82943650,-5.79644800,1.90000000,-0.12758150,28.96000000,347.04070000,1,0,0,0,
	0.83197520,-5.79644800,1.90000000,-0.12758150,28.96000000,347.04070000,1,0,0,0,
	0.83516940,-5.79644800,1.90000000,-0.12758150,28.96000000,347.04070000,1,0,0,0,
	0.83840690,-5.79644800,1.90000000,-0.12758150,28.96000000,347.04070000,1,0,0,0,
	0.84173230,-5.79644800,1.90000000,-0.12758150,29.04000000,347.04070000,1,0,0,0,
	0.84430130,-5.82963800,1.90000000,0.02280563,29.04000000,347.04070000,1,0,0,0,
	0.84790470,-5.82963800,1.90000000,0.02280563,29.04000000,347.04070000,1,0,0,0,
	0.85046430,-5.82963800,1.90000000,0.02280563,29.04000000,347.04070000,1,0,0,0,
	0.85286050,-5.82963800,1.90000000,0.02280563,29.04000000,347.04070000,1,0,0,0,
	0.85567720,-5.82963800,1.90000000,0.02280563,29.04000000,347.04070000,1,0,0,0,
	0.85856280,-5.82963800,1.90000000,0.02280563,29.04000000,347.04070000,1,0,0,0,
	0.86131700,-5.82963800,1.90000000,0.02280563,29.04000000,347.04070000,1,0,0,0,
	0.86424260,-5.86294400,1.90000000,0.17316630,29.04000000,347.04070000,1,0,0,0,
	0.86929560,-5.86294400,1.90000000,0.17316630,29.04000000,347.04070000,1,0,0,0,
	0.87373610,-5.86294400,1.90000000,0.17316630,29.04000000,347.04070000,1,0,0,0,
	0.87778870,-5.86294400,1.90000000,0.17316630,29.04000000,347.04070000,1,0,0,0,
	0.88080080,-5.86294400,1.90000000,0.17316630,29.04000000,347.04070000,1,0,0,0,
	0.88421570,-5.89626600,2.01060000,0.32352310,29.04000000,347.04070000,1,0,0,0,
	0.88792440,-5.89626600,2.01060000,0.32352310,29.04000000,347.04070000,1,0,0,0,
	0.89122740,-5.89626600,2.01060000,0.32352310,29.04000000,347.04070000,1,0,0,0,
	0.89411230,-5.89626600,2.01060000,0.32352310,29.04000000,347.04070000,1,0,0,0,
	0.89738950,-5.89626600,2.01060000,0.32352310,29.04000000,347.04070000,1,0,0,0,
	0.90039470,-5.89626600,2.01060000,0.32352310,29.04000000,347.04070000,1,0,0,0,
	0.90523710,-5.92958800,2.11480000,0.47388000,29.04000000,347.04070000,1,0,0,0,
	0.90878330,-5.92958800,2.11480000,0.47388000,29.04000000,347.04070000,1,0,0,0,
	0.91225210,-5.92958800,2.11480000,0.47388000,29.04000000,347.04070000,1,0,0,0,
	0.91527060,-5.92958800,2.11480000,0.47388000,29.04000000,347.04070000,1,0,0,0,
	0.91937440,-5.92958800,2.11480000,0.47388000,29.04000000,347.04070000,1,0,0,0,
	0.92402970,-5.92958800,2.11480000,0.47388000,29.04000000,347.04070000,1,0,1,0,
	0.92959250,-5.96291100,2.21260000,0.62423680,29.04000000,347.04070000,1,0,1,0,
	0.93380700,-5.96291100,2.21260000,0.62423680,29.12000000,347.04070000,1,0,1,0,
	0.93772580,-5.96291100,2.21260000,0.62423680,29.12000000,347.04070000,1,0,1,0,
	0.94113120,-5.96291100,2.21260000,0.62423680,29.12000000,347.04070000,1,0,1,0,
	0.94457570,-5.99623300,2.30400000,0.77459370,29.12000000,347.04070000,1,0,1,0,
	0.94919580,-5.99623300,2.30400000,0.77459370,29.12000000,347.04070000,0,0,1,0,
	0.95439730,-5.99623300,2.30400000,0.77459370,29.12000000,347.04070000,0,0,1,0,
	0.95997970,-5.99623300,2.30400000,0.77459370,29.12000000,347.04070000,0,0,1,0,
	0.96472460,-6.01670600,2.38900000,0.92790620,29.12000000,347.20070000,0,0,1,0,
	0.97245450,-6.01670600,2.38900000,0.92790620,29.12000000,347.44070000,0,0,1,0,
	0.98757380,-6.03486400,2.46760000,1.08171500,29.12001000,348.08070000,0,0,1,0,
	0.99773990,-6.03486400,2.46760000,1.08171500,28.88000000,350.32070000,0,0,1,0,
	1.00676000,-6.04192700,2.53980000,1.23723900,28.80000000,352.24070000,0,0,1,0,
	1.01489900,-6.04192700,2.53980000,1.23723900,28.80000000,354.08070000,0,0,1,0,
	1.01967300,-6.04192700,2.53980000,1.23723900,28.80000000,355.84070000,0,0,1,0,
	1.02533200,-6.03643700,2.60560000,1.39377900,28.80000000,356.88070000,0,0,1,0,
	1.04001000,-6.03643700,2.60560000,1.39377900,28.80000000,358.16070000,0,0,1,0,
	1.04787200,-6.01828000,2.66500000,1.55018600,28.88000000,1.52068300,0,0,1,0,
	1.05438500,-6.01828000,2.66500000,1.55018600,28.96000000,3.44070400,0,0,1,0,
	1.06469100,-5.99027300,2.71800000,1.70586600,29.04000000,5.12068500,0,0,1,1,
	1.07272700,-5.99027300,2.71800000,1.70586600,29.12000000,7.44071000,0,0,1,1,
	1.07971300,-5.99027300,2.71800000,1.70586600,29.20000000,9.20071200,0,0,1,1,
	1.08637800,-5.96226600,2.76460000,1.86154600,29.28000000,10.56068000,0,0,0,1,
	1.09666000,-5.96226600,2.76460000,1.86154600,29.36000000,11.76072000,0,0,0,1,
	1.10279600,-5.96226600,2.76460000,1.86154600,29.44000000,12.88071000,0,0,0,1,
	1.10778000,-5.94374300,2.80480000,2.01920100,29.52000000,13.36071000,0,0,0,1,
	1.11268100,-5.94374300,2.80480000,2.01920100,29.60000000,13.60069000,0,0,0,1,
	1.11672200,-5.94374300,2.80480000,2.01920100,29.60000000,13.76071000,0,0,0,1,
	1.12052700,-5.94374300,2.80480000,2.01920100,29.60000000,13.84071000,0,0,0,1,
	1.12346900,-5.94374300,2.80480000,2.01920100,29.60000000,13.84071000,0,0,0,1,
	1.12691400,-5.92522000,2.83860000,2.17685500,29.60000000,13.84071000,0,0,0,1,
	1.13215500,-5.92522000,2.83860000,2.17685500,29.60000000,13.84071000,0,0,0,1,
	1.13587400,-5.92522000,2.83860000,2.17685500,29.68000000,13.84071000,0,0,0,1,
	1.13870200,-5.92522000,2.83860000,2.17685500,29.68000000,13.84071000,0,0,0,1,
	1.14472600,-5.90669800,2.86600000,2.33451000,29.68000000,13.84071000,0,0,0,1,
	1.14986100,-5.90669800,2.86600000,2.33451000,29.76000000,13.68069000,0,0,0,1,
	1.15487800,-5.90669800,2.86600000,2.33451000,29.83999000,13.52070000,0,0,0,1,
	1.15951500,-5.90669800,2.86600000,2.33451000,29.84000000,13.36068000,0,0,0,1,
	1.16401800,-5.90669800,2.86600000,2.33451000,29.92000000,13.12069000,0,0,0,1,
	1.16950800,-5.88817500,2.88700000,2.49216400,30.00000000,12.96070000,0,0,0,1,
	1.17586600,-5.88817500,2.88700000,2.49216400,30.08000000,12.48068000,0,0,0,1,
	1.18369900,-5.88817500,2.88700000,2.49216400,30.15999000,12.00068000,0,0,0,1,
	1.19018100,-5.87073500,2.90160000,2.65003600,30.24000000,11.36067000,0,0,0,1,
	1.19454900,-5.87073500,2.90160000,2.65003600,30.40000000,10.56066000,0,0,0,1,
	1.19864900,-5.87073500,2.90160000,2.65003600,30.40000000,10.16068000,0,0,0,1,
	1.20547700,-5.85786600,2.90980000,2.80873200,30.48000000,9.68065600,0,0,0,1,
	1.21094700,-5.85786600,2.90980000,2.80873200,30.56000000,8.88067700,0,0,0,1,
	1.21928300,-5.85786600,2.90980000,2.80873200,30.56001000,8.24066100,0,0,0,1,
	1.22739000,-5.85269100,2.91160000,2.96847700,30.64000000,6.88066100,0,0,0,1,
	1.23340000,-5.85269100,2.91160000,2.96847700,30.72001000,5.68065200,0,0,0,1,
	1.24096100,-5.85269100,2.91160000,2.96847700,30.80000000,4.88067200,0,0,0,1,
	1.24873400,-5.85617400,2.90700000,3.12894600,30.80000000,3.76068500,0,0,0,1,
	1.25650300,-5.85617400,2.90700000,3.12894600,30.88000000,2.56067600,0,0,0,1,
	1.26269300,-5.85617400,2.90700000,3.12894600,30.96000000,1.28067100,0,0,0,1,
	1.26952200,-5.86882500,2.89600000,3.28966300,31.04000000,0.48069140,0,0,0,1,
	1.27912400,-5.86882500,2.89600000,3.28966300,31.12000000,359.68070000,0,0,1,1,
	1.29315500,-5.88372100,2.87860000,3.45036900,31.28000000,358.72070000,0,0,1,0,
	1.30213700,-5.88372100,2.87860000,3.45036900,31.44000000,357.52070000,0,0,1,0,
	1.30741900,-5.87670800,2.85480000,3.61202200,31.60000000,356.88070000,0,0,1,0,
	1.31374000,-5.87670800,2.85480000,3.61202200,31.67999000,356.64070000,0,0,1,0,
	1.31808500,-5.87670800,2.85480000,3.61202200,31.68000000,356.40070000,0,0,1,0,
	1.32168500,-5.87670800,2.85480000,3.61202200,31.76000000,356.24070000,0,0,1,0,
	1.32528700,-5.86969400,2.82460000,3.77367600,31.76000000,356.24070000,0,0,1,0,
	1.32969200,-5.86969400,2.82460000,3.77367600,31.76000000,356.16070000,0,0,1,0,
	1.33242200,-5.86969400,2.82460000,3.77367600,31.76000000,356.16070000,0,0,1,0,
	1.33571700,-5.86969400,2.82460000,3.77367600,31.76000000,356.16070000,0,0,1,0,
	1.33870200,-5.86969400,2.82460000,3.77367600,31.76000000,356.16070000,0,0,1,0,
	1.34192000,-5.86969400,2.82460000,3.77367600,31.76000000,356.16070000,0,0,1,0,
	1.34473800,-5.86268000,2.78800000,3.93533000,31.76000000,356.16070000,0,0,1,0,
	1.34871300,-5.86268000,2.78800000,3.93533000,31.76000000,356.16070000,0,0,1,0,
	1.35135400,-5.86268000,2.78800000,3.93533000,31.76000000,356.16070000,0,0,1,0,
	1.35428400,-5.86268000,2.78800000,3.93533000,31.76000000,356.16070000,0,0,1,0,
	1.35936000,-5.86268000,2.78800000,3.93533000,31.76000000,356.16070000,0,0,1,0,
	1.36310600,-5.86268000,2.78800000,3.93533000,31.84000000,356.16070000,0,0,1,0,
	1.36596300,-5.85566600,2.74500000,4.09698400,31.84000000,356.16070000,0,0,1,0,
	1.37008800,-5.85566600,2.74500000,4.09698400,31.84000000,356.16070000,0,0,1,0,
	1.37282200,-5.85566600,2.74500000,4.09698400,31.84000000,356.16070000,0,0,1,0,
	1.37713800,-5.85566600,2.74500000,4.09698400,31.84000000,356.16070000,0,0,1,0,
	1.38229200,-5.85566600,2.74500000,4.09698400,31.84000000,356.24070000,0,0,1,0,
	1.38792800,-5.84865200,2.69560000,4.25863800,31.83999000,356.32070000,0,0,1,0,
	1.39289700,-5.84865200,2.69560000,4.25863800,31.83999000,356.40070000,0,0,1,0,
	1.39796200,-5.84865200,2.69560000,4.25863800,31.92000000,356.56070000,0,0,1,0,
	1.40195600,-5.84865200,2.69560000,4.25863800,31.92000000,356.72070000,0,0,1,0,
	1.40654100,-5.84163900,2.63980000,4.42029200,31.92000000,356.88070000,0,0,1,0,
	1.41290700,-5.84163900,2.63980000,4.42029200,32.00000000,357.12070000,0,0,1,0,
	1.42084500,-5.84163900,2.63980000,4.42029200,32.00000000,357.44070000,0,0,1,0,
	1.42699700,-5.83305000,2.57760000,4.58199900,32.08000000,358.08070000,0,0,1,0,
	1.43608100,-5.83305000,2.57760000,4.58199900,32.08000000,358.64070000,0,0,1,0,
	1.44213300,-5.83305000,2.57760000,4.58199900,32.16000000,359.68070000,0,0,1,0,
	1.45049800,-5.81769200,2.50900000,4.74374000,32.16000000,0.48069150,0,0,1,0,
	1.45765400,-5.81769200,2.50900000,4.74374000,32.16000000,1.76066900,0,0,1,0,
	1.46452200,-5.79532300,2.50180000,4.90519500,32.16000000,2.96067800,0,0,1,0,
	1.46990200,-5.79532300,2.50180000,4.90519500,32.16001000,4.24068400,0,0,1,0,
	1.47583500,-5.79532300,2.50180000,4.90519500,32.16000000,5.12068500,0,0,1,0,
	1.48285700,-5.79532300,2.50180000,4.90519500,32.16000000,6.24069900,0,0,1,0,
	1.48946300,-5.75938400,2.50036000,5.06522700,32.16000000,7.76069000,0,0,1,0,
	1.49544400,-5.75938400,2.50036000,5.06522700,32.16001000,9.04066800,0,0,1,0,
	1.50099300,-5.75938400,2.50036000,5.06522700,32.16001000,10.40067000,0,0,1,0,
	1.50644500,-5.71286800,2.61096000,5.22334100,32.16000000,11.52066000,0,0,1,0,
	1.51495500,-5.71286800,2.61096000,5.22334100,32.16000000,12.64064000,0,0,1,0,
	1.52046000,-5.71286800,2.61096000,5.22334100,32.16000000,14.40067000,0,0,1,0,
	1.52648400,-5.65477000,2.71516000,5.37850000,32.16001000,15.68065000,0,0,1,0,
	1.53190200,-5.65477000,2.71516000,5.37850000,32.16000000,16.80066000,0,0,1,0,
	1.53749100,-5.65477000,2.71516000,5.37850000,32.16000000,17.60064000,0,0,1,0,
	1.54168900,-5.65477000,2.71516000,5.37850000,32.16000000,18.48064000,0,0,1,0,
	1.54792900,-5.58721700,2.81296000,5.53061300,32.16001000,19.12066000,0,0,1,0,
	1.55515200,-5.58721700,2.81296000,5.53061300,32.08001000,19.92064000,0,0,1,0,
	1.56190400,-5.58721700,2.81296000,5.53061300,32.08001000,20.64065000,0,0,1,0,
	1.56671900,-5.51401800,2.90436000,5.68061400,32.08000000,21.20064000,0,0,1,0,
	1.57217500,-5.51401800,2.90436000,5.68061400,32.00000000,21.60065000,0,0,1,0,
	1.57712500,-5.51401800,2.90436000,5.68061400,32.00000000,21.84063000,0,0,1,0,
	1.58110800,-5.51401800,2.90436000,5.68061400,31.99999000,22.00065000,0,0,1,0,
	1.58463000,-5.43844500,2.98936000,5.82966600,31.92000000,22.08062000,0,0,1,0,
	1.58841700,-5.43844500,2.98936000,5.82966600,31.92000000,22.08062000,0,0,1,0,
	1.59130400,-5.43844500,2.98936000,5.82966600,31.92000000,22.08062000,0,0,1,0,
	1.59437300,-5.43844500,2.98936000,5.82966600,31.92000000,22.08062000,0,0,1,0,
	1.59749000,-5.43844500,2.98936000,5.82966600,31.92000000,22.08062000,0,0,1,0,
	1.60190300,-5.43844500,2.98936000,5.82966600,31.92000000,22.08062000,0,0,1,1,
	1.60698900,-5.36287200,3.06796000,5.97871800,31.92000000,22.08062000,0,0,1,1,
	1.61056400,-5.36287200,3.06796000,5.97871800,31.92000000,22.08062000,0,0,1,1,
	1.61586300,-5.36287200,3.06796000,5.97871800,31.92000000,22.08062000,0,0,0,1,
	1.62253200,-5.36287200,3.06796000,5.97871800,31.92000000,22.00065000,0,0,0,1,
	1.62725100,-5.30949900,3.14016000,6.13671900,31.92000000,21.92066000,0,0,0,1,
	1.63253400,-5.30949900,3.14016000,6.13671900,31.92000000,21.76064000,0,0,0,1,
	1.63920200,-5.30949900,3.14016000,6.13671900,31.84001000,21.60065000,0,0,0,1,
	1.64366200,-5.30949900,3.14016000,6.13671900,31.84000000,21.36066000,0,0,0,1,
	1.64869900,-5.26228000,3.20596000,6.29716600,31.84001000,21.20065000,0,0,0,1,
	1.65347400,-5.26228000,3.20596000,6.29716600,31.84000000,20.96066000,0,0,0,1,
	1.65843700,-5.26228000,3.20596000,6.29716600,31.76000000,20.72067000,0,0,0,1,
	1.66474200,-5.21723900,3.26536000,6.45843400,31.76000000,20.40066000,0,0,0,1,
	1.66989700,-5.21723900,3.26536000,6.45843400,31.76000000,20.00066000,0,0,0,1,
	1.67511700,-5.21723900,3.26536000,6.45843400,31.68001000,19.52067000,0,0,0,1,
	1.68054200,-5.21723900,3.26536000,6.45843400,31.68000000,19.12066000,0,0,0,1,
	1.68563500,-5.17748600,3.31836000,6.62154200,31.68000000,18.48064000,0,0,0,1,
	1.69090600,-5.17748600,3.31836000,6.62154200,31.68000000,18.00065000,0,0,0,1,
	1.69791400,-5.17748600,3.31836000,6.62154200,31.60000000,17.36063000,0,0,0,1,
	1.70556200,-5.14354800,3.36496000,6.78643600,31.60000000,16.40063000,0,0,0,1,
	1.71355500,-5.14354800,3.36496000,6.78643600,31.52000000,15.44063000,0,0,0,1,
	1.71955800,-5.14354800,3.36496000,6.78643600,31.52000000,14.40064000,0,0,0,1,
	1.72766900,-5.11755900,3.40516000,6.95338900,31.52000000,13.60064000,0,0,0,1,
	1.73467300,-5.11755900,3.40516000,6.95338900,31.44000000,12.48065000,0,0,0,1,
	1.74155700,-5.11755900,3.40516000,6.95338900,31.44000000,11.44063000,0,0,0,1,
	1.74752500,-5.10080500,3.43896000,7.12221600,31.36000000,10.40064000,0,0,0,1,
	1.75328800,-5.10080500,3.43896000,7.12221600,31.28000000,9.60063500,0,0,0,1,
	1.75757100,-5.10080500,3.43896000,7.12221600,31.20001000,8.64066500,0,0,0,1,
	1.76518600,-5.09129700,3.46636000,7.29215600,31.20000000,7.92065300,0,0,0,1,
	1.76985600,-5.09129700,3.46636000,7.29215600,31.04000000,6.80066600,0,0,0,1,
	1.77788400,-5.09129700,3.46636000,7.29215600,30.96000000,6.00065900,0,0,0,1,
	1.78488500,-5.09170700,3.48736000,7.46307800,30.80000000,4.56066400,0,0,0,1,
	1.79141900,-5.09170700,3.48736000,7.46307800,30.72000000,3.28065900,0,0,0,1,
	1.79763200,-5.09170700,3.48736000,7.46307800,30.56000000,2.00068200,0,0,0,1,
	1.80269900,-5.09170700,3.48736000,7.46307800,30.40000000,0.88066730,0,0,0,1,
	1.80837400,-5.10618400,3.50196000,7.63439400,30.24000000,359.84070000,0,0,0,1,
	1.81492200,-5.10618400,3.50196000,7.63439400,30.16000000,358.72070000,0,0,0,1,
	1.82151800,-5.10618400,3.50196000,7.63439400,30.00000000,357.60070000,0,0,0,1,
	1.82841700,-5.13191700,3.51016000,7.80518200,29.84000000,356.08070000,0,0,0,1,
	1.83742300,-5.13191700,3.51016000,7.80518200,29.76000000,354.64070000,0,0,0,1,
	1.84348800,-5.13191700,3.51016000,7.80518200,29.60001000,352.64070000,0,0,0,1,
	1.84762800,-5.17199900,3.51196000,7.97417100,29.44000000,351.28070000,0,0,0,1,
	1.85286500,-5.17199900,3.51196000,7.97417100,29.36000000,350.64070000,0,0,0,1,
	1.85888100,-5.17199900,3.51196000,7.97417100,29.28000000,349.44070000,0,0,0,1,
	1.86555600,-5.22182800,3.50736000,8.14127300,29.20000000,348.00070000,0,0,0,1,
	1.87199800,-5.22182800,3.50736000,8.14127300,29.04000000,346.48070000,0,0,0,1,
	1.87863300,-5.22182800,3.50736000,8.14127300,28.96000000,345.04070000,0,0,0,1,
	1.88668500,-5.28481700,3.49636000,8.30485100,28.88000000,343.52070000,0,0,0,1,
	1.89400300,-5.28481700,3.49636000,8.30485100,28.72000000,341.76070000,0,0,0,1,
	1.90003000,-5.28481700,3.49636000,8.30485100,28.56000000,340.08070000,0,0,0,1,
	1.90685000,-5.36207700,3.47896000,8.46329400,28.40000000,338.56070000,0,0,0,1,
	1.91456500,-5.36207700,3.47896000,8.46329400,28.32000000,336.96070000,0,0,0,1,
	1.91960900,-5.36207700,3.47896000,8.46329400,28.08001000,334.96070000,0,0,0,1,
	1.92734800,-5.45252800,3.45516000,8.61569000,28.00000000,333.84070000,0,0,0,1,
	1.93525100,-5.45252800,3.45516000,8.61569000,27.84000000,331.92070000,0,0,0,1,
	1.94022800,-5.45252800,3.45516000,8.61569000,27.68000000,329.92070000,0,0,0,1,
	1.94452500,-5.55695000,3.42496000,8.76013100,27.52000000,328.64070000,0,0,0,1,
	1.94959500,-5.55695000,3.42496000,8.76013100,27.44000000,327.60070000,0,0,0,1,
	1.95669900,-5.55695000,3.42496000,8.76013100,27.28001000,326.32070000,0,0,0,1,
	1.96251400,-5.55695000,3.42496000,8.76013100,27.12000000,324.40070000,0,0,0,1,
	1.96806500,-5.67663000,3.38836000,8.89382600,26.96001000,322.64070000,0,0,0,1,
	1.97647300,-5.67663000,3.38836000,8.89382600,26.72001000,320.96070000,0,0,0,1,
	1.98158500,-5.67663000,3.38836000,8.89382600,26.48001000,318.72070000,0,0,0,1,
	1.98569400,-5.80916100,3.34536000,9.01634400,26.32000000,317.20070000,0,0,0,1,
	1.99132100,-5.80916100,3.34536000,9.01634400,26.24000000,316.16060000,0,0,0,1,
	1.99765600,-5.80916100,3.34536000,9.01634400,26.00000000,314.40070000,0,0,0,1,
	2.00350900,-5.80916100,3.34536000,9.01634400,25.84000000,312.56070000,0,0,0,1,
	2.00953300,-5.95484300,3.29596000,9.12493900,25.68001000,311.12070000,0,0,0,1,
	2.01627800,-5.95484300,3.29596000,9.12493900,25.52000000,309.44070000,0,0,0,1,
	2.02041700,-5.95484300,3.29596000,9.12493900,25.36001000,307.68060000,0,0,0,1,
	2.02652100,-6.10898800,3.40656000,9.22277300,25.20000000,306.80070000,0,0,0,1,
	2.03193500,-6.10898800,3.40656000,9.22277300,25.12001000,305.36070000,0,0,0,1,
	2.03998800,-6.10898800,3.40656000,9.22277300,24.96001000,304.40070000,0,0,0,1,
	2.04800300,-6.27014200,3.51076000,9.31028000,24.80001000,302.88070000,0,0,0,1,
	2.05892200,-6.27014200,3.51076000,9.31028000,24.72001000,301.52070000,0,0,0,1,
	2.06807200,-6.43575100,3.60856000,9.39032300,24.56001000,300.16070000,0,0,0,1,
	2.07321400,-6.43575100,3.60856000,9.39032300,24.48001000,299.52070000,0,0,0,1,
	2.07656000,-6.43575100,3.60856000,9.39032300,24.48001000,299.36070000,0,0,0,1,
	2.08032000,-6.43575100,3.60856000,9.39032300,24.48001000,299.36070000,0,0,0,1,
	2.08394100,-6.43575100,3.60856000,9.39032300,24.48001000,299.36070000,0,0,0,1,
	2.08728200,-6.60262300,3.69996000,9.46813600,24.48001000,299.36070000,0,0,0,1,
	2.09074100,-6.60262300,3.69996000,9.46813600,24.48001000,299.36070000,0,0,0,1,
	2.09798500,-6.60262300,3.69996000,9.46813600,24.48001000,299.36070000,0,0,0,1,
	2.10505800,-6.76949400,3.78496000,9.54594900,24.40001000,299.60070000,0,0,1,1,
	2.11488100,-6.76949400,3.78496000,9.54594900,24.40001000,299.92070000,0,0,1,0,
	2.12250400,-6.76949400,3.78496000,9.54594900,24.40001000,300.80070000,0,0,1,0,
	2.13037600,-6.91824400,3.86355900,9.65357700,24.40001000,301.92070000,0,0,1,0,
	2.13796600,-6.91824400,3.86355900,9.65357700,24.40001000,303.52070000,0,0,1,0,
	2.14290500,-6.91824400,3.86355900,9.65357700,24.40001000,304.96070000,0,0,1,0,
	2.15031000,-7.05837700,3.93576000,9.77365000,24.40001000,306.24070000,0,0,1,0,
	2.15668300,-7.05837700,3.93576000,9.77365000,24.48001000,308.24070000,0,0,1,0,
	2.16369700,-7.05837700,3.93576000,9.77365000,24.48001000,309.84070000,0,0,1,0,
	2.16989600,-7.18745800,4.00156000,9.90697800,24.56001000,311.60070000,0,0,1,0,
	2.17755800,-7.18745800,4.00156000,9.90697800,24.64001000,313.28070000,0,0,1,0,
	2.18217800,-7.18745800,4.00156000,9.90697800,24.72000000,315.52070000,0,0,1,0,
	2.18794500,-7.30441700,4.06096000,10.05236000,24.80000000,316.88070000,0,0,1,0,
	2.19554800,-7.30441700,4.06096000,10.05236000,24.80001000,318.16070000,0,0,1,0,
	2.20168400,-7.30441700,4.06096000,10.05236000,24.96001000,320.40060000,0,0,1,0,
	2.21934600,-7.40896300,4.11396000,10.20807000,25.04000000,321.84070000,0,0,1,0,
	2.22536100,-7.50223100,4.16056000,10.37138000,25.44000000,326.00070000,0,0,1,0,
	2.23526000,-7.50223100,4.16056000,10.37138000,25.60000000,327.12070000,0,0,1,1,
	2.24306200,-7.50223100,4.16056000,10.37138000,25.76001000,328.40070000,0,0,0,1,
	2.24966900,-7.60577500,4.20075900,10.52863000,25.92001000,328.88070000,0,0,0,1,
	2.25386700,-7.60577500,4.20075900,10.52863000,26.00001000,329.04070000,0,0,0,1,
	2.25682100,-7.60577500,4.20075900,10.52863000,26.00001000,329.04070000,0,0,0,1,
	2.26176300,-7.60577500,4.20075900,10.52863000,26.00001000,329.04070000,0,0,0,1,
	2.26742700,-7.71499800,4.23456000,10.68246000,26.08001000,328.88070000,0,0,0,1,
	2.27317000,-7.71499800,4.23456000,10.68246000,26.16000000,328.64070000,0,0,0,1,
	2.28089300,-7.71499800,4.23456000,10.68246000,26.32001000,328.32070000,0,0,0,1,
	2.28742100,-7.82822800,4.26196000,10.83378000,26.48000000,327.44070000,0,0,0,1,
	2.29618500,-7.82822800,4.26196000,10.83378000,26.64001000,326.48070000,0,0,0,1,
	2.30396800,-7.82822800,4.26196000,10.83378000,26.80000000,324.96070000,0,0,0,1,
	2.31358600,-7.95284700,4.28295900,10.97699000,26.88000000,323.20070000,0,0,0,1,
	2.31881600,-7.95284700,4.28295900,10.97699000,26.88000000,320.64070000,0,0,0,1,
	2.32421300,-8.08703600,4.29755900,11.11225000,26.88000000,319.44070000,0,0,0,1,
	2.33048600,-8.08703600,4.29755900,11.11225000,26.88000000,317.84070000,0,0,0,1,
	2.33681200,-8.08703600,4.29755900,11.11225000,26.88000000,316.08070000,0,0,0,1,
	2.34374500,-8.08703600,4.29755900,11.11225000,26.80000000,314.32060000,0,0,0,1,
	2.34961600,-8.23831300,4.30575900,11.23034000,26.64000000,312.16060000,0,0,0,1,
	2.35367900,-8.23831300,4.30575900,11.23034000,26.56000000,310.64070000,0,0,0,1,
	2.36044600,-8.23831300,4.30575900,11.23034000,26.40001000,309.60060000,0,0,0,1,
	2.36687900,-8.39905500,4.30755900,11.33680000,26.24001000,307.68060000,0,0,0,1,
	2.37486400,-8.39905500,4.30755900,11.33680000,26.08001000,306.16060000,0,0,0,1,
	2.38171800,-8.39905500,4.30755900,11.33680000,25.92000000,304.56060000,0,0,0,1,
	2.39477100,-8.56808600,4.30295900,11.43132000,25.76000000,303.36060000,0,0,1,1,
	2.40370000,-8.56808600,4.30295900,11.43132000,25.52000000,301.92060000,0,0,1,0,
	2.40993300,-8.72778000,4.29195900,11.54107000,25.36000000,301.52060000,0,0,1,0,
	2.41389700,-8.72778000,4.29195900,11.54107000,25.28000000,301.44060000,0,0,1,0,
	2.41687300,-8.72778000,4.29195900,11.54107000,25.28000000,301.44060000,0,0,1,0,
	2.42129100,-8.72778000,4.29195900,11.54107000,25.28000000,301.44060000,0,0,1,0,
	2.42592000,-8.88542400,4.27455900,11.65418000,25.20001000,301.52060000,0,0,1,0,
	2.43253300,-8.88542400,4.27455900,11.65418000,25.12001000,301.60060000,0,0,1,0,
	2.44030200,-8.88542400,4.27455900,11.65418000,24.96001000,301.84060000,0,0,1,0,
	2.44750000,-9.04177700,4.25076000,11.76935000,24.80001000,302.24060000,0,0,1,0,
	2.45870200,-9.04177700,4.25076000,11.76935000,24.64001000,302.80060000,0,0,1,0,
	2.46580600,-9.19467500,4.22056000,11.88970000,24.40001000,304.08060000,0,0,1,0,
	2.47458300,-9.19467500,4.22056000,11.88970000,24.32001000,305.04060000,0,0,1,0,
	2.48158700,-9.19467500,4.22056000,11.88970000,24.24001000,306.48060000,0,0,1,0,
	2.48895500,-9.34013700,4.18395900,12.02007000,24.16001000,307.76060000,0,0,1,0,
	2.49459600,-9.34013700,4.18395900,12.02007000,24.16000000,309.04060000,0,0,1,0,
	2.50040200,-9.34013700,4.18395900,12.02007000,24.16000000,310.08060000,0,0,1,0,
	2.50680700,-9.47750200,4.14095900,12.16003000,24.16001000,311.44060000,0,0,1,0,
	2.51295400,-9.47750200,4.14095900,12.16003000,24.16001000,312.72060000,0,0,1,0,
	2.51970000,-9.47750200,4.14095900,12.16003000,24.16001000,314.08060000,0,0,1,0,
	2.52595800,-9.60474200,4.09155900,12.31036000,24.16001000,315.68060000,0,0,1,0,
	2.53336900,-9.60474200,4.09155900,12.31036000,24.16001000,317.36060000,0,0,1,0,
	2.53892900,-9.60474200,4.09155900,12.31036000,24.16001000,319.36060000,0,0,1,0,
	2.54497300,-9.71889800,4.03575900,12.47205000,24.16001000,320.72060000,0,0,1,0,
	2.55248600,-9.71889800,4.03575900,12.47205000,24.16001000,322.32060000,0,0,1,0,
	2.55900100,-9.71889800,4.03575900,12.47205000,24.16001000,324.72060000,0,0,1,0,
	2.56419900,-9.81730700,3.97355900,12.64497000,24.16001000,326.32060000,0,0,1,0,
	2.57063300,-9.81730700,3.97355900,12.64497000,24.24001000,327.84060000,0,0,1,0,
	2.57664100,-9.81730700,3.97355900,12.64497000,24.24001000,329.84050000,0,0,1,0,
	2.58187700,-9.81730700,3.97355900,12.64497000,24.32001000,331.60060000,0,0,1,0,
	2.58950500,-9.89514200,3.90495900,12.82949000,24.40001000,333.12050000,0,0,1,0,
	2.59660800,-9.89514200,3.90495900,12.82949000,24.48001000,335.52050000,0,0,1,0,
	2.60242600,-9.89514200,3.90495900,12.82949000,24.48001000,337.76050000,0,0,1,0,
	2.61152800,-9.95232100,3.90099200,13.02261000,24.56000000,339.52050000,0,0,1,0,
	2.61688600,-9.95232100,3.90099200,13.02261000,24.64001000,342.40050000,0,0,1,0,
	2.62218800,-9.95232100,3.90099200,13.02261000,24.72001000,343.84050000,0,0,1,0,
	2.62787200,-9.98816500,4.01159200,13.22191000,24.80001000,345.84050000,0,0,1,0,
	2.63581200,-9.98816500,4.01159200,13.22191000,24.80000000,347.44060000,0,0,1,0,
	2.64282700,-9.98816500,4.01159200,13.22191000,24.88001000,349.76060000,0,0,1,0,
	2.64892600,-10.00257000,4.11579200,13.42501000,24.96000000,352.00050000,0,0,1,0,
	2.65659300,-10.00257000,4.11579200,13.42501000,25.04001000,353.76060000,0,0,1,0,
	2.66137000,-10.00257000,4.11579200,13.42501000,25.12000000,356.24060000,0,0,1,0,
	2.66798600,-9.99684200,4.21359200,13.62957000,25.12001000,357.68060000,0,0,1,0,
	2.67482100,-9.99684200,4.21359200,13.62957000,25.20000000,359.52060000,0,0,1,0,
	2.67986000,-9.99684200,4.21359200,13.62957000,25.20001000,1.68056500,0,0,1,0,
	2.68737100,-9.97226500,4.30499200,13.83372000,25.28000000,2.96056900,0,0,1,0,
	2.69283600,-9.97226500,4.30499200,13.83372000,25.28001000,5.20057100,0,0,1,0,
	2.69822100,-9.97226500,4.30499200,13.83372000,25.36001000,6.56054400,0,0,1,0,
	2.70461700,-9.92886400,4.38999200,14.03572000,25.36001000,8.24052300,0,0,1,0,
	2.71183000,-9.92886400,4.38999200,14.03572000,25.44001000,9.84053700,0,0,1,0,
	2.71917300,-9.92886400,4.38999200,14.03572000,25.44000000,11.52054000,0,0,1,0,
	2.72645800,-9.86710500,4.46859200,14.23392000,25.52000000,13.44054000,0,0,1,0,
	2.73166700,-9.86710500,4.46859200,14.23392000,25.52000000,14.96053000,0,0,1,0,
	2.73758700,-9.86710500,4.46859200,14.23392000,25.52000000,15.92053000,0,0,1,0,
	2.74356600,-9.86710500,4.46859200,14.23392000,25.60000000,17.20053000,0,0,1,0,
	2.74941000,-9.78839600,4.54079200,14.42709000,25.60001000,18.32052000,0,0,1,0,
	2.75447200,-9.78839600,4.54079200,14.42709000,25.60000000,19.36053000,0,0,1,0,
	2.76232900,-9.78839600,4.54079200,14.42709000,25.68001000,20.32053000,0,0,1,0,
	2.76849000,-9.69851000,4.60659200,14.61608000,25.76001000,21.60051000,0,0,1,0,
	2.77419200,-9.69851000,4.60659200,14.61608000,25.76001000,22.48054000,0,0,1,0,
	2.77847900,-9.69851000,4.60659200,14.61608000,25.84000000,23.12053000,0,0,1,0,
	2.78558300,-9.60190600,4.66599200,14.80222000,25.84001000,23.60055000,0,0,1,0,
	2.79277000,-9.60190600,4.66599200,14.80222000,25.92000000,24.32057000,0,0,1,0,
	2.79940600,-9.60190600,4.66599200,14.80222000,26.00001000,24.80056000,0,0,1,0,
	2.80558000,-9.49998800,4.71899200,14.98592000,26.08001000,25.20057000,0,0,1,0,
	2.81114600,-9.49998800,4.71899200,14.98592000,26.08001000,25.44055000,0,0,1,0,
	2.81625800,-9.49998800,4.71899200,14.98592000,26.08001000,25.60054000,0,0,1,0,
	2.81936200,-9.49998800,4.71899200,14.98592000,26.16000000,25.68054000,0,0,1,0,
	2.82271800,-9.49998800,4.71899200,14.98592000,26.16000000,25.68054000,0,0,1,0,
	2.82560600,-9.39648500,4.76559200,15.16887000,26.16000000,25.68054000,0,0,1,0,
	2.82972500,-9.39648500,4.76559200,15.16887000,26.16000000,25.68054000,0,0,1,0,
	2.83230900,-9.39648500,4.76559200,15.16887000,26.16000000,25.68054000,0,0,1,0,
	2.83521200,-9.39648500,4.76559200,15.16887000,26.16000000,25.68054000,0,0,1,0,
	2.83826700,-9.39648500,4.76559200,15.16887000,26.16000000,25.68054000,0,0,1,0,
	2.84149200,-9.39648500,4.76559200,15.16887000,26.16000000,25.68054000,0,0,1,0,
	2.84632500,-9.29298300,4.80579100,15.35181000,26.16000000,25.68054000,0,0,1,1,
	2.85289200,-9.29298300,4.80579100,15.35181000,26.16000000,25.68054000,0,0,1,1,
	2.85906800,-9.29298300,4.80579100,15.35181000,26.16000000,25.60054000,0,0,0,1,
	2.86574700,-9.20062700,4.83959200,15.54007000,26.24001000,25.52057000,0,0,0,1,
	2.87324600,-9.20062700,4.83959200,15.54007000,26.24001000,25.44058000,0,0,0,1,
	2.87815600,-9.20062700,4.83959200,15.54007000,26.32001000,25.28059000,0,0,0,1,
	2.88260500,-9.20062700,4.83959200,15.54007000,26.32000000,25.12057000,0,0,0,1,
	2.88791700,-9.12452400,4.86699200,15.73605000,26.40001000,25.04058000,0,0,0,1,
	2.89320700,-9.12452400,4.86699200,15.73605000,26.40001000,24.88059000,0,0,0,1,
	2.89748500,-9.12452400,4.86699200,15.73605000,26.48000000,24.72057000,0,0,0,1,
	2.90233100,-9.12452400,4.86699200,15.73605000,26.48000000,24.56058000,0,0,0,1,
	2.90807200,-9.05055100,4.88799100,15.93301000,26.56001000,24.40056000,0,0,0,1,
	2.91469000,-9.05055100,4.88799100,15.93301000,26.56000000,24.16057000,0,0,0,1,
	2.92048200,-9.05055100,4.88799100,15.93301000,26.64000000,23.84056000,0,0,0,1,
	2.92645500,-8.97926000,4.90259100,16.13115000,26.72001000,23.60058000,0,0,0,1,
	2.93310600,-8.97926000,4.90259100,16.13115000,26.72001000,23.28057000,0,0,0,1,
	2.94379700,-8.97926000,4.90259100,16.13115000,26.80001000,22.88057000,0,0,0,1,
	2.95578500,-8.91312200,4.91079100,16.33143000,26.88000000,22.08059000,0,0,0,1,
	2.96590700,-8.85055100,4.91259100,16.53309000,26.96001000,21.04060000,0,0,0,1,
	2.97096100,-8.85055100,4.91259100,16.53309000,27.04000000,19.92059000,0,0,0,1,
	2.97795300,-8.85055100,4.91259100,16.53309000,27.04000000,19.36059000,0,0,0,1,
	2.98388300,-8.85055100,4.91259100,16.53309000,27.12000000,18.48059000,0,0,0,1,
	2.98874300,-8.79968500,4.90799100,16.73875000,27.12000000,17.68061000,0,0,0,1,
	2.99949000,-8.79968500,4.90799100,16.73875000,27.20000000,17.12059000,0,0,0,1,
	3.00538600,-8.75706700,4.89699100,16.94675000,27.20000000,15.36059000,0,0,0,1,
	3.01834800,-8.75706700,4.89699100,16.94675000,27.28001000,14.56061000,0,0,0,1,
	3.02346000,-8.75706700,4.89699100,16.94675000,27.28001000,12.24061000,0,0,0,1,
	3.04184700,-8.72891100,4.87959100,17.15795000,27.36000000,11.36058000,0,0,0,1,
	3.05111100,-8.71341700,4.85579200,17.37092000,27.36001000,7.92059800,0,0,0,1,
	3.06069800,-8.71341700,4.85579200,17.37092000,27.36000000,6.24059000,0,0,0,1,
	3.06749500,-8.71187100,4.82559200,17.58513000,27.36000000,4.16060600,0,0,0,1,
	3.07450500,-8.71187100,4.82559200,17.58513000,27.36001000,2.80063300,0,0,0,1,
	3.07971400,-8.71187100,4.82559200,17.58513000,27.36001000,1.28064300,0,0,0,1,
	3.08362800,-8.71187100,4.82559200,17.58513000,27.36000000,0.16062870,0,0,0,1,
	3.08887100,-8.72856600,4.78899100,17.79968000,27.36000000,359.28060000,0,0,0,1,
	3.09628200,-8.72856600,4.78899100,17.79968000,27.36000000,358.16060000,0,0,0,1,
	3.10250100,-8.72856600,4.78899100,17.79968000,27.28001000,356.48070000,0,0,0,1,
	3.10861100,-8.76174900,4.89959100,18.01318000,27.28001000,354.88060000,0,0,0,1,
	3.11442300,-8.76174900,4.89959100,18.01318000,27.28001000,353.52070000,0,0,0,1,
	3.11937100,-8.76174900,4.89959100,18.01318000,27.20000000,352.24070000,0,0,0,1,
	3.12599300,-8.80987100,5.00379100,18.22463000,27.20001000,350.88070000,0,0,0,1,
	3.13349600,-8.80987100,5.00379100,18.22463000,27.12000000,349.60070000,0,0,0,1,
	3.13899700,-8.80987100,5.00379100,18.22463000,27.12000000,347.68070000,0,0,0,1,
	3.14575700,-8.87339100,5.10159100,18.43282000,27.04000000,346.72070000,0,0,0,1,
	3.15376400,-8.87339100,5.10159100,18.43282000,26.96000000,345.28070000,0,0,0,1,
	3.15892900,-8.87339100,5.10159100,18.43282000,26.88000000,343.68070000,0,0,0,1,
	3.16467300,-8.95093600,5.19299100,18.63702000,26.80000000,342.88060000,0,0,0,1,
	3.17038800,-8.95093600,5.19299100,18.63702000,26.80001000,341.84070000,0,0,0,1,
	3.17732300,-8.95093600,5.19299100,18.63702000,26.64001000,340.80070000,0,0,0,1,
	3.18299900,-8.95093600,5.19299100,18.63702000,26.56000000,339.68070000,0,0,0,1,
	3.19089800,-9.04227300,5.27799100,18.83633000,26.48000000,339.04060000,0,0,0,1,
	3.19792900,-9.04227300,5.27799100,18.83633000,26.40000000,338.00060000,0,0,0,1,
	3.20422800,-9.14039400,5.35659100,19.03284000,26.24000000,337.12060000,0,0,0,1,
	3.21088600,-9.14039400,5.35659100,19.03284000,26.16001000,336.56060000,0,0,0,1,
	3.21575200,-9.14039400,5.35659100,19.03284000,26.08001000,336.00060000,0,0,0,1,
	3.22162300,-9.14039400,5.35659100,19.03284000,26.00000000,335.68060000,0,0,0,1,
	3.22653800,-9.24467300,5.42879100,19.22661000,26.00001000,335.36060000,0,0,0,1,
	3.23180600,-9.24467300,5.42879100,19.22661000,25.92001000,335.20060000,0,0,0,1,
	3.23606300,-9.24467300,5.42879100,19.22661000,25.92001000,335.04060000,0,0,0,1,
	3.24131700,-9.24467300,5.42879100,19.22661000,25.92001000,335.04060000,0,0,1,1,
	3.24876600,-9.35006400,5.49459100,19.41986000,25.84000000,334.96060000,0,0,1,0,
	3.25434200,-9.35006400,5.49459100,19.41986000,25.84000000,334.96060000,0,0,1,0,
	3.25728200,-9.35006400,5.49459100,19.41986000,25.84000000,334.96060000,0,0,1,0,
	3.26063500,-9.35006400,5.49459100,19.41986000,25.84000000,334.96060000,0,0,1,0,
	3.26342300,-9.35006400,5.49459100,19.41986000,25.84000000,334.96060000,0,0,1,0,
	3.26675300,-9.43036500,5.55399100,19.62484000,25.84000000,334.96060000,0,0,1,0,
	3.27039000,-9.43036500,5.55399100,19.62484000,25.84000000,334.96060000,0,0,1,0,
	3.27500800,-9.43036500,5.55399100,19.62484000,25.84000000,334.96060000,0,0,1,0,
	3.28013400,-9.43036500,5.55399100,19.62484000,25.84000000,335.04060000,0,0,1,0,
	3.28432800,-9.51010900,5.60699100,19.83007000,25.84001000,335.12060000,0,0,1,0,
	3.29019500,-9.51010900,5.60699100,19.83007000,25.76000000,335.28060000,0,0,1,0,
	3.29871000,-9.51010900,5.60699100,19.83007000,25.76001000,335.52060000,0,0,1,0,
	3.30450700,-9.58649300,5.65359100,20.03682000,25.68001000,336.08060000,0,0,1,0,
	3.31508600,-9.58649300,5.65359100,20.03682000,25.60000000,336.56060000,0,0,1,0,
	3.32208100,-9.58649300,5.65359100,20.03682000,25.60000000,337.36060000,0,0,1,0,
	3.33144400,-9.65549400,5.69379100,20.24662000,25.52001000,338.16060000,0,0,1,0,
	3.33733100,-9.65549400,5.69379100,20.24662000,25.44001000,339.52060000,0,0,1,0,
	3.34179000,-9.65549400,5.69379100,20.24662000,25.44000000,340.32060000,0,0,1,0,
	3.34750000,-9.71435500,5.72759100,20.46010000,25.36001000,340.96060000,0,0,1,0,
	3.35894400,-9.71435500,5.72759100,20.46010000,25.36000000,342.08060000,0,0,1,0,
	3.36470700,-9.76166900,5.75499100,20.67702000,25.28001000,344.08060000,0,0,1,0,
	3.37111400,-9.76166900,5.75499100,20.67702000,25.28000000,345.20060000,0,0,1,0,
	3.37986400,-9.76166900,5.75499100,20.67702000,25.28000000,346.56050000,0,0,1,0,
	3.38547800,-9.79328900,5.77599100,20.89761000,25.28001000,348.24050000,0,0,1,0,
	3.39534100,-9.79328900,5.77599100,20.89761000,25.28001000,349.52050000,0,0,1,1,
	3.40375600,-9.79328900,5.77599100,20.89761000,25.28001000,351.12050000,0,0,0,1,
	3.41122500,-9.83669000,5.79059100,21.11679000,25.36000000,352.08050000,0,0,0,1,
	3.41698800,-9.83669000,5.79059100,21.11679000,25.44001000,352.72060000,0,0,0,1,
	3.42202100,-9.83669000,5.79059100,21.11679000,25.44001000,352.96050000,0,0,0,1,
	3.42528500,-9.88009100,5.79879100,21.33596000,25.52000000,353.04050000,0,0,0,1,
	3.42888100,-9.88009100,5.79879100,21.33596000,25.52000000,353.04050000,0,0,0,1,
	3.43182000,-9.88009100,5.79879100,21.33596000,25.52000000,353.04050000,0,0,0,1,
	3.43625300,-9.88009100,5.79879100,21.33596000,25.52000000,353.04050000,0,0,0,1,
	3.44209900,-9.88009100,5.79879100,21.33596000,25.60001000,352.96050000,0,0,0,1,
	3.44805000,-9.92349100,5.80059100,21.55513000,25.68001000,352.72060000,0,0,0,1,
	3.45678700,-9.92349100,5.80059100,21.55513000,25.76001000,352.40050000,0,0,0,1,
	3.46293900,-9.92349100,5.80059100,21.55513000,25.92001000,351.76050000,0,0,0,1,
	3.46893400,-9.97178700,5.79599100,21.77357000,26.00000000,351.12050000,0,0,0,1,
	3.48895200,-10.02316000,5.78499100,21.99148000,26.08000000,350.32050000,0,0,0,1,
	3.49382700,-10.02316000,5.78499100,21.99148000,26.16000000,347.28050000,0,0,0,1,
	3.49879600,-10.02316000,5.78499100,21.99148000,26.16000000,346.16050000,0,0,0,1,
	3.50388700,-10.02316000,5.78499100,21.99148000,26.16001000,345.20050000,0,0,0,1,
	3.50836900,-10.09791000,5.76759100,22.20366000,26.16000000,344.16050000,0,0,0,1,
	3.51446300,-10.09791000,5.76759100,22.20366000,26.08001000,342.96050000,0,0,0,1,
	3.52053700,-10.09791000,5.76759100,22.20366000,26.00001000,341.68050000,0,0,0,1,
	3.52749100,-10.18755000,5.74379100,22.41086000,25.92000000,340.16050000,0,0,0,1,
	3.53308800,-10.18755000,5.74379100,22.41086000,25.76001000,338.56050000,0,0,0,1,
	3.53698900,-10.18755000,5.74379100,22.41086000,25.60000000,337.28050000,0,0,0,1,
	3.54250800,-10.18755000,5.74379100,22.41086000,25.52000000,336.64050000,0,0,0,1,
	3.54859000,-10.29404000,5.71359100,22.61097000,25.44001000,335.52050000,0,0,0,1,
	3.55451900,-10.29404000,5.71359100,22.61097000,25.28001000,334.32050000,0,0,0,1,
	3.55868100,-10.29404000,5.71359100,22.61097000,25.12001000,333.28050000,0,0,0,1,
	3.56498600,-10.41073000,5.67699100,22.80601000,25.04001000,332.64040000,0,0,0,1,
	3.57063800,-10.41073000,5.67699100,22.80601000,24.96001000,331.68050000,0,0,0,1,
	3.57789800,-10.41073000,5.67699100,22.80601000,24.80001000,330.72050000,0,0,0,1,
	3.58358800,-10.41073000,5.67699100,22.80601000,24.72001000,330.00050000,0,0,0,1,
	3.58917100,-10.53875000,5.63399100,22.99467000,24.64001000,329.36050000,0,0,0,1,
	3.59552400,-10.53875000,5.63399100,22.99467000,24.56001000,329.04050000,0,0,0,1,
	3.59976700,-10.53875000,5.63399100,22.99467000,24.48001000,328.80050000,0,0,1,1,
	3.60463500,-10.66867000,5.74459100,23.18217000,24.48001000,328.80050000,0,0,1,1,
	3.60870100,-10.66867000,5.74459100,23.18217000,24.48001000,328.80050000,0,0,1,1,
	3.61361600,-10.66867000,5.74459100,23.18217000,24.48001000,328.80050000,0,0,1,0,
	3.61966800,-10.66867000,5.74459100,23.18217000,24.48001000,328.88050000,0,0,1,0,
	3.62574900,-10.77980000,5.84879100,23.38099000,24.40000000,329.04050000,0,0,1,0,
	3.63282600,-10.77980000,5.84879100,23.38099000,24.32001000,329.28040000,0,0,1,0,
	3.63875000,-10.77980000,5.84879100,23.38099000,24.24001000,329.68050000,0,0,1,0,
	3.64639400,-10.88104000,5.94659000,23.58563000,24.16000000,330.16050000,0,0,1,0,
	3.65542800,-10.88104000,5.94659000,23.58563000,24.08001000,330.96040000,0,0,1,0,
	3.66183100,-10.88104000,5.94659000,23.58563000,24.00001000,332.00040000,0,0,1,0,
	3.66758800,-10.97244000,6.03799100,23.79550000,24.00001000,332.96040000,0,0,1,0,
	3.67395400,-10.97244000,6.03799100,23.79550000,23.92001000,333.84050000,0,0,1,0,
	3.67947500,-10.97244000,6.03799100,23.79550000,23.92001000,334.88050000,0,0,1,0,
	3.68585500,-11.05313000,6.12299100,24.01037000,23.92001000,335.92050000,0,0,1,0,
	3.69190200,-11.05313000,6.12299100,24.01037000,23.92001000,337.04050000,0,0,1,0,
	3.70098300,-11.05313000,6.12299100,24.01037000,23.92001000,338.40050000,0,0,1,0,
	3.70621000,-11.11647000,6.20159100,24.23189000,23.92001000,340.56050000,0,0,1,0,
	3.71483300,-11.11647000,6.20159100,24.23189000,23.84001000,341.84050000,0,0,1,0,
	3.72157200,-11.11647000,6.20159100,24.23189000,23.84001000,344.16050000,0,0,1,0,
	3.72691500,-11.15812000,6.27379000,24.45947000,23.84001000,346.16050000,0,0,1,0,
	3.73204900,-11.15812000,6.27379000,24.45947000,23.84000000,347.68050000,0,0,1,0,
	3.73729500,-11.15812000,6.27379000,24.45947000,23.84001000,349.12050000,0,0,1,0,
	3.74321000,-11.15812000,6.27379000,24.45947000,23.84001000,350.96040000,0,0,1,0,
	3.74849400,-11.17365000,6.33959100,24.69154000,23.84001000,352.72050000,0,0,1,0,
	3.75481900,-11.17365000,6.33959100,24.69154000,23.84001000,354.24040000,0,0,1,0,
	3.75948900,-11.17365000,6.33959100,24.69154000,23.84001000,356.00040000,0,0,1,0,
	3.76363000,-11.17365000,6.33959100,24.69154000,23.92001000,357.60050000,0,0,1,0,
	3.76882100,-11.16388000,6.39899100,24.92509000,23.92001000,358.96040000,0,0,1,0,
	3.77449800,-11.16388000,6.39899100,24.92509000,23.92001000,0.56044080,0,0,1,0,
	3.78002900,-11.16388000,6.39899100,24.92509000,24.00001000,2.56045700,0,0,1,0,
	3.78689000,-11.13260000,6.45199100,25.15771000,24.00001000,4.24043800,0,0,1,0,
	3.79180000,-11.13260000,6.45199100,25.15771000,24.08001000,6.80044700,0,0,1,0,
	3.79846700,-11.13260000,6.45199100,25.15771000,24.08001000,8.16041900,0,0,1,0,
	3.80545600,-11.07474000,6.49859000,25.38627000,24.16001000,10.80045000,0,0,1,0,
	3.81052200,-11.07474000,6.49859000,25.38627000,24.16001000,13.12045000,0,0,1,0,
	3.81428900,-11.07474000,6.49859000,25.38627000,24.24000000,14.72046000,0,0,1,0,
	3.81987200,-11.07474000,6.49859000,25.38627000,24.24001000,16.08044000,0,0,1,0,
	3.82762300,-10.98862000,6.53879000,25.60709000,24.24001000,17.92043000,0,0,1,0,
	3.83285300,-10.98862000,6.53879000,25.60709000,24.32000000,20.32042000,0,0,1,0,
	3.83817200,-10.98862000,6.53879000,25.60709000,24.32001000,22.00043000,0,0,1,0,
	3.84561000,-10.87946000,6.57259000,25.81864000,24.32001000,23.92043000,0,0,1,0,
	3.85238800,-10.87946000,6.57259000,25.81864000,24.40000000,26.48044000,0,0,1,0,
	3.85877300,-10.87946000,6.57259000,25.81864000,24.40001000,28.88042000,0,0,1,0,
	3.86593500,-10.74491000,6.59999000,26.01636000,24.40001000,30.88044000,0,0,1,0,
	3.87099500,-10.74491000,6.59999000,26.01636000,24.48001000,33.20044000,0,0,1,0,
	3.88055200,-10.74491000,6.59999000,26.01636000,24.48001000,34.96045000,0,0,1,0,
	3.88683200,-10.58521000,6.62099000,26.19585000,24.56001000,38.32043000,0,0,1,0,
	3.89651400,-10.58521000,6.62099000,26.19585000,24.56001000,40.32042000,0,0,1,0,
	3.90195700,-10.58521000,6.62099000,26.19585000,24.56001000,43.60045000,0,0,1,0,
	3.90969400,-10.40488000,6.63559000,26.35615000,24.64001000,45.04044000,0,0,1,0,
	3.91638400,-10.40488000,6.63559000,26.35615000,24.64001000,47.68044000,0,0,1,0,
	3.92365800,-10.40488000,6.63559000,26.35615000,24.72001000,49.92045000,0,0,1,0,
	3.93032100,-10.20538000,6.64379000,26.49381000,24.72001000,52.08045000,0,0,1,0,
	3.93651400,-10.20538000,6.64379000,26.49381000,24.80001000,54.24045000,0,0,1,0,
	3.94381000,-10.20538000,6.64379000,26.49381000,24.80000000,55.84044000,0,0,1,0,
	3.94993900,-9.99189900,6.64559000,26.61070000,24.88001000,58.00045000,0,0,1,0,
	3.95768500,-9.99189900,6.64559000,26.61070000,24.88001000,59.60046000,0,0,1,0,
	3.96488000,-9.77019200,6.64099000,26.71272000,24.88001000,62.00045000,0,0,1,0,
	3.97068400,-9.77019200,6.64099000,26.71272000,24.88001000,63.76046000,0,0,1,0,
	3.97664300,-9.77019200,6.64099000,26.71272000,24.88001000,65.52049000,0,0,1,0,
	3.98135400,-9.77019200,6.64099000,26.71272000,24.88001000,67.04048000,0,0,1,0,
	3.98684300,-9.53775700,6.62999000,26.79080000,24.88001000,68.16047000,0,0,1,0,
	3.99288200,-9.53775700,6.62999000,26.79080000,24.88001000,69.44047000,0,0,1,0,
	3.99858700,-9.53775700,6.62999000,26.79080000,24.88001000,70.88046000,0,0,1,0,
	4.00598800,-9.29941200,6.61259000,26.85172000,24.88000000,72.40045000,0,0,1,0,
	4.01456500,-9.29941200,6.61259000,26.85172000,24.88001000,74.00047000,0,0,1,0,
	4.02071800,-9.29941200,6.61259000,26.85172000,24.96001000,75.76047000,0,0,1,0,
	4.02758600,-9.05615100,6.58879000,26.89368000,24.96001000,76.96047000,0,0,1,0,
	4.03587200,-9.05615100,6.58879000,26.89368000,24.96001000,78.16048000,0,0,1,0,
	4.04082900,-9.05615100,6.58879000,26.89368000,25.04001000,79.52048000,0,0,1,0,
	4.04676600,-8.81024000,6.55859000,26.92177000,25.04001000,80.24047000,0,0,1,0,
	4.05213000,-8.81024000,6.55859000,26.92177000,25.12001000,81.12047000,0,0,1,0,
	4.05961700,-8.81024000,6.55859000,26.92177000,25.20000000,81.60049000,0,0,1,0,
	4.06887100,-8.56294300,6.52199000,26.94030000,25.28001000,82.48050000,0,0,1,0,
	4.07408500,-8.56294300,6.52199000,26.94030000,25.36000000,83.28048000,0,0,1,0,
	4.07971000,-8.56294300,6.52199000,26.94030000,25.36001000,83.68048000,0,0,1,0,
	4.08454100,-8.31493900,6.47899000,26.95263000,25.44001000,83.92046000,0,0,1,0,
	4.08978400,-8.31493900,6.47899000,26.95263000,25.44001000,84.16046000,0,0,1,0,
	4.09447100,-8.31493900,6.47899000,26.95263000,25.52001000,84.32047000,0,0,1,0,
	4.09917300,-8.31493900,6.47899000,26.95263000,25.52000000,84.40044000,0,0,1,0,
	4.10279800,-8.31493900,6.47899000,26.95263000,25.52000000,84.48044000,0,0,1,0,
	4.10613100,-8.06669500,6.42959000,26.96255000,25.52000000,84.48044000,0,0,1,0,
	4.11030100,-8.06669500,6.42959000,26.96255000,25.52000000,84.48044000,0,0,1,0,
	4.11622000,-8.06669500,6.42959000,26.96255000,25.52000000,84.48044000,0,0,1,0,
	4.11945400,-8.06669500,6.42959000,26.96255000,25.60001000,84.48044000,0,0,1,0,
	4.12395800,-8.06669500,6.42959000,26.96255000,25.60001000,84.48044000,0,0,1,0,
	4.12741300,-7.81845100,6.37379000,26.97248000,25.60001000,84.40044000,0,0,1,0,
	4.13273200,-7.81845100,6.37379000,26.97248000,25.60001000,84.40044000,0,0,1,0,
	4.13796400,-7.81845100,6.37379000,26.97248000,25.68000000,84.32047000,0,0,1,0,
	4.14424100,-7.57020700,6.48439000,26.98240000,25.68001000,84.16046000,0,0,1,0,
	4.15082000,-7.57020700,6.48439000,26.98240000,25.76000000,84.00046000,0,0,1,0,
	4.15530700,-7.57020700,6.48439000,26.98240000,25.76001000,83.76048000,0,0,1,0,
	4.16521900,-7.32196200,6.58859000,26.99233000,25.84000000,83.52047000,0,0,1,0,
	4.17194300,-7.32196200,6.58859000,26.99233000,25.92001000,82.96047000,0,0,1,0,
	4.17967400,-7.32196200,6.58859000,26.99233000,26.00000000,82.40048000,0,0,1,1,
	4.18782900,-7.07371800,6.68639000,27.00225000,26.08001000,81.76047000,0,0,1,1,
	4.19584500,-7.07371800,6.68639000,27.00225000,26.16000000,80.88046000,0,0,0,1,
	4.20442100,-6.82828000,6.77779000,27.02796000,26.32000000,79.92046000,0,0,0,1,
	4.22010600,-6.82828000,6.77779000,27.02796000,26.40001000,78.80048000,0,0,0,1,
	4.23090500,-6.59337300,6.86279000,27.09990000,26.48000000,76.24046000,0,0,0,1,
	4.23747000,-6.59337300,6.86279000,27.09990000,26.56001000,74.08046000,0,0,0,1,
	4.24403500,-6.59337300,6.86279000,27.09990000,26.64001000,72.80048000,0,0,0,1,
	4.24992700,-6.36448700,6.94139000,27.19151000,26.72001000,71.44049000,0,0,0,1,
	4.25648500,-6.36448700,6.94139000,27.19151000,26.72000000,70.16049000,0,0,0,1,
	4.26208700,-6.36448700,6.94139000,27.19151000,26.80000000,68.56049000,0,0,0,1,
	4.27110500,-6.14211500,7.01359000,27.29980000,26.88000000,67.28049000,0,0,0,1,
	4.27872300,-6.14211500,7.01359000,27.29980000,26.96000000,65.12048000,0,0,0,1,
	4.28801100,-5.92723500,7.07939000,27.42364000,27.04000000,63.28048000,0,0,0,1,
	4.29285500,-5.92723500,7.07939000,27.42364000,27.20000000,60.96049000,0,0,0,1,
	4.30076500,-5.92723500,7.07939000,27.42364000,27.28000000,59.76048000,0,0,0,1,
	4.30684400,-5.72369500,7.13879000,27.56692000,27.36001000,58.08047000,0,0,0,1,
	4.31490100,-5.72369500,7.13879000,27.56692000,27.44000000,56.48045000,0,0,0,1,
	4.32040600,-5.72369500,7.13879000,27.56692000,27.60000000,54.80048000,0,0,0,1,
	4.33198000,-5.53172200,7.19179000,27.72671000,27.68000000,53.44048000,0,0,0,1,
	4.33678800,-5.53172200,7.19179000,27.72671000,27.76000000,51.12048000,0,0,0,1,
	4.34262100,-5.53172200,7.19179000,27.72671000,27.84000000,49.92047000,0,0,0,1,
	4.35074900,-5.35315400,7.23839000,27.90257000,27.92001000,48.64046000,0,0,0,1,
	4.35628200,-5.35315400,7.23839000,27.90257000,27.92000000,46.80047000,0,0,0,1,
	4.36697700,-5.18326600,7.27859000,28.08755000,27.92000000,45.76048000,0,0,0,1,
	4.37801000,-5.18326600,7.27859000,28.08755000,28.00001000,43.12044000,0,0,0,1,
	4.38469000,-5.02924900,7.31239000,28.28687000,28.00001000,40.88047000,0,0,0,1,
	4.39175700,-5.02924900,7.31239000,28.28687000,28.00000000,39.12044000,0,0,0,1,
	4.39783600,-5.02924900,7.31239000,28.28687000,28.00001000,37.84046000,0,0,0,1,
	4.40490100,-4.89048800,7.33979000,28.49807000,28.00000000,36.48046000,0,0,0,1,
	4.41248000,-4.89048800,7.33979000,28.49807000,28.00000000,34.96047000,0,0,0,1,
	4.42021200,-4.89048800,7.33979000,28.49807000,28.00001000,33.36046000,0,0,0,1,
	4.42486400,-4.76851000,7.36079000,28.72036000,28.00000000,31.92046000,0,0,0,1,
	4.43238300,-4.76851000,7.36079000,28.72036000,28.00000000,30.96047000,0,0,0,1,
	4.44233300,-4.76851000,7.36079000,28.72036000,28.00000000,29.28049000,0,0,0,1,
	4.44899700,-4.66549600,7.37539000,28.95298000,28.00000000,27.04048000,0,0,0,1,
	4.45473300,-4.66549600,7.37539000,28.95298000,28.00000000,26.00049000,0,0,0,1,
	4.46273900,-4.66549600,7.37539000,28.95298000,28.00001000,24.64049000,0,0,0,1,
	4.46900700,-4.57965600,7.38359000,29.19330000,27.92001000,22.80049000,0,0,0,1,
	4.47507000,-4.57965600,7.38359000,29.19330000,27.92000000,21.28050000,0,0,0,1,
	4.48056000,-4.57965600,7.38359000,29.19330000,27.84000000,20.00053000,0,0,0,1,
	4.48786000,-4.51190500,7.38539000,29.44019000,27.84001000,18.48054000,0,0,0,1,
	4.49260900,-4.51190500,7.38539000,29.44019000,27.76000000,16.72050000,0,0,0,1,
	4.49852500,-4.51190500,7.38539000,29.44019000,27.68000000,15.44053000,0,0,0,1,
	4.50559200,-4.46309500,7.38079000,29.69233000,27.68000000,14.08053000,0,0,0,1,
	4.51470000,-4.46309500,7.38079000,29.69233000,27.60000000,12.48051000,0,0,0,1,
	4.51955400,-4.46309500,7.38079000,29.69233000,27.52001000,10.24054000,0,0,0,1,
	4.52708700,-4.43542000,7.36979000,29.94851000,27.52000000,9.28054200,0,0,0,1,
	4.53309100,-4.43542000,7.36979000,29.94851000,27.44000000,7.84054900,0,0,0,1,
	4.53861000,-4.43542000,7.36979000,29.94851000,27.44000000,6.88055100,0,0,0,1,
	4.54462900,-4.42381500,7.35239000,30.20662000,27.36000000,5.68054200,0,0,0,1,
	4.55165800,-4.42381500,7.35239000,30.20662000,27.36001000,4.80054000,0,0,0,1,
	4.55786800,-4.42381500,7.35239000,30.20662000,27.36001000,3.76052100,0,0,0,1,
	4.56386500,-4.42381500,7.35239000,30.20662000,27.36000000,3.04053700,0,0,0,1,
	4.56971600,-4.42696800,7.32859000,30.46566000,27.36000000,2.40052100,0,0,0,1,
	4.57620600,-4.42696800,7.32859000,30.46566000,27.36000000,1.92049500,0,0,0,1,
	4.58116000,-4.42696800,7.32859000,30.46566000,27.28001000,1.52049200,0,0,0,1,
	4.58425500,-4.43481600,7.29839000,30.72484000,27.28001000,1.36050200,0,0,0,1,
	4.58805300,-4.43481600,7.29839000,30.72484000,27.28001000,1.36050200,0,0,0,1,
	4.59060500,-4.43481600,7.29839000,30.72484000,27.28001000,1.36050200,0,0,0,1,
	4.59345600,-4.43481600,7.29839000,30.72484000,27.28001000,1.36050200,0,0,0,1,
	4.59663900,-4.43481600,7.29839000,30.72484000,27.28001000,1.36050200,0,0,0,1,
	4.59921700,-4.43481600,7.29839000,30.72484000,27.28001000,1.36050200,0,0,0,1,
	4.60502000,-4.44266500,7.26179000,30.98402000,27.28001000,1.36050200,0,0,0,1,
	4.61020600,-4.44266500,7.26179000,30.98402000,27.20000000,1.52049200,0,0,0,1,
	4.61761000,-4.44266500,7.26179000,30.98402000,27.20000000,1.68051000,0,0,0,1,
	4.62396400,-4.44266500,7.26179000,30.98402000,27.12000000,2.16050800,0,0,0,1,
	4.63366500,-4.45051400,7.21879000,31.24320000,27.04000000,2.64053400,0,0,1,1,
	4.64629100,-4.45836300,7.16939000,31.50238000,26.96000000,3.76052100,0,0,1,0,
	4.65859500,-4.45836300,7.16939000,31.50238000,26.96000000,5.76053700,0,0,1,0,
	4.66499200,-4.41672800,7.11359000,31.75553000,26.96000000,8.16053000,0,0,1,0,
	4.67250000,-4.41672800,7.11359000,31.75553000,26.96001000,9.52050300,0,0,1,0,
	4.67938300,-4.41672800,7.11359000,31.75553000,26.96000000,11.20051000,0,0,1,0,
	4.68645000,-4.34611700,7.10271800,32.00312000,26.96000000,12.80049000,0,0,1,0,
	4.69262800,-4.34611700,7.10271800,32.00312000,26.96000000,14.16049000,0,0,1,0,
	4.69950900,-4.34611700,7.10271800,32.00312000,26.96000000,15.44050000,0,0,1,0,
	4.70701600,-4.25750100,7.10054300,32.24570000,26.96000000,16.96049000,0,0,1,0,
	4.71271900,-4.25750100,7.10054300,32.24570000,26.88000000,18.32046000,0,0,1,0,
	4.72043000,-4.25750100,7.10054300,32.24570000,26.88000000,19.44045000,0,0,1,0,
	4.72554400,-4.15324500,7.21114300,32.48276000,26.88000000,20.64046000,0,0,1,0,
	4.73080200,-4.15324500,7.21114300,32.48276000,26.88001000,21.52046000,0,0,1,0,
	4.73596800,-4.15324500,7.21114300,32.48276000,26.88000000,22.16048000,0,0,1,0,
	4.74177900,-4.15324500,7.21114300,32.48276000,26.88000000,22.72050000,0,0,1,0,
	4.74854100,-4.03795400,7.31534300,32.71529000,26.88000000,23.28049000,0,0,1,0,
	4.75419500,-4.03795400,7.31534300,32.71529000,26.96001000,23.84049000,0,0,1,0,
	4.75938800,-4.03795400,7.31534300,32.71529000,26.96000000,24.16049000,0,0,1,0,
	4.76464200,-3.91836400,7.41314300,32.94591000,27.04000000,24.32048000,0,0,1,0,
	4.76840700,-3.91836400,7.41314300,32.94591000,27.04000000,24.40048000,0,0,1,0,
	4.77108500,-3.91836400,7.41314300,32.94591000,27.04000000,24.40048000,0,0,1,0,
	4.77372000,-3.91836400,7.41314300,32.94591000,27.04000000,24.40048000,0,0,1,0,
	4.77704000,-3.91836400,7.41314300,32.94591000,27.04000000,24.40048000,0,0,1,0,
	4.77980900,-3.91836400,7.41314300,32.94591000,27.04000000,24.40048000,0,0,1,0,
	4.78300500,-3.91836400,7.41314300,32.94591000,27.04000000,24.40048000,0,0,1,0,
	4.78580800,-3.79844300,7.50454300,33.17638000,27.04000000,24.40048000,0,0,1,0,
	4.79143300,-3.79844300,7.50454300,33.17638000,27.04000000,24.40048000,0,0,1,1,
	4.79860200,-3.79844300,7.50454300,33.17638000,27.04000000,24.40048000,0,0,0,1,
	4.80492300,-3.69158700,7.58954300,33.41275000,27.12000000,24.32048000,0,0,0,1,
	4.80850600,-3.69158700,7.58954300,33.41275000,27.20000000,24.24052000,0,0,0,1,
	4.81312500,-3.69158700,7.58954300,33.41275000,27.20000000,24.24052000,0,0,0,1,
	4.81693300,-3.69158700,7.58954300,33.41275000,27.20000000,24.16052000,0,0,0,1,
	4.81974100,-3.69158700,7.58954300,33.41275000,27.20000000,24.16052000,0,0,0,1,
	4.82222400,-3.69158700,7.58954300,33.41275000,27.20000000,24.16052000,0,0,0,1,
	4.82549800,-3.59818100,7.66814300,33.65517000,27.20000000,24.16052000,0,0,0,1,
	4.82885400,-3.59818100,7.66814300,33.65517000,27.20000000,24.16052000,0,0,0,1,
	4.83185700,-3.59818100,7.66814300,33.65517000,27.20000000,24.16052000,0,0,0,1,
	4.83454400,-3.59818100,7.66814300,33.65517000,27.20000000,24.16052000,0,0,0,1,
	4.83794600,-3.59818100,7.66814300,33.65517000,27.20000000,24.16052000,0,0,0,1,
	4.84101500,-3.59818100,7.66814300,33.65517000,27.20000000,24.16052000,0,0,0,1,
	4.84399500,-3.59818100,7.66814300,33.65517000,27.20000000,24.16052000,0,0,0,1,
	4.84699700,-3.50477500,7.74034300,33.89760000,27.20000000,24.16052000,0,0,0,1,
	4.85022900,-3.50477500,7.74034300,33.89760000,27.20000000,24.16052000,0,0,0,1,
	4.85360700,-3.50477500,7.74034300,33.89760000,27.20000000,24.16052000,0,0,0,1,
	4.85647900,-3.50477500,7.74034300,33.89760000,27.20000000,24.16052000,0,0,0,1,
	4.85998700,-3.50477500,7.74034300,33.89760000,27.20000000,24.16052000,0,0,0,1,
	4.86271900,-3.50477500,7.74034300,33.89760000,27.20000000,24.16052000,0,0,0,1,
	4.86592900,-3.41136900,7.80614300,34.14003000,27.20000000,24.16052000,0,0,0,1,
	4.86933400,-3.41136900,7.80614300,34.14003000,27.20000000,24.16052000,0,0,0,1,
	4.87281400,-3.41136900,7.80614300,34.14003000,27.20000000,24.16052000,0,0,0,1,
	4.87560100,-3.41136900,7.80614300,34.14003000,27.20000000,24.16052000,0,0,0,1,
	4.87827200,-3.41136900,7.80614300,34.14003000,27.20000000,24.16052000,0,0,0,1,
	4.88139300,-3.41136900,7.80614300,34.14003000,27.20000000,24.16052000,0,0,0,1,
	4.88432800,-3.31796200,7.86554300,34.38246000,27.20000000,24.16052000,0,0,0,1,
	4.88848700,-3.31796200,7.86554300,34.38246000,27.20000000,24.16052000,0,0,0,1,
	4.89125500,-3.31796200,7.86554300,34.38246000,27.20000000,24.16052000,0,0,0,1,
	4.89448000,-3.31796200,7.86554300,34.38246000,27.20000000,24.16052000,0,0,0,1,
	4.89781400,-3.31796200,7.86554300,34.38246000,27.20000000,24.16052000,0,0,0,1,
	4.90109300,-3.31796200,7.86554300,34.38246000,27.20000000,24.16052000,0,0,0,1,
	4.90414400,-3.22455600,7.91854300,34.62489000,27.20000000,24.16052000,0,0,0,1,
	4.90861900,-3.22455600,7.91854300,34.62489000,27.20000000,24.16052000,0,0,0,1,
	4.91134200,-3.22455600,7.91854300,34.62489000,27.20000000,24.16052000,0,0,0,1,
	4.91474700,-3.22455600,7.91854300,34.62489000,27.20000000,24.16052000,0,0,0,1,
	4.91730800,-3.22455600,7.91854300,34.62489000,27.20000000,24.16052000,0,0,0,1,
	4.92055600,-3.22455600,7.91854300,34.62489000,27.20000000,24.16052000,0,0,0,1,
	4.92364900,-3.22455600,7.91854300,34.62489000,27.20000000,24.16052000,0,0,0,1,
	4.92631900,-3.13115000,7.96514300,34.86731000,27.20000000,24.16052000,0,0,0,1,
	4.93027700,-3.13115000,7.96514300,34.86731000,27.20000000,24.16052000,0,0,0,1,
	4.93292800,-3.13115000,7.96514300,34.86731000,27.20000000,24.16052000,0,0,0,1,
	4.93634400,-3.13115000,7.96514300,34.86731000,27.20000000,24.16052000,0,0,0,1,
	4.93973300,-3.13115000,7.96514300,34.86731000,27.20000000,24.16052000,0,0,0,0,
	4.94453100,-3.03774400,8.00534300,35.10974000,27.20000000,24.16052000,0,0,0,0,
	4.94787000,-3.03774400,8.00534300,35.10974000,27.20000000,24.16052000,0,0,0,0,
	4.95094400,-3.03774400,8.00534300,35.10974000,27.20000000,24.16052000,0,0,0,0,
	4.95377200,-3.03774400,8.00534300,35.10974000,27.20000000,24.16052000,0,0,0,0,
	4.95719400,-3.03774400,8.00534300,35.10974000,27.20000000,24.16052000,0,0,0,0,
	4.95977800,-3.03774400,8.00534300,35.10974000,27.20000000,24.16052000,0,0,0,0,
	4.96255300,-3.03774400,8.00534300,35.10974000,27.20000000,24.16052000,0,0,0,0,
	4.96574300,-2.94433800,8.03914400,35.35217000,27.20000000,24.16052000,0,0,0,0,
	4.96955400,-2.94433800,8.03914400,35.35217000,27.20000000,24.16052000,0,0,0,0,
	4.97239900,-2.94433800,8.03914400,35.35217000,27.20000000,24.16052000,0,0,0,0,
	4.97509800,-2.94433800,8.03914400,35.35217000,27.20000000,24.16052000,0,0,0,0,
	4.97815400,-2.94433800,8.03914400,35.35217000,27.20000000,24.16052000,0,0,0,0,
	4.98110100,-2.94433800,8.03914400,35.35217000,27.20000000,24.16052000,0,0,0,0,
	4.98425600,-2.85093100,8.06654400,35.59460000,27.20000000,24.16052000,0,0,0,0,
	4.98745400,-2.85093100,8.06654400,35.59460000,27.20000000,24.16052000,0,0,0,0,
	4.99069000,-2.85093100,8.06654400,35.59460000,27.20000000,24.16052000,0,0,0,0,
	4.99343200,-2.85093100,8.06654400,35.59460000,27.20000000,24.16052000,0,0,0,0,
	4.99589400,-2.85093100,8.06654400,35.59460000,27.20000000,24.16052000,0,0,0,0,
	4.99905500,-2.85093100,8.06654400,35.59460000,27.20000000,24.16052000,0,0,0,0,
	5.00176800,-2.85093100,8.06654400,35.59460000,27.20000000,24.16052000,0,0,0,0,
	5.00580500,-2.75752500,8.08754300,35.51902000,27.20000000,24.16052000,0,1,0,0,
	5.01199800,-2.75752500,8.08754300,35.51902000,27.20000000,24.16052000,0,1,0,0,
	5.01493600,-2.75752500,8.08754300,35.51902000,27.20000000,24.16052000,0,1,0,0,
	5.01862300,-2.75752500,8.08754300,35.51902000,27.20000000,24.16052000,0,1,0,0,
	5.02155300,-2.75752500,8.08754300,35.51902000,27.20000000,24.16052000,0,1,0,0,
	5.02430000,-2.68031500,8.10214300,35.48291000,27.20000000,24.16052000,0,1,0,0,
	5.02858400,-2.68031500,8.10214300,35.48291000,27.20000000,24.16052000,0,1,0,0,
	5.03135500,-2.68031500,8.10214300,35.48291000,27.20000000,24.16052000,0,1,0,0,
	5.03465900,-2.68031500,8.10214300,35.48291000,27.20000000,24.16052000,0,1,0,0,
end
