map
	ez_square2
end

values
	0.00541330,-4.98513700,1.90000000,-4.57891700,15.84000000,344.88000000,1,0,0,0,
	0.01183300,-4.99076900,1.90000000,-4.55807000,15.92000000,344.88000000,1,0,0,0,
	0.01626860,-4.99076900,1.90000000,-4.55807000,16.00000000,344.80000000,1,0,0,0,
	0.01918190,-4.99076900,1.90000000,-4.55807000,16.00000000,344.80000000,1,0,0,0,
	0.02280000,-4.99076900,1.90000000,-4.55807000,16.00000000,344.80000000,1,0,0,0,
	0.02581360,-4.99076900,1.90000000,-4.55807000,16.00000000,344.80000000,1,0,0,0,
	0.02919320,-4.99855500,1.90000000,-4.52935300,16.00000000,344.80000000,1,0,0,0,
	0.03498720,-4.99855500,1.90000000,-4.52935300,16.00000000,344.80000000,1,0,0,0,
	0.03849010,-4.99855500,1.90000000,-4.52935300,16.08000000,344.72000000,1,0,0,0,
	0.04398010,-4.99855500,1.90000000,-4.52935300,16.08000000,344.72000000,1,0,0,0,
	0.04781110,-5.00827100,1.90000000,-4.49362900,16.16000000,344.72000000,1,0,0,0,
	0.05271320,-5.00827100,1.90000000,-4.49362900,16.16000000,344.72000000,1,0,0,0,
	0.05658760,-5.00827100,1.90000000,-4.49362900,16.23999000,344.64000000,1,0,0,0,
	0.06072350,-5.00827100,1.90000000,-4.49362900,16.23999000,344.64000000,1,0,0,0,
	0.06432700,-5.00827100,1.90000000,-4.49362900,16.31999000,344.64000000,1,0,0,0,
	0.06739500,-5.02016600,1.90000000,-4.45006500,16.31999000,344.64000000,1,0,0,0,
	0.07346010,-5.02016600,1.90000000,-4.45006500,16.31999000,344.64000000,1,0,0,0,
	0.07856080,-5.02016600,1.90000000,-4.45006500,16.40000000,344.56000000,1,0,0,0,
	0.08220150,-5.02016600,1.90000000,-4.45006500,16.47999000,344.56000000,1,0,0,0,
	0.08713090,-5.03399100,1.90000000,-4.39961600,16.47999000,344.56000000,1,0,0,0,
	0.09225129,-5.03399100,1.90000000,-4.39961600,16.56000000,344.56000000,1,0,0,0,
	0.09719949,-5.03399100,1.90000000,-4.39961600,16.64000000,344.56000000,1,0,0,0,
	0.10185910,-5.03399100,1.90000000,-4.39961600,16.72000000,344.56000000,1,0,0,0,
	0.10669290,-5.04993300,1.90000000,-4.34159400,16.80000000,344.56000000,1,0,0,0,
	0.11301570,-5.04993300,1.90000000,-4.34159400,16.88000000,344.56000000,1,0,0,0,
	0.11762620,-5.04993300,1.90000000,-4.34159400,17.04000000,344.56000000,1,0,0,0,
	0.12217430,-5.04993300,1.90000000,-4.34159400,17.12000000,344.56000000,1,0,0,0,
	0.12674720,-5.06805400,1.90000000,-4.27574300,17.28000000,344.56000000,1,0,0,0,
	0.13215080,-5.06805400,1.90000000,-4.27574300,17.35999000,344.56000000,1,0,0,0,
	0.13651830,-5.06805400,1.90000000,-4.27574300,17.43999000,344.56000000,1,0,0,0,
	0.14270750,-5.06805400,1.90000000,-4.27574300,17.59999000,344.56000000,1,0,0,0,
	0.14880700,-5.08837400,1.90000000,-4.20198000,17.76000000,344.56000000,1,0,0,0,
	0.15785530,-5.08837400,1.90000000,-4.20198000,17.91999000,344.56000000,1,0,0,0,
	0.16453740,-5.08837400,1.90000000,-4.20198000,18.23999000,344.56000000,1,0,0,0,
	0.17081790,-5.11102700,1.90000000,-4.11980100,18.39999000,344.56000000,1,0,0,0,
	0.17574700,-5.11102700,1.90000000,-4.11980100,18.63999000,344.56000000,1,0,0,0,
	0.18238290,-5.11102700,1.90000000,-4.11980100,18.79999000,344.56000000,1,0,0,0,
	0.18687240,-5.13558600,1.90000000,-4.03074400,19.04000000,344.56000000,1,0,0,0,
	0.19278870,-5.13558600,1.90000000,-4.03074400,19.27999000,344.56000000,1,0,0,0,
	0.19883400,-5.13558600,1.90000000,-4.03074400,19.51999000,344.64000000,1,0,0,0,
	0.20432600,-5.13558600,1.90000000,-4.03074400,19.75999000,344.64000000,1,0,0,0,
	0.21074580,-5.16245400,1.90000000,-3.93321800,19.99999000,344.72000000,1,0,0,0,
	0.21637840,-5.16245400,1.90000000,-3.93321800,20.31999000,344.72000000,1,0,0,0,
	0.22072610,-5.16245400,1.90000000,-3.93321800,20.55999000,344.72000000,1,0,0,0,
	0.22682750,-5.19102200,1.90000000,-3.82935700,20.79999000,344.80000000,1,0,0,0,
	0.23174660,-5.19102200,1.90000000,-3.82935700,21.12000000,344.80000000,1,0,0,0,
	0.23815350,-5.19102200,1.90000000,-3.82935700,21.35999000,344.80000000,1,0,0,0,
	0.24469230,-5.19102200,1.90000000,-3.82935700,21.67999000,344.88000000,1,0,0,0,
	0.25064980,-5.22202900,1.90000000,-3.71622400,21.99999000,344.96000000,1,0,0,0,
	0.25674820,-5.22202900,1.90000000,-3.71622400,22.23999000,344.96000000,1,0,0,0,
	0.26182700,-5.22202900,1.90000000,-3.71622400,22.55999000,345.03990000,1,0,0,0,
	0.26650320,-5.25474300,1.90000000,-3.59645200,22.79999000,345.03990000,1,0,0,0,
	0.27186830,-5.25474300,1.90000000,-3.59645200,23.03999000,345.11990000,1,0,0,0,
	0.27794080,-5.25474300,1.90000000,-3.59645200,23.27999000,345.11990000,1,0,0,0,
	0.28268280,-5.25474300,1.90000000,-3.59645200,23.59999000,345.19990000,1,0,0,0,
	0.28847280,-5.28948500,1.90000000,-3.46858800,23.83999000,345.27990000,1,0,0,0,
	0.29505230,-5.28948500,1.90000000,-3.46858800,24.07999000,345.35990000,1,0,0,0,
	0.29951530,-5.28948500,1.90000000,-3.46858800,24.39999000,345.43990000,1,0,0,0,
	0.30388160,-5.28948500,1.90000000,-3.46858800,24.55999000,345.43990000,1,0,0,0,
	0.30838720,-5.32621000,1.90000000,-3.33247600,24.79999000,345.51990000,1,0,0,0,
	0.31513630,-5.32621000,1.90000000,-3.33247600,24.95999000,345.59990000,1,0,0,0,
	0.31985010,-5.32621000,1.90000000,-3.33247600,25.27999000,345.67980000,1,0,0,0,
	0.32589100,-5.32621000,1.90000000,-3.33247600,25.43999000,345.67980000,1,0,0,0,
	0.33188340,-5.36492000,1.90000000,-3.18778400,25.67999000,345.75980000,1,0,0,0,
	0.33678260,-5.36492000,1.90000000,-3.18778400,25.83999000,345.83980000,1,0,0,0,
	0.34222780,-5.36492000,1.90000000,-3.18778400,26.07999000,345.91980000,1,0,0,0,
	0.34717010,-5.40450100,1.90000000,-3.03894200,26.31999000,345.91980000,1,0,0,0,
	0.35638150,-5.40450100,1.90000000,-3.03894200,26.47999000,345.99980000,1,0,0,0,
	0.36103260,-5.40450100,1.90000000,-3.03894200,26.87999000,345.99980000,1,0,0,0,
	0.36561930,-5.40450100,1.90000000,-3.03894200,27.03999000,346.07970000,1,0,0,0,
	0.37142520,-5.44383800,1.90000000,-2.89003200,27.19999000,346.07970000,1,0,0,0,
	0.37688120,-5.44383800,1.90000000,-2.89003200,27.43999000,346.07970000,1,0,0,0,
	0.38213440,-5.44383800,1.90000000,-2.89003200,27.59999000,346.07970000,1,0,0,0,
	0.38576240,-5.44383800,1.90000000,-2.89003200,27.83999000,346.15980000,1,0,0,0,
	0.39019620,-5.48296500,1.90000000,-2.74106600,27.99998000,346.15980000,1,0,0,0,
	0.39536730,-5.48296500,1.90000000,-2.74106600,28.15998000,346.15980000,1,0,0,0,
	0.39981710,-5.48296500,1.90000000,-2.74106600,28.31999000,346.15980000,1,0,0,0,
	0.40438070,-5.48296500,1.90000000,-2.74106600,28.47998000,346.15980000,1,0,0,0,
	0.41112270,-5.52190000,1.90000000,-2.59205100,28.63999000,346.23970000,1,0,0,0,
	0.41781750,-5.52190000,1.90000000,-2.59205100,28.87998000,346.23970000,1,0,0,0,
	0.42212230,-5.52190000,1.90000000,-2.59205100,29.11998000,346.23970000,1,0,0,0,
	0.42735760,-5.56065400,1.90000000,-2.44299100,29.27999000,346.23970000,1,0,0,0,
	0.43289580,-5.56065400,1.90000000,-2.44299100,29.43998000,346.31970000,1,0,0,0,
	0.43878750,-5.56065400,1.90000000,-2.44299100,29.67999000,346.31970000,1,0,0,0,
	0.44314720,-5.56065400,1.90000000,-2.44299100,29.91998000,346.31970000,1,0,0,0,
	0.44801840,-5.59919400,1.90000000,-2.29387500,30.07999000,346.31970000,1,0,0,0,
	0.45346790,-5.59919400,1.90000000,-2.29387500,30.23998000,346.31970000,1,0,0,0,
	0.45770490,-5.59919400,1.90000000,-2.29387500,30.39998000,346.31970000,1,0,0,0,
	0.46213490,-5.59919400,1.90000000,-2.29387500,30.55998000,346.31970000,1,0,0,0,
	0.46664990,-5.63755700,1.90000000,-2.14471700,30.71999000,346.31970000,1,0,0,0,
	0.47565620,-5.63755700,1.90000000,-2.14471700,30.87999000,346.31970000,1,0,0,0,
	0.48107000,-5.63755700,1.90000000,-2.14471700,31.19999000,346.31970000,1,0,0,0,
	0.48501060,-5.63755700,1.90000000,-2.14471700,31.43998000,346.39970000,1,0,0,0,
	0.48931410,-5.67571700,1.90000000,-1.99550600,31.59998000,346.39970000,1,0,0,0,
	0.49430170,-5.67571700,1.90000000,-1.99550600,31.67998000,346.39970000,1,0,0,0,
	0.49833460,-5.67571700,1.90000000,-1.99550600,31.91999000,346.39970000,1,0,0,0,
	0.50502810,-5.67571700,1.90000000,-1.99550600,31.99998000,346.39970000,1,0,0,0,
	0.51176550,-5.71370600,1.90000000,-1.84625400,32.23998000,346.39970000,1,0,0,0,
	0.51695780,-5.71370600,1.90000000,-1.84625400,32.47999000,346.39970000,1,0,0,0,
	0.52569140,-5.71370600,1.90000000,-1.84625400,32.63999000,346.39970000,1,0,0,0,
	0.53816640,-5.75153400,1.90000000,-1.69696300,32.87999000,346.39970000,1,0,0,0,
	0.54352310,-5.75153400,1.90000000,-1.69696300,33.19999000,346.31970000,1,0,0,0,
	0.54867230,-5.78924800,1.90000000,-1.54764700,33.27999000,346.31970000,1,0,0,0,
	0.55293120,-5.78924800,1.90000000,-1.54764700,33.43999000,346.31970000,1,0,0,0,
	0.55778770,-5.78924800,1.90000000,-1.54764700,33.51999000,346.23970000,1,0,0,0,
	0.56101470,-5.78924800,1.90000000,-1.54764700,33.67999000,346.23970000,1,0,0,0,
	0.56722090,-5.82687500,1.90000000,-1.39831000,33.67999000,346.23970000,1,0,0,0,
	0.57230310,-5.82687500,1.90000000,-1.39831000,33.83999000,346.23970000,1,0,0,0,
	0.57689690,-5.82687500,1.90000000,-1.39831000,33.91999000,346.23970000,1,0,0,0,
	0.58202310,-5.82687500,1.90000000,-1.39831000,34.00000000,346.15980000,1,0,0,0,
	0.58811770,-5.86441800,1.90000000,-1.24895500,34.08000000,346.15980000,1,0,0,0,
	0.59277840,-5.86441800,1.90000000,-1.24895500,34.16000000,346.15980000,1,0,0,0,
	0.59579810,-5.86441800,1.90000000,-1.24895500,34.24000000,346.15980000,1,0,0,0,
	0.59962400,-5.86441800,1.90000000,-1.24895500,34.24000000,346.15980000,1,0,0,0,
	0.60348920,-5.86441800,1.90000000,-1.24895500,34.32001000,346.07970000,1,0,0,0,
	0.60686620,-5.90190200,1.90000000,-1.09958600,34.40001000,346.07970000,1,0,0,0,
	0.61250470,-5.90190200,1.90000000,-1.09958600,34.40001000,346.07970000,1,0,0,0,
	0.61765520,-5.90190200,1.90000000,-1.09958600,34.48000000,346.07970000,1,0,0,0,
	0.62235610,-5.90190200,1.90000000,-1.09958600,34.56001000,346.07970000,1,0,0,0,
	0.62714550,-5.93935400,1.90000000,-0.95020910,34.64001000,345.99980000,1,0,0,0,
	0.63084130,-5.93935400,1.90000000,-0.95020910,34.72001000,345.99980000,1,0,0,0,
	0.63604990,-5.93935400,1.90000000,-0.95020910,34.72001000,345.99980000,1,0,0,0,
	0.64084580,-5.93935400,1.90000000,-0.95020910,34.80001000,345.91980000,1,0,0,0,
	0.64510770,-5.93935400,1.90000000,-0.95020910,34.88001000,345.91980000,1,0,0,0,
	0.65084400,-5.97680000,1.90000000,-0.80083110,34.88001000,345.91980000,1,0,0,0,
	0.65582500,-5.97680000,1.90000000,-0.80083110,34.96001000,345.83980000,1,0,0,0,
	0.65889480,-5.97680000,1.90000000,-0.80083110,35.04002000,345.83980000,1,0,0,0,
	0.66286750,-5.97680000,1.90000000,-0.80083110,35.04002000,345.83980000,1,0,0,0,
	0.66679740,-6.01426500,1.90000000,-0.65145740,35.12002000,345.83980000,1,0,0,0,
	0.67141220,-6.01426500,1.90000000,-0.65145740,35.12002000,345.75980000,1,0,0,0,
	0.67742230,-6.01426500,1.90000000,-0.65145740,35.20003000,345.75980000,1,0,0,0,
	0.68232940,-6.01426500,1.90000000,-0.65145740,35.28002000,345.67980000,1,0,0,0,
	0.68661360,-6.05177500,1.90000000,-0.50209430,35.28002000,345.67980000,1,0,0,0,
	0.69055650,-6.05177500,1.90000000,-0.50209430,35.36002000,345.67980000,1,0,0,0,
	0.69447380,-6.05177500,1.90000000,-0.50209430,35.36002000,345.67980000,1,0,0,0,
	0.69885370,-6.05177500,1.90000000,-0.50209430,35.36002000,345.59990000,1,0,0,0,
	0.70252810,-6.05177500,1.90000000,-0.50209430,35.44003000,345.59990000,1,0,0,0,
	0.70665550,-6.08934800,1.90000000,-0.35274620,35.44003000,345.59990000,1,0,0,0,
	0.71141010,-6.08934800,1.90000000,-0.35274620,35.44003000,345.59990000,1,0,0,0,
	0.71524510,-6.08934800,1.90000000,-0.35274620,35.44003000,345.59990000,1,0,0,0,
	0.71843400,-6.08934800,1.90000000,-0.35274620,35.52002000,345.51990000,1,0,0,0,
	0.72117300,-6.08934800,1.90000000,-0.35274620,35.52002000,345.51990000,1,0,0,0,
	0.72661330,-6.12698900,1.90000000,-0.20341470,35.52002000,345.51990000,1,0,0,0,
	0.73219160,-6.12698900,1.90000000,-0.20341470,35.60004000,345.43990000,1,0,0,0,
	0.73963920,-6.12698900,1.90000000,-0.20341470,35.60004000,345.43990000,1,0,0,0,
	0.74332670,-6.12698900,1.90000000,-0.20341470,35.68003000,345.27990000,1,0,0,0,
	0.74830650,-6.16465800,2.01060000,-0.05408877,35.68003000,345.27990000,1,0,0,0,
	0.75409450,-6.16465800,2.01060000,-0.05408877,35.76004000,345.19990000,1,0,0,0,
	0.75890080,-6.16465800,2.01060000,-0.05408877,35.84003000,345.11990000,1,0,0,0,
	0.76211770,-6.16465800,2.01060000,-0.05408877,35.84003000,345.03990000,1,0,0,0,
	0.76721750,-6.20232700,2.11480000,0.09523718,35.84003000,345.03990000,1,0,0,0,
	0.77204580,-6.20232700,2.11480000,0.09523718,35.92004000,344.95990000,1,0,0,0,
	0.77528100,-6.20232700,2.11480000,0.09523718,35.92004000,344.95990000,1,0,0,0,
	0.78034980,-6.20232700,2.11480000,0.09523718,35.92004000,344.95990000,1,0,0,0,
	0.78371360,-6.20232700,2.11480000,0.09523718,35.92004000,344.87990000,1,0,0,0,
	0.78720400,-6.23999500,2.21260000,0.24456310,35.92004000,344.87990000,1,0,0,0,
	0.79505100,-6.23999500,2.21260000,0.24456310,35.92004000,344.87990000,1,0,0,0,
	0.80466870,-6.23999500,2.21260000,0.24456310,35.92004000,344.87990000,1,0,0,0,
	0.80937840,-6.27766400,2.30400000,0.39388910,36.00003000,344.87990000,1,0,1,0,
	0.81537200,-6.27766400,2.30400000,0.39388910,36.00003000,344.87990000,1,0,1,0,
	0.81983970,-6.27766400,2.30400000,0.39388910,36.00003000,344.87990000,1,0,1,0,
	0.82486780,-6.27766400,2.30400000,0.39388910,36.00003000,344.95990000,1,0,1,0,
	0.83102720,-6.31533300,2.38900000,0.54321500,36.08004000,345.03990000,1,0,1,0,
	0.83644090,-6.31533300,2.38900000,0.54321500,36.08004000,345.19990000,1,0,1,0,
	0.84376060,-6.31533300,2.38900000,0.54321500,36.08004000,345.43990000,1,0,1,0,
	0.84976580,-6.35300200,2.46760000,0.69254100,36.16004000,346.07990000,1,0,1,0,
	0.85764560,-6.35300200,2.46760000,0.69254100,36.16005000,346.55990000,0,0,1,0,
	0.86661950,-6.37527800,2.53980000,0.84525110,36.16004000,347.59990000,0,0,1,0,
	0.87290600,-6.37527800,2.53980000,0.84525110,36.16004000,348.95990000,0,0,1,0,
	0.88052000,-6.37527800,2.53980000,0.84525110,36.16004000,350.15990000,0,0,1,0,
	0.88699670,-6.38424400,2.60560000,1.00032200,36.16004000,351.51990000,0,0,1,0,
	0.90638610,-6.38977800,2.66500000,1.15582700,36.16004000,352.79990000,0,0,1,0,
	0.91228400,-6.38977800,2.66500000,1.15582700,36.16004000,356.95990000,0,0,1,0,
	0.91734640,-6.38977800,2.66500000,1.15582700,36.16005000,358.31990000,0,0,1,0,
	0.92520890,-6.38977800,2.66500000,1.15582700,36.16004000,359.67990000,0,0,1,0,
	0.92978500,-6.37141300,2.71800000,1.31191300,36.16004000,1.59991400,0,0,1,0,
	0.93522980,-6.37141300,2.71800000,1.31191300,36.16004000,2.87991800,0,0,1,0,
	0.94338220,-6.37141300,2.71800000,1.31191300,36.16004000,3.91991000,0,0,1,0,
	0.94878310,-6.34037900,2.76460000,1.46693600,36.16004000,6.23993300,0,0,1,0,
	0.95674330,-6.34037900,2.76460000,1.46693600,36.16005000,7.83992100,0,0,1,0,
	0.96104970,-6.34037900,2.76460000,1.46693600,36.16005000,9.91993100,0,0,1,0,
	0.96638630,-6.29672800,2.80480000,1.61986900,36.16004000,10.87990000,0,0,1,0,
	0.97130980,-6.29672800,2.80480000,1.61986900,36.16004000,12.23990000,0,0,1,0,
	0.97670850,-6.29672800,2.80480000,1.61986900,36.16005000,13.43991000,0,0,1,0,
	0.98525890,-6.29672800,2.80480000,1.61986900,36.16004000,14.87991000,0,0,1,1,
	0.99247500,-6.24229800,2.83860000,1.77020500,36.16004000,16.87992000,0,0,1,1,
	1.00215300,-6.24229800,2.83860000,1.77020500,36.16004000,18.39991000,0,0,0,1,
	1.01006900,-6.19990600,2.86600000,1.92499800,36.16004000,20.31990000,0,0,0,1,
	1.01688700,-6.19990600,2.86600000,1.92499800,36.24005000,21.67990000,0,0,0,1,
	1.02193100,-6.19990600,2.86600000,1.92499800,36.24004000,22.79989000,0,0,0,1,
	1.02836500,-6.15751400,2.88700000,2.07979100,36.32005000,23.59987000,0,0,0,1,
	1.03497700,-6.15751400,2.88700000,2.07979100,36.32005000,24.31988000,0,0,0,1,
	1.03929000,-6.15751400,2.88700000,2.07979100,36.40005000,24.95990000,0,0,0,1,
	1.04409400,-6.15751400,2.88700000,2.07979100,36.48005000,25.27991000,0,0,0,1,
	1.04792300,-6.11512200,2.90160000,2.23458400,36.48005000,25.59992000,0,0,0,1,
	1.05242700,-6.11512200,2.90160000,2.23458400,36.56005000,25.75991000,0,0,0,1,
	1.05679600,-6.11512200,2.90160000,2.23458400,36.56005000,25.91992000,0,0,0,1,
	1.06149000,-6.11512200,2.90160000,2.23458400,36.56005000,25.99992000,0,0,0,1,
	1.06542700,-6.11512200,2.90160000,2.23458400,36.64005000,25.99992000,0,0,0,1,
	1.06821600,-6.07273100,2.90980000,2.38937700,36.64005000,25.99992000,0,0,0,1,
	1.07238800,-6.07273100,2.90980000,2.38937700,36.64005000,25.99992000,0,0,0,1,
	1.07511300,-6.07273100,2.90980000,2.38937700,36.64005000,25.99992000,0,0,0,1,
	1.08119500,-6.07273100,2.90980000,2.38937700,36.64005000,25.99992000,0,0,0,1,
	1.08746700,-6.03033900,2.91160000,2.54417100,36.72006000,25.91992000,0,0,0,1,
	1.09237400,-6.03033900,2.91160000,2.54417100,36.80006000,25.75990000,0,0,0,1,
	1.09654500,-6.03033900,2.91160000,2.54417100,36.88006000,25.59991000,0,0,0,1,
	1.10075800,-6.03033900,2.91160000,2.54417100,36.88006000,25.43989000,0,0,0,1,
	1.10575100,-6.03033900,2.91160000,2.54417100,36.96006000,25.19991000,0,0,0,1,
	1.11038400,-5.98794700,2.90700000,2.69896400,37.04006000,24.95993000,0,0,0,1,
	1.11713600,-5.98794700,2.90700000,2.69896400,37.04006000,24.63992000,0,0,0,1,
	1.12371800,-5.98794700,2.90700000,2.69896400,37.12006000,24.07992000,0,0,0,1,
	1.12880000,-5.94555500,2.89600000,2.85375700,37.20007000,23.43991000,0,0,0,1,
	1.13428600,-5.94555500,2.89600000,2.85375700,37.28008000,22.79989000,0,0,0,1,
	1.13881500,-5.94555500,2.89600000,2.85375700,37.36007000,22.15987000,0,0,0,1,
	1.14510600,-5.94555500,2.89600000,2.85375700,37.36007000,21.59988000,0,0,0,1,
	1.15234700,-5.90316300,2.87860000,3.00855000,37.44007000,20.63989000,0,0,0,1,
	1.15751200,-5.90316300,2.87860000,3.00855000,37.44007000,19.59989000,0,0,0,1,
	1.16278400,-5.90316300,2.87860000,3.00855000,37.52008000,18.71987000,0,0,0,1,
	1.16890600,-5.86798300,2.85480000,3.16575500,37.52008000,17.59988000,0,0,0,1,
	1.17630400,-5.86798300,2.85480000,3.16575500,37.60007000,16.31987000,0,0,0,1,
	1.18685400,-5.83993600,2.82460000,3.32495400,37.60007000,14.95990000,0,0,0,1,
	1.19228300,-5.83993600,2.82460000,3.32495400,37.68008000,12.31990000,0,0,0,1,
	1.19792700,-5.83993600,2.82460000,3.32495400,37.68009000,11.03989000,0,0,0,1,
	1.21130300,-5.82648500,2.78800000,3.48707700,37.76008000,9.67989100,0,0,0,1,
	1.21828300,-5.82648500,2.78800000,3.48707700,37.76008000,6.47989300,0,0,0,1,
	1.22487900,-5.82648500,2.78800000,3.48707700,37.84009000,4.71988900,0,0,0,1,
	1.23094300,-5.83134900,2.74500000,3.65087700,37.84008000,3.19989900,0,0,0,1,
	1.23994900,-5.83134900,2.74500000,3.65087700,37.92009000,1.91989400,0,0,0,1,
	1.24630700,-5.83134900,2.74500000,3.65087700,37.92009000,0.15989110,0,0,0,1,
	1.25291400,-5.84809700,2.69560000,3.81475900,37.92008000,359.03990000,0,0,0,1,
	1.25996200,-5.84809700,2.69560000,3.81475900,37.92008000,357.83990000,0,0,0,1,
	1.26516900,-5.84809700,2.69560000,3.81475900,37.92009000,356.87990000,0,0,0,1,
	1.27103300,-5.87287200,2.63980000,3.97824000,38.00009000,356.23990000,0,0,0,1,
	1.27695200,-5.87287200,2.63980000,3.97824000,38.00008000,355.59980000,0,0,0,1,
	1.28166200,-5.87287200,2.63980000,3.97824000,38.00008000,355.11980000,0,0,0,1,
	1.28932100,-5.90154700,2.57760000,4.14140200,38.00009000,354.87990000,0,0,1,0,
	1.29707000,-5.90154700,2.57760000,4.14140200,38.00008000,354.63990000,0,0,1,0,
	1.30080300,-5.90154700,2.57760000,4.14140200,38.00009000,354.55990000,0,0,1,0,
	1.30383700,-5.90154700,2.57760000,4.14140200,38.00009000,354.55990000,0,0,1,0,
	1.30731600,-5.90326500,2.50900000,4.30710900,38.00009000,354.55990000,0,0,1,0,
	1.31103000,-5.90326500,2.50900000,4.30710900,38.00009000,354.55990000,0,0,1,0,
	1.31574500,-5.90326500,2.50900000,4.30710900,38.00009000,354.55990000,0,0,1,0,
	1.31991400,-5.90326500,2.50900000,4.30710900,38.00008000,354.63990000,0,0,1,0,
	1.32440000,-5.90326500,2.50900000,4.30710900,38.00008000,354.71980000,0,0,1,0,
	1.33226000,-5.90406400,2.50180000,4.47290000,38.00009000,354.87990000,0,0,1,0,
	1.33899800,-5.90406400,2.50180000,4.47290000,38.00009000,355.35990000,0,0,1,0,
	1.35136500,-5.90164000,2.50036000,4.63893200,37.92009000,355.99990000,0,0,1,0,
	1.35794500,-5.90164000,2.50036000,4.63893200,37.84008000,357.67990000,0,0,1,0,
	1.36335500,-5.90164000,2.50036000,4.63893200,37.76008000,358.79990000,0,0,1,0,
	1.36965100,-5.88810500,2.61096000,4.80523600,37.68008000,359.83990000,0,0,1,0,
	1.37739000,-5.88810500,2.61096000,4.80523600,37.52008000,1.03989300,0,0,1,0,
	1.38309200,-5.88810500,2.61096000,4.80523600,37.36008000,2.79989600,0,0,1,0,
	1.38886900,-5.86224800,2.71516000,4.97096200,37.28008000,4.07990100,0,0,1,0,
	1.39507700,-5.86224800,2.71516000,4.97096200,37.20008000,5.43987400,0,0,1,0,
	1.40117100,-5.86224800,2.71516000,4.97096200,37.12007000,6.79987400,0,0,1,0,
	1.40591700,-5.86224800,2.71516000,4.97096200,36.96008000,8.31986300,0,0,1,0,
	1.41041500,-5.82084000,2.81296000,5.13465700,36.96008000,9.43985100,0,0,1,0,
	1.41498700,-5.82084000,2.81296000,5.13465700,36.88008000,10.39985000,0,0,1,0,
	1.42060300,-5.82084000,2.81296000,5.13465700,36.80007000,11.67982000,0,0,1,0,
	1.42509300,-5.82084000,2.81296000,5.13465700,36.72006000,12.87986000,0,0,1,0,
	1.43046200,-5.76631100,2.90436000,5.29549200,36.64006000,13.99985000,0,0,1,0,
	1.43698700,-5.76631100,2.90436000,5.29549200,36.56006000,15.27985000,0,0,1,0,
	1.44184100,-5.76631100,2.90436000,5.29549200,36.40007000,16.87984000,0,0,1,0,
	1.44788800,-5.70066200,2.98936000,5.45300400,36.32006000,17.91986000,0,0,1,0,
	1.45572800,-5.70066200,2.98936000,5.45300400,36.24006000,19.19986000,0,0,1,0,
	1.46129300,-5.70066200,2.98936000,5.45300400,36.08006000,20.71985000,0,0,1,0,
	1.47016200,-5.62453200,3.06796000,5.60660800,35.92006000,21.67985000,0,0,1,1,
	1.48184600,-5.62453200,3.06796000,5.60660800,35.76006000,23.27984000,0,0,1,1,
	1.48731600,-5.54840200,3.14016000,5.76021300,35.52005000,24.87985000,0,0,1,1,
	1.49286400,-5.54840200,3.14016000,5.76021300,35.52006000,25.43984000,0,0,1,1,
	1.49713700,-5.54840200,3.14016000,5.76021300,35.44006000,25.83985000,0,0,1,1,
	1.50162800,-5.54840200,3.14016000,5.76021300,35.36006000,26.15985000,0,0,1,1,
	1.50886100,-5.47227200,3.20596000,5.91381700,35.36006000,26.39984000,0,0,0,1,
	1.51422100,-5.47227200,3.20596000,5.91381700,35.28006000,26.55983000,0,0,0,1,
	1.51750100,-5.47227200,3.20596000,5.91381700,35.28006000,26.55983000,0,0,0,1,
	1.52081500,-5.47227200,3.20596000,5.91381700,35.28006000,26.55983000,0,0,0,1,
	1.52372000,-5.47227200,3.20596000,5.91381700,35.28006000,26.55983000,0,0,0,1,
	1.52651600,-5.40814100,3.26536000,6.07342000,35.28006000,26.55983000,0,0,0,1,
	1.53126300,-5.40814100,3.26536000,6.07342000,35.28006000,26.55983000,0,0,0,1,
	1.53477700,-5.40814100,3.26536000,6.07342000,35.28006000,26.55983000,0,0,0,1,
	1.54020600,-5.40814100,3.26536000,6.07342000,35.28006000,26.55983000,0,0,0,1,
	1.55230100,-5.34401000,3.31836000,6.23302200,35.20005000,26.55983000,0,0,0,1,
	1.55813000,-5.34401000,3.31836000,6.23302200,35.20005000,26.23985000,0,0,0,1,
	1.56237000,-5.34401000,3.31836000,6.23302200,35.20005000,25.91984000,0,0,0,1,
	1.56708900,-5.28203100,3.36496000,6.39367400,35.20005000,25.75982000,0,0,0,1,
	1.57471400,-5.28203100,3.36496000,6.39367400,35.20005000,25.35982000,0,0,0,1,
	1.58027300,-5.28203100,3.36496000,6.39367400,35.20005000,24.71980000,0,0,0,1,
	1.58763200,-5.22397200,3.40516000,6.55613700,35.12006000,24.31983000,0,0,0,1,
	1.59307600,-5.22397200,3.40516000,6.55613700,35.04005000,23.59982000,0,0,0,1,
	1.59862500,-5.22397200,3.40516000,6.55613700,35.04005000,22.95980000,0,0,0,1,
	1.60813900,-5.17122200,3.43896000,6.72085800,34.96005000,22.39981000,0,0,0,1,
	1.61378900,-5.17122200,3.43896000,6.72085800,34.88004000,21.27982000,0,0,0,1,
	1.62206400,-5.17122200,3.43896000,6.72085800,34.80004000,20.47981000,0,0,0,1,
	1.62799100,-5.12729300,3.46636000,6.88884200,34.72004000,19.27980000,0,0,0,1,
	1.63455500,-5.12729300,3.46636000,6.88884200,34.64004000,18.47982000,0,0,0,1,
	1.63921700,-5.12729300,3.46636000,6.88884200,34.48003000,17.27981000,0,0,0,1,
	1.64579000,-5.12729300,3.46636000,6.88884200,34.48004000,16.71983000,0,0,0,1,
	1.65630400,-5.09449100,3.48736000,7.06019300,34.40004000,15.43982000,0,0,0,1,
	1.66334600,-5.09449100,3.48736000,7.06019300,34.24004000,13.59982000,0,0,0,1,
	1.66901100,-5.07093000,3.50196000,7.23368900,34.16004000,12.31981000,0,0,0,1,
	1.67434800,-5.07093000,3.50196000,7.23368900,34.08004000,11.19983000,0,0,0,1,
	1.67996000,-5.07093000,3.50196000,7.23368900,34.00003000,10.07984000,0,0,0,1,
	1.68578400,-5.07093000,3.50196000,7.23368900,33.92003000,8.79983600,0,0,0,1,
	1.69115700,-5.06207900,3.51016000,7.40958500,33.84003000,7.43983500,0,0,0,1,
	1.69627500,-5.06207900,3.51016000,7.40958500,33.68003000,6.39984200,0,0,0,1,
	1.70210700,-5.06207900,3.51016000,7.40958500,33.60003000,5.19983400,0,0,0,1,
	1.70804300,-5.06448600,3.51196000,7.58646100,33.52003000,3.75981000,0,0,0,1,
	1.71435700,-5.06448600,3.51196000,7.58646100,33.36002000,2.07983000,0,0,0,1,
	1.71981800,-5.06448600,3.51196000,7.58646100,33.20002000,0.79982520,0,0,0,1,
	1.72539400,-5.06448600,3.51196000,7.58646100,33.04002000,359.11980000,0,0,0,1,
	1.73213400,-5.08541600,3.50736000,7.76333500,32.96002000,357.75990000,0,0,0,1,
	1.73832200,-5.08541600,3.50736000,7.76333500,32.80003000,355.75990000,0,0,0,1,
	1.74851400,-5.11797500,3.49636000,7.93917900,32.56002000,353.99980000,0,0,0,1,
	1.75429800,-5.11797500,3.49636000,7.93917900,32.32002000,351.19990000,0,0,0,1,
	1.76113400,-5.11797500,3.49636000,7.93917900,32.24002000,349.51990000,0,0,0,1,
	1.77031300,-5.17042800,3.47896000,8.11138100,32.00002000,347.51990000,0,0,0,1,
	1.77708900,-5.17042800,3.47896000,8.11138100,31.76002000,344.63990000,0,0,0,1,
	1.78381400,-5.17042800,3.47896000,8.11138100,31.60002000,342.63990000,0,0,0,1,
	1.79114300,-5.24447900,3.45516000,8.27685100,31.44002000,340.31990000,0,0,0,1,
	1.79689000,-5.24447900,3.45516000,8.27685100,31.36001000,338.31990000,0,0,0,1,
	1.80331900,-5.24447900,3.45516000,8.27685100,31.20002000,336.23990000,0,0,0,1,
	1.81030100,-5.33591200,3.42496000,8.43469600,31.12002000,334.31990000,0,0,0,1,
	1.81686700,-5.33591200,3.42496000,8.43469600,31.04002000,332.31990000,0,0,0,1,
	1.82290200,-5.33591200,3.42496000,8.43469600,30.88002000,330.07990000,0,0,0,1,
	1.82932100,-5.44457500,3.38836000,8.58265600,30.80002000,328.07990000,0,0,0,1,
	1.83878400,-5.44457500,3.38836000,8.58265600,30.80002000,326.47990000,0,0,0,1,
	1.84635700,-5.56572500,3.34536000,8.72165700,30.64002000,323.27980000,0,0,0,1,
	1.85588200,-5.56572500,3.34536000,8.72165700,30.64002000,321.19990000,0,0,0,1,
	1.86345200,-5.56572500,3.34536000,8.72165700,30.56001000,318.55980000,0,0,0,1,
	1.86910800,-5.70296000,3.29596000,8.84659100,30.48002000,316.63980000,0,0,0,1,
	1.87827000,-5.70296000,3.29596000,8.84659100,30.48002000,315.11980000,0,0,0,1,
	1.88390400,-5.70296000,3.29596000,8.84659100,30.40002000,312.95980000,0,0,0,1,
	1.89030700,-5.85120700,3.40656000,8.95983600,30.40002000,311.67980000,0,0,0,1,
	1.89692900,-5.85120700,3.40656000,8.95983600,30.40002000,310.31990000,0,0,0,1,
	1.90211900,-5.85120700,3.40656000,8.95983600,30.40002000,309.03990000,0,0,0,1,
	1.90809500,-6.00686600,3.51076000,9.06401400,30.32002000,308.07990000,0,0,0,1,
	1.91619100,-6.00686600,3.51076000,9.06401400,30.32002000,307.11990000,0,0,0,1,
	1.92099800,-6.00686600,3.51076000,9.06401400,30.32002000,305.83980000,0,0,0,1,
	1.92813000,-6.16836400,3.60856000,9.16016500,30.32002000,305.03990000,0,0,0,1,
	1.93330800,-6.16836400,3.60856000,9.16016500,30.32002000,304.15990000,0,0,0,1,
	1.93842400,-6.16836400,3.60856000,9.16016500,30.32002000,303.67990000,0,0,0,1,
	1.94629200,-6.16836400,3.60856000,9.16016500,30.32002000,303.19990000,0,0,0,1,
	1.95088300,-6.33434200,3.69996000,9.24953800,30.32001000,302.55980000,0,0,0,1,
	1.95738800,-6.33434200,3.69996000,9.24953800,30.32001000,302.31990000,0,0,0,1,
	1.96190200,-6.33434200,3.69996000,9.24953800,30.32002000,301.99980000,0,0,0,1,
	1.96615700,-6.33434200,3.69996000,9.24953800,30.32001000,301.83980000,0,0,0,1,
	1.96960400,-6.50171400,3.78496000,9.33668500,30.32001000,301.75990000,0,0,0,1,
	1.97418000,-6.50171400,3.78496000,9.33668500,30.32001000,301.75990000,0,0,0,1,
	1.97721900,-6.50171400,3.78496000,9.33668500,30.32001000,301.67990000,0,0,0,1,
	1.97987400,-6.50171400,3.78496000,9.33668500,30.32001000,301.67990000,0,0,0,1,
	1.98305000,-6.50171400,3.78496000,9.33668500,30.32001000,301.67990000,0,0,0,1,
	1.98583800,-6.50171400,3.78496000,9.33668500,30.32001000,301.67990000,0,0,0,1,
	1.98998800,-6.66922400,3.86355900,9.42360900,30.32001000,301.67990000,0,0,1,1,
	1.99614500,-6.66922400,3.86355900,9.42360900,30.32001000,301.67990000,0,0,1,0,
	2.00060600,-6.66922400,3.86355900,9.42360900,30.32001000,301.67990000,0,0,1,0,
	2.00425500,-6.66922400,3.86355900,9.42360900,30.32001000,301.67990000,0,0,1,0,
	2.00831000,-6.82202900,3.93576000,9.53436000,30.32001000,301.67990000,0,0,1,0,
	2.01238700,-6.82202900,3.93576000,9.53436000,30.32001000,301.67990000,0,0,1,0,
	2.01556700,-6.82202900,3.93576000,9.53436000,30.32001000,301.67990000,0,0,1,0,
	2.01880400,-6.82202900,3.93576000,9.53436000,30.32001000,301.67990000,0,0,1,0,
	2.02191200,-6.82202900,3.93576000,9.53436000,30.32001000,301.67990000,0,0,1,0,
	2.02530700,-6.82202900,3.93576000,9.53436000,30.32001000,301.67990000,0,0,1,0,
	2.02826900,-6.97483300,4.00156000,9.64511100,30.32001000,301.67990000,0,0,1,0,
	2.03321800,-6.97483300,4.00156000,9.64511100,30.32001000,301.67990000,0,0,1,0,
	2.03657800,-6.97483300,4.00156000,9.64511100,30.40002000,301.67990000,0,0,1,0,
	2.04083800,-6.97483300,4.00156000,9.64511100,30.40002000,301.67990000,0,0,1,0,
	2.04475300,-6.97483300,4.00156000,9.64511100,30.40002000,301.75990000,0,0,1,0,
	2.04766800,-7.12750000,4.06096000,9.75608500,30.40002000,301.75990000,0,0,1,0,
	2.05178900,-7.12750000,4.06096000,9.75608500,30.40002000,301.75990000,0,0,1,0,
	2.05450500,-7.12750000,4.06096000,9.75608500,30.40002000,301.75990000,0,0,1,0,
	2.05715500,-7.12750000,4.06096000,9.75608500,30.40002000,301.75990000,0,0,1,0,
	2.06127100,-7.12750000,4.06096000,9.75608500,30.40002000,301.75990000,0,0,1,0,
	2.06467700,-7.12750000,4.06096000,9.75608500,30.40002000,301.83980000,0,0,1,0,
	2.06746100,-7.28002800,4.11396000,9.86728300,30.40002000,301.83980000,0,0,1,0,
	2.07280900,-7.28002800,4.11396000,9.86728300,30.40002000,301.83980000,0,0,1,0,
	2.07587000,-7.28002800,4.11396000,9.86728300,30.40002000,301.91980000,0,0,1,0,
	2.07934200,-7.28002800,4.11396000,9.86728300,30.40002000,301.91980000,0,0,1,0,
	2.08351700,-7.28002800,4.11396000,9.86728300,30.40002000,301.91980000,0,0,1,0,
	2.08810700,-7.43227800,4.16056000,9.97892700,30.40002000,301.99980000,0,0,1,0,
	2.09295700,-7.43227800,4.16056000,9.97892700,30.40002000,302.07980000,0,0,1,0,
	2.09696100,-7.43227800,4.16056000,9.97892700,30.40002000,302.15980000,0,0,1,0,
	2.10167600,-7.43227800,4.16056000,9.97892700,30.40002000,302.23980000,0,0,1,0,
	2.10695000,-7.58382600,4.20075900,10.09168000,30.40002000,302.39980000,0,0,1,0,
	2.11463200,-7.58382600,4.20075900,10.09168000,30.40002000,302.55980000,0,0,1,0,
	2.11933200,-7.58382600,4.20075900,10.09168000,30.40002000,302.87980000,0,0,1,0,
	2.12374400,-7.58382600,4.20075900,10.09168000,30.40002000,303.03980000,0,0,1,0,
	2.13157800,-7.73379900,4.23456000,10.20687000,30.40002000,303.27980000,0,0,1,0,
	2.13676600,-7.73379900,4.23456000,10.20687000,30.40002000,303.67980000,0,0,1,0,
	2.14189000,-7.73379900,4.23456000,10.20687000,30.32002000,303.99980000,0,0,1,0,
	2.15002800,-7.88185800,4.26196000,10.32489000,30.32001000,304.31980000,0,0,1,0,
	2.15929500,-7.88185800,4.26196000,10.32489000,30.32001000,304.79980000,0,0,1,0,
	2.16498100,-7.88185800,4.26196000,10.32489000,30.32002000,305.35980000,0,0,1,0,
	2.17112300,-8.02717300,4.28295900,10.44679000,30.32002000,305.75980000,0,0,1,0,
	2.17812800,-8.02717300,4.28295900,10.44679000,30.32002000,306.23980000,0,0,1,0,
	2.18318100,-8.02717300,4.28295900,10.44679000,30.32001000,306.71980000,0,0,1,0,
	2.19111600,-8.16996600,4.29755900,10.57209000,30.32001000,307.03980000,0,0,1,0,
	2.19713900,-8.16996600,4.29755900,10.57209000,30.32001000,307.67980000,0,0,1,0,
	2.20793000,-8.31048300,4.30575900,10.70031000,30.32001000,308.15990000,0,0,1,0,
	2.21529400,-8.31048300,4.30575900,10.70031000,30.32002000,309.03990000,0,0,1,0,
	2.22040900,-8.31048300,4.30575900,10.70031000,30.32002000,309.67990000,0,0,1,0,
	2.22704000,-8.44695400,4.30755900,10.83345000,30.32002000,310.07980000,0,0,1,0,
	2.23445500,-8.44695400,4.30755900,10.83345000,30.32001000,310.79990000,0,0,1,0,
	2.23968100,-8.44695400,4.30755900,10.83345000,30.32002000,311.51990000,0,0,1,0,
	2.24788100,-8.57920900,4.30295900,10.97137000,30.32002000,311.99990000,0,0,1,0,
	2.25433400,-8.57920900,4.30295900,10.97137000,30.32002000,312.95990000,0,0,1,0,
	2.26033000,-8.57920900,4.30295900,10.97137000,30.32001000,313.51990000,0,0,1,0,
	2.26630000,-8.57920900,4.30295900,10.97137000,30.32001000,314.07990000,0,0,1,0,
	2.27439100,-8.70539200,4.29195900,11.11565000,30.32002000,314.63980000,0,0,1,0,
	2.28351200,-8.70539200,4.29195900,11.11565000,30.32002000,315.35990000,0,0,1,0,
	2.29041000,-8.82754500,4.27455900,11.26384000,30.32001000,316.31990000,0,0,1,0,
	2.29771900,-8.82754500,4.27455900,11.26384000,30.32001000,317.11980000,0,0,1,0,
	2.30390500,-8.82754500,4.27455900,11.26384000,30.32002000,317.83980000,0,0,1,0,
	2.31004500,-8.94332600,4.25076000,11.41775000,30.32001000,318.87990000,0,0,1,0,
	2.31544200,-8.94332600,4.25076000,11.41775000,30.32002000,319.67980000,0,0,1,0,
	2.32145000,-8.94332600,4.25076000,11.41775000,30.32002000,320.47980000,0,0,1,0,
	2.32614100,-8.94332600,4.25076000,11.41775000,30.32001000,321.27980000,0,0,1,0,
	2.33306300,-9.05055400,4.22056000,11.57861000,30.32001000,322.15980000,0,0,1,0,
	2.34037200,-9.05055400,4.22056000,11.57861000,30.40002000,323.35980000,0,0,1,0,
	2.34544900,-9.05055400,4.22056000,11.57861000,30.40002000,324.47980000,0,0,1,0,
	2.35081700,-9.14902200,4.18395900,11.74577000,30.40002000,325.35980000,0,0,1,0,
	2.35702600,-9.14902200,4.18395900,11.74577000,30.40002000,326.23980000,0,0,1,0,
	2.36385800,-9.14902200,4.18395900,11.74577000,30.48002000,327.43980000,0,0,1,0,
	2.37096000,-9.23859400,4.14095900,11.91860000,30.48002000,328.47990000,0,0,1,0,
	2.37787900,-9.23859400,4.14095900,11.91860000,30.48002000,329.91990000,0,0,1,0,
	2.38428000,-9.23859400,4.14095900,11.91860000,30.56001000,331.27980000,0,0,1,0,
	2.39039900,-9.31651400,4.09155900,12.09786000,30.56001000,332.39980000,0,0,1,0,
	2.39880500,-9.31651400,4.09155900,12.09786000,30.56001000,333.75980000,0,0,1,0,
	2.40720900,-9.38355300,4.03575900,12.28218000,30.64002000,335.91980000,0,0,1,0,
	2.41295800,-9.38355300,4.03575900,12.28218000,30.72002000,338.07980000,0,0,1,0,
	2.41847500,-9.38355300,4.03575900,12.28218000,30.72002000,339.43980000,0,0,1,0,
	2.42420700,-9.38355300,4.03575900,12.28218000,30.80002000,341.03980000,0,0,1,0,
	2.42941400,-9.42868300,3.97355900,12.47438000,30.88001000,342.71980000,0,0,1,0,
	2.43595100,-9.42868300,3.97355900,12.47438000,30.88001000,344.07980000,0,0,1,0,
	2.44213400,-9.42868300,3.97355900,12.47438000,30.96001000,346.07980000,0,0,1,0,
	2.44880400,-9.45696000,3.90495900,12.67076000,31.04002000,347.75980000,0,0,1,0,
	2.45538700,-9.45696000,3.90495900,12.67076000,31.12002000,349.99980000,0,0,1,0,
	2.46430700,-9.45696000,3.90495900,12.67076000,31.20002000,351.67980000,0,0,1,0,
	2.46933300,-9.46273100,3.90099200,12.87023000,31.28002000,354.31980000,0,0,1,0,
	2.47620300,-9.46273100,3.90099200,12.87023000,31.28003000,355.99980000,0,0,1,0,
	2.48215600,-9.46273100,3.90099200,12.87023000,31.36002000,357.91980000,0,0,1,0,
	2.48911000,-9.44985000,4.01159200,13.07038000,31.44002000,359.67980000,0,0,1,0,
	2.49725300,-9.44985000,4.01159200,13.07038000,31.52002000,1.51980900,0,0,1,1,
	2.50421300,-9.44985000,4.01159200,13.07038000,31.52002000,3.43983000,0,0,1,1,
	2.51240000,-9.43053900,4.11579200,13.27037000,31.60002000,5.03981500,0,0,1,1,
	2.51927600,-9.43053900,4.11579200,13.27037000,31.68002000,6.63982800,0,0,1,1,
	2.52502200,-9.43053900,4.11579200,13.27037000,31.76001000,7.67984700,0,0,1,1,
	2.53528100,-9.41122800,4.21359200,13.47035000,31.84001000,8.63981700,0,0,0,1,
	2.54492200,-9.41122800,4.21359200,13.47035000,31.92002000,9.59981300,0,0,0,1,
	2.54874100,-9.39191700,4.30499200,13.67034000,32.00002000,10.07984000,0,0,0,1,
	2.55285400,-9.39191700,4.30499200,13.67034000,32.00002000,10.07984000,0,0,0,1,
	2.55571300,-9.39191700,4.30499200,13.67034000,32.00002000,10.07984000,0,0,0,1,
	2.55888300,-9.39191700,4.30499200,13.67034000,32.00002000,10.07984000,0,0,0,1,
	2.56282500,-9.39191700,4.30499200,13.67034000,32.00002000,10.07984000,0,0,0,1,
	2.56838800,-9.37260600,4.38999200,13.87032000,32.08002000,9.99984500,0,0,0,1,
	2.57470100,-9.37260600,4.38999200,13.87032000,32.16002000,9.75986100,0,0,0,1,
	2.58098200,-9.37260600,4.38999200,13.87032000,32.24002000,9.35985700,0,0,0,1,
	2.58883300,-9.35603200,4.46859200,14.07073000,32.32003000,8.71984000,0,0,0,1,
	2.59493000,-9.35603200,4.46859200,14.07073000,32.40003000,7.67984800,0,0,0,1,
	2.60137700,-9.35603200,4.46859200,14.07073000,32.40003000,6.71985100,0,0,0,1,
	2.60771600,-9.34976600,4.54079200,14.27236000,32.48002000,5.75985500,0,0,0,1,
	2.61442200,-9.34976600,4.54079200,14.27236000,32.48003000,4.23986400,0,0,0,1,
	2.62094900,-9.34976600,4.54079200,14.27236000,32.48003000,2.87989100,0,0,0,1,
	2.62777200,-9.35981300,4.60659200,14.47475000,32.56003000,1.11986100,0,0,0,1,
	2.63504700,-9.35981300,4.60659200,14.47475000,32.56003000,359.51990000,0,0,0,1,
	2.64085200,-9.35981300,4.60659200,14.47475000,32.56003000,357.75990000,0,0,0,1,
	2.64548300,-9.35981300,4.60659200,14.47475000,32.56003000,356.47990000,0,0,0,1,
	2.65131100,-9.38964700,4.66599200,14.67630000,32.64003000,355.51990000,0,0,0,1,
	2.65678900,-9.38964700,4.66599200,14.67630000,32.64004000,354.63990000,0,0,0,1,
	2.66330000,-9.38964700,4.66599200,14.67630000,32.64003000,353.83990000,0,0,0,1,
	2.67012000,-9.42824200,4.71899200,14.87691000,32.64003000,353.03990000,0,0,0,1,
	2.67476200,-9.42824200,4.71899200,14.87691000,32.72003000,352.31990000,0,0,0,1,
	2.68196000,-9.42824200,4.71899200,14.87691000,32.72003000,351.99990000,0,0,1,1,
	2.68921600,-9.47050300,4.76559200,15.07702000,32.72004000,351.67990000,0,0,1,0,
	2.69445600,-9.47050300,4.76559200,15.07702000,32.80004000,351.51990000,0,0,1,0,
	2.69761100,-9.47050300,4.76559200,15.07702000,32.80004000,351.51990000,0,0,1,0,
	2.70053200,-9.47050300,4.76559200,15.07702000,32.80004000,351.51990000,0,0,1,0,
	2.70351500,-9.47050300,4.76559200,15.07702000,32.80004000,351.51990000,0,0,1,0,
	2.70650500,-9.48676200,4.80579100,15.28100000,32.80004000,351.51990000,0,0,1,0,
	2.71032000,-9.48676200,4.80579100,15.28100000,32.80004000,351.51990000,0,0,1,0,
	2.71325800,-9.48676200,4.80579100,15.28100000,32.80004000,351.51990000,0,0,1,0,
	2.71588600,-9.48676200,4.80579100,15.28100000,32.80004000,351.51990000,0,0,1,0,
	2.71894800,-9.48676200,4.80579100,15.28100000,32.80004000,351.51990000,0,0,1,0,
	2.72187600,-9.48676200,4.80579100,15.28100000,32.80004000,351.51990000,0,0,1,0,
	2.72508900,-9.48676200,4.80579100,15.28100000,32.80004000,351.51990000,0,0,1,0,
	2.73088300,-9.50302100,4.83959200,15.48499000,32.80004000,351.51990000,0,0,1,0,
	2.73540100,-9.50302100,4.83959200,15.48499000,32.80005000,351.67990000,0,0,1,0,
	2.73972900,-9.50302100,4.83959200,15.48499000,32.80004000,351.75990000,0,0,1,0,
	2.74360900,-9.50302100,4.83959200,15.48499000,32.80005000,351.91990000,0,0,1,0,
	2.74972700,-9.51730400,4.86699200,15.68925000,32.80004000,352.07990000,0,0,1,0,
	2.75435100,-9.51730400,4.86699200,15.68925000,32.72003000,352.39990000,0,0,1,0,
	2.76044300,-9.51730400,4.86699200,15.68925000,32.72003000,352.79990000,0,0,1,0,
	2.77085900,-9.52762300,4.88799100,15.89402000,32.72003000,353.19990000,0,0,1,0,
	2.77633200,-9.52762300,4.88799100,15.89402000,32.72003000,354.31990000,0,0,1,0,
	2.78486500,-9.52762300,4.88799100,15.89402000,32.72003000,354.95990000,0,0,1,0,
	2.79135800,-9.52825500,4.90259100,16.09963000,32.72003000,355.91990000,0,0,1,0,
	2.79637400,-9.52825500,4.90259100,16.09963000,32.72003000,356.87990000,0,0,1,0,
	2.80452900,-9.52825500,4.90259100,16.09963000,32.72003000,357.59990000,0,0,1,0,
	2.81144100,-9.51799200,4.91079100,16.30562000,32.72003000,358.95980000,0,0,1,0,
	2.81806700,-9.51799200,4.91079100,16.30562000,32.72004000,0.23983170,0,0,1,0,
	2.82395600,-9.51799200,4.91079100,16.30562000,32.72003000,1.51983600,0,0,1,0,
	2.83312700,-9.49478200,4.91259100,16.51130000,32.72004000,2.55985600,0,0,1,0,
	2.83892500,-9.49478200,4.91259100,16.51130000,32.72003000,4.55984400,0,0,1,0,
	2.84463800,-9.49478200,4.91259100,16.51130000,32.72003000,5.83984900,0,0,1,0,
	2.85234300,-9.45489800,4.90799100,16.71532000,32.72003000,7.19982200,0,0,1,0,
	2.85786200,-9.45489800,4.90799100,16.71532000,32.72003000,9.03982000,0,0,1,0,
	2.86187700,-9.45489800,4.90799100,16.71532000,32.72003000,10.47982000,0,0,1,0,
	2.86784500,-9.39987300,4.89699100,16.91666000,32.72003000,11.43981000,0,0,1,0,
	2.87403200,-9.39987300,4.89699100,16.91666000,32.72003000,13.11982000,0,0,1,0,
	2.88027300,-9.39987300,4.89699100,16.91666000,32.64003000,14.71981000,0,0,1,0,
	2.88490100,-9.39987300,4.89699100,16.91666000,32.64004000,16.07981000,0,0,1,0,
	2.88891800,-9.32375100,4.87959100,17.11226000,32.64004000,17.43978000,0,0,1,0,
	2.89742300,-9.32375100,4.87959100,17.11226000,32.64004000,18.39978000,0,0,1,0,
	2.90182100,-9.32375100,4.87959100,17.11226000,32.56003000,20.71977000,0,0,1,0,
	2.90734300,-9.23199700,4.85579200,17.30198000,32.48003000,21.99977000,0,0,1,0,
	2.91346400,-9.23199700,4.85579200,17.30198000,32.48003000,23.35978000,0,0,1,0,
	2.92116000,-9.23199700,4.85579200,17.30198000,32.40003000,25.03976000,0,0,1,0,
	2.92706900,-9.12453300,4.82559200,17.48433000,32.40003000,26.71976000,0,0,1,0,
	2.93409700,-9.12453300,4.82559200,17.48433000,32.24003000,28.39975000,0,0,1,0,
	2.94121700,-9.12453300,4.82559200,17.48433000,32.16002000,29.99976000,0,0,1,0,
	2.94910800,-9.00046600,4.78899100,17.65702000,32.08002000,31.91978000,0,0,1,0,
	2.95585800,-9.00046600,4.78899100,17.65702000,31.92002000,33.59976000,0,0,1,0,
	2.96231100,-9.00046600,4.78899100,17.65702000,31.84002000,35.19977000,0,0,1,0,
	2.97329400,-8.86159900,4.89959100,17.81928000,31.76002000,36.79976000,0,0,1,0,
	2.97831200,-8.86159900,4.89959100,17.81928000,31.60003000,39.11978000,0,0,1,0,
	2.98576800,-8.86159900,4.89959100,17.81928000,31.52003000,40.47976000,0,0,1,0,
	2.99194400,-8.70687700,5.00379100,17.96796000,31.44002000,42.39978000,0,0,1,0,
	2.99805100,-8.70687700,5.00379100,17.96796000,31.36003000,43.75978000,0,0,1,0,
	3.00414200,-8.70687700,5.00379100,17.96796000,31.36002000,45.35976000,0,0,1,0,
	3.00826000,-8.54077500,5.10159100,18.10515000,31.28003000,46.71976000,0,0,1,0,
	3.01503800,-8.54077500,5.10159100,18.10515000,31.28003000,47.67976000,0,0,1,0,
	3.02030400,-8.54077500,5.10159100,18.10515000,31.28003000,49.59975000,0,0,1,0,
	3.02575200,-8.54077500,5.10159100,18.10515000,31.28003000,50.63977000,0,0,1,0,
	3.03305900,-8.36121700,5.19299100,18.22614000,31.20002000,52.31975000,0,0,1,0,
	3.03843400,-8.36121700,5.19299100,18.22614000,31.20002000,53.91977000,0,0,1,0,
	3.04412400,-8.36121700,5.19299100,18.22614000,31.20002000,55.27977000,0,0,1,0,
	3.05197400,-8.17171000,5.27799100,18.33270000,31.20002000,56.95974000,0,0,1,0,
	3.05886700,-8.17171000,5.27799100,18.33270000,31.20002000,59.19974000,0,0,1,0,
	3.06453300,-8.17171000,5.27799100,18.33270000,31.20002000,60.87973000,0,0,1,0,
	3.07595700,-7.97234300,5.35659100,18.42181000,31.20002000,62.23970000,0,0,1,0,
	3.08328700,-7.97234300,5.35659100,18.42181000,31.20002000,65.51972000,0,0,1,0,
	3.08798500,-7.76499100,5.42879100,18.49280000,31.20002000,67.43971000,0,0,1,0,
	3.09331500,-7.76499100,5.42879100,18.49280000,31.28003000,68.79972000,0,0,1,0,
	3.10186300,-7.76499100,5.42879100,18.49280000,31.28003000,70.07972000,0,0,1,0,
	3.10880600,-7.55108700,5.49459100,18.54468000,31.36003000,72.71972000,0,0,1,0,
	3.11537800,-7.55108700,5.49459100,18.54468000,31.36003000,74.55972000,0,0,1,0,
	3.12228800,-7.55108700,5.49459100,18.54468000,31.36002000,75.99972000,0,0,1,0,
	3.12905000,-7.33247400,5.55399100,18.57747000,31.44002000,77.83972000,0,0,1,0,
	3.13598200,-7.33247400,5.55399100,18.57747000,31.44002000,79.59972000,0,0,1,0,
	3.14286100,-7.33247400,5.55399100,18.57747000,31.44002000,81.51974000,0,0,1,0,
	3.15001000,-7.11089200,5.60699100,18.59104000,31.44003000,82.87974000,0,0,1,0,
	3.15546900,-7.11089200,5.60699100,18.59104000,31.44002000,85.11972000,0,0,1,0,
	3.16016400,-7.11089200,5.60699100,18.59104000,31.44002000,86.39973000,0,0,1,0,
	3.16594100,-7.11089200,5.60699100,18.59104000,31.44002000,87.75970000,0,0,1,0,
	3.17203900,-6.88797700,5.65359100,18.58015000,31.44002000,89.19971000,0,0,1,0,
	3.17774000,-6.88797700,5.65359100,18.58015000,31.44002000,90.79971000,0,0,1,0,
	3.18421400,-6.88797700,5.65359100,18.58015000,31.44002000,92.39971000,0,0,1,0,
	3.18978100,-6.66578600,5.69379100,18.55120000,31.44002000,93.83971000,0,0,1,0,
	3.19574900,-6.66578600,5.69379100,18.55120000,31.36003000,95.43972000,0,0,1,0,
	3.20494200,-6.66578600,5.69379100,18.55120000,31.36003000,96.95972000,0,0,1,0,
	3.21231000,-6.44618700,5.72759100,18.50209000,31.28003000,99.03969000,0,0,1,0,
	3.22563400,-6.44618700,5.72759100,18.50209000,31.20002000,100.63970000,0,0,1,0,
	3.23407300,-6.23048300,5.75499100,18.43550000,31.12002000,103.59970000,0,0,1,0,
	3.24096100,-6.23048300,5.75499100,18.43550000,31.12002000,105.59970000,0,0,1,0,
	3.24830200,-6.01836000,5.77599100,18.35651000,31.04003000,106.87970000,0,0,1,0,
	3.26168300,-6.01836000,5.77599100,18.35651000,31.04002000,108.55970000,0,0,1,0,
	3.26858500,-5.81250900,5.79059100,18.26063000,30.88002000,111.43970000,0,0,1,0,
	3.27492600,-5.81250900,5.79059100,18.26063000,30.88002000,112.55970000,0,0,1,0,
	3.28510100,-5.81250900,5.79059100,18.26063000,30.80002000,113.83970000,0,0,1,0,
	3.29634300,-5.61299000,5.79879100,18.15057000,30.72003000,115.35970000,0,0,1,0,
	3.30748400,-5.41635400,5.80059100,18.03485000,30.64003000,116.95970000,0,0,1,0,
	3.31503200,-5.41635400,5.80059100,18.03485000,30.64002000,117.91970000,0,0,1,0,
	3.32049500,-5.41635400,5.80059100,18.03485000,30.56002000,118.47970000,0,0,1,0,
	3.32608000,-5.41635400,5.80059100,18.03485000,30.56002000,118.79970000,0,0,1,0,
	3.33006800,-5.22348900,5.79599100,17.91212000,30.56002000,118.95970000,0,0,1,0,
	3.33570800,-5.22348900,5.79599100,17.91212000,30.48002000,119.03970000,0,0,1,0,
	3.33983000,-5.22348900,5.79599100,17.91212000,30.48002000,119.11960000,0,0,1,0,
	3.34316000,-5.22348900,5.79599100,17.91212000,30.48002000,119.11960000,0,0,1,0,
	3.34643700,-5.03093400,5.78499100,17.78883000,30.48002000,119.11960000,0,0,1,0,
	3.35086700,-5.03093400,5.78499100,17.78883000,30.48002000,119.11960000,0,0,1,0,
	3.35373800,-5.03093400,5.78499100,17.78883000,30.48002000,119.11960000,0,0,1,0,
	3.35804100,-5.03093400,5.78499100,17.78883000,30.48002000,119.11960000,0,0,1,0,
	3.36091500,-5.03093400,5.78499100,17.78883000,30.48002000,119.11960000,0,0,1,0,
	3.36429700,-5.03093400,5.78499100,17.78883000,30.48002000,119.11960000,0,0,1,0,
	3.36861200,-4.83837900,5.76759100,17.66554000,30.48002000,119.11960000,0,0,1,0,
	3.37412800,-4.83837900,5.76759100,17.66554000,30.48002000,119.03970000,0,0,1,0,
	3.37886200,-4.83837900,5.76759100,17.66554000,30.40002000,118.95970000,0,0,1,0,
	3.38322200,-4.83837900,5.76759100,17.66554000,30.40002000,118.79970000,0,0,1,0,
	3.39288000,-4.64582400,5.74379100,17.54225000,30.40002000,118.55970000,0,0,1,0,
	3.40127700,-4.64582400,5.74379100,17.54225000,30.32002000,117.91960000,0,0,1,1,
	3.40924300,-4.45326900,5.71359100,17.41897000,30.24003000,117.19970000,0,0,1,1,
	3.41428600,-4.45326900,5.71359100,17.41897000,30.24003000,116.07970000,0,0,1,1,
	3.42132800,-4.45326900,5.71359100,17.41897000,30.24003000,115.35970000,0,0,1,1,
	3.42715600,-4.26071500,5.70271800,17.29568000,30.24002000,114.07970000,0,0,1,1,
	3.43490200,-4.26071500,5.70271800,17.29568000,30.16002000,112.71970000,0,0,0,1,
	3.44273300,-4.26071500,5.70271800,17.29568000,30.16002000,111.03970000,0,0,0,1,
	3.45138400,-4.05748800,5.70054400,17.20166000,30.16002000,109.03970000,0,0,0,1,
	3.45707800,-4.05748800,5.70054400,17.20166000,30.16002000,106.79970000,0,0,0,1,
	3.46316100,-4.05748800,5.70054400,17.20166000,30.16003000,105.03970000,0,0,0,1,
	3.46969100,-3.84349600,5.81114400,17.14703000,30.16002000,103.35970000,0,0,0,1,
	3.47608600,-3.84349600,5.81114400,17.14703000,30.16003000,101.11970000,0,0,0,1,
	3.48513900,-3.84349600,5.81114400,17.14703000,30.16002000,99.11975000,0,0,0,1,
	3.49203100,-3.62291300,5.91534400,17.13584000,30.24002000,96.47971000,0,0,0,1,
	3.49858600,-3.62291300,5.91534400,17.13584000,30.32002000,94.07972000,0,0,0,1,
	3.50440100,-3.62291300,5.91534400,17.13584000,30.40002000,92.15970000,0,0,0,1,
	3.51169000,-3.40135700,6.01314400,17.14923000,30.56002000,90.15968000,0,0,0,1,
	3.51880200,-3.40135700,6.01314400,17.14923000,30.64002000,87.51968000,0,0,0,1,
	3.52499700,-3.40135700,6.01314400,17.14923000,30.72003000,85.27971000,0,0,0,1,
	3.53083000,-3.18196200,6.10454400,17.18980000,30.88002000,83.11970000,0,0,0,1,
	3.53774200,-3.18196200,6.10454400,17.18980000,30.96003000,81.11968000,0,0,0,1,
	3.54427200,-3.18196200,6.10454400,17.18980000,31.04003000,78.95967000,0,0,0,1,
	3.56012600,-2.96706000,6.18954400,17.25362000,31.04002000,77.03968000,0,0,0,1,
	3.56694800,-2.75862200,6.26814400,17.33706000,31.28003000,71.75967000,0,0,0,1,
	3.57433600,-2.75862200,6.26814400,17.33706000,31.36002000,69.59967000,0,0,0,1,
	3.58428800,-2.75862200,6.26814400,17.33706000,31.36002000,67.35966000,0,0,0,1,
	3.59000900,-2.56168700,6.34034300,17.44729000,31.52003000,64.31966000,0,0,0,1,
	3.60410500,-2.56168700,6.34034300,17.44729000,31.52003000,62.55965000,0,0,0,1,
	3.61006300,-2.37635300,6.40614400,17.57738000,31.60002000,58.47968000,0,0,0,1,
	3.61621600,-2.37635300,6.40614400,17.57738000,31.68003000,56.87967000,0,0,0,1,
	3.62231400,-2.37635300,6.40614400,17.57738000,31.76003000,55.19969000,0,0,0,1,
	3.62832500,-2.20221300,6.46554400,17.72355000,31.76002000,53.51968000,0,0,0,1,
	3.63502700,-2.20221300,6.46554400,17.72355000,31.76002000,51.75968000,0,0,0,1,
	3.64111500,-2.20221300,6.46554400,17.72355000,31.84003000,49.91967000,0,0,0,1,
	3.64729200,-2.04220100,6.51854400,17.88647000,31.84003000,47.99966000,0,0,0,1,
	3.65341300,-2.04220100,6.51854400,17.88647000,31.84003000,45.99966000,0,0,0,1,
	3.66240000,-2.04220100,6.51854400,17.88647000,31.84002000,44.15967000,0,0,0,1,
	3.67213500,-1.90112900,6.56514400,18.06741000,31.92002000,41.43967000,0,0,0,1,
	3.67930400,-1.90112900,6.56514400,18.06741000,31.92003000,38.15967000,0,0,0,1,
	3.68478600,-1.90112900,6.56514400,18.06741000,31.92002000,35.59967000,0,0,0,1,
	3.68906400,-1.78540900,6.60534300,18.26689000,31.92003000,33.59968000,0,0,0,1,
	3.69439000,-1.78540900,6.60534300,18.26689000,31.92002000,32.23968000,0,0,0,1,
	3.70114600,-1.78540900,6.60534300,18.26689000,31.92003000,30.63966000,0,0,0,1,
	3.70609200,-1.78540900,6.60534300,18.26689000,31.92003000,28.23968000,0,0,0,1,
	3.71245300,-1.69327500,6.63914300,18.47962000,31.92002000,26.87970000,0,0,0,1,
	3.71836000,-1.69327500,6.63914300,18.47962000,31.92003000,24.87968000,0,0,0,1,
	3.72326300,-1.69327500,6.63914300,18.47962000,31.92003000,23.27970000,0,0,0,1,
	3.72911100,-1.62045000,6.66654300,18.70070000,31.92003000,21.67969000,0,0,0,1,
	3.73508700,-1.62045000,6.66654300,18.70070000,31.84003000,19.99970000,0,0,0,1,
	3.74107800,-1.62045000,6.66654300,18.70070000,31.84002000,18.55968000,0,0,0,1,
	3.74813100,-1.56549100,6.68754300,18.92780000,31.84002000,17.03969000,0,0,0,1,
	3.75489700,-1.56549100,6.68754300,18.92780000,31.84002000,15.03970000,0,0,0,1,
	3.76083600,-1.56549100,6.68754300,18.92780000,31.84002000,13.35970000,0,0,0,1,
	3.76594500,-1.56549100,6.68754300,18.92780000,31.84002000,11.75971000,0,0,0,1,
	3.77184000,-1.53693900,6.70214300,19.16093000,31.76002000,10.39971000,0,0,0,1,
	3.77883200,-1.53693900,6.70214300,19.16093000,31.76003000,9.03973900,0,0,0,1,
	3.78479300,-1.53693900,6.70214300,19.16093000,31.76003000,7.11971800,0,0,0,1,
	3.79110300,-1.52725200,6.71034300,19.39647000,31.76003000,5.75974500,0,0,0,1,
	3.79944300,-1.52725200,6.71034300,19.39647000,31.76003000,4.15973200,0,0,0,1,
	3.80534600,-1.52725200,6.71034300,19.39647000,31.68002000,2.23971100,0,0,0,1,
	3.81106700,-1.53729400,6.71214300,19.63288000,31.68002000,0.95970620,0,0,0,1,
	3.81945000,-1.53729400,6.71214300,19.63288000,31.68002000,359.91970000,0,0,0,1,
	3.82629400,-1.53729400,6.71214300,19.63288000,31.60002000,358.23970000,0,0,0,1,
	3.83269900,-1.56384400,6.70754300,19.86879000,31.60003000,356.95970000,0,0,0,1,
	3.83990800,-1.56384400,6.70754300,19.86879000,31.60003000,355.91970000,0,0,0,1,
	3.84639100,-1.59897700,6.69654300,20.10401000,31.52003000,354.87970000,0,0,0,1,
	3.85484800,-1.59897700,6.69654300,20.10401000,31.52003000,354.07970000,0,0,0,1,
	3.86056200,-1.59897700,6.69654300,20.10401000,31.52003000,352.95970000,0,0,0,1,
	3.86956300,-1.64432500,6.67914300,20.33801000,31.52003000,352.39970000,0,0,0,1,
	3.87619400,-1.64432500,6.67914300,20.33801000,31.44002000,351.43970000,0,0,0,1,
	3.88114600,-1.64432500,6.67914300,20.33801000,31.44002000,350.79970000,0,0,0,1,
	3.88699700,-1.69821300,6.65534400,20.57066000,31.44002000,350.31970000,0,0,0,1,
	3.89319400,-1.69821300,6.65534400,20.57066000,31.44003000,349.67970000,0,0,0,1,
	3.89933900,-1.69821300,6.65534400,20.57066000,31.44002000,349.19970000,0,0,0,1,
	3.90406600,-1.69821300,6.65534400,20.57066000,31.44002000,348.71970000,0,0,0,1,
	3.90822700,-1.65091600,6.62514400,20.77699000,31.44002000,348.23970000,0,0,0,1,
	3.91513400,-1.65091600,6.62514400,20.77699000,31.44002000,347.99970000,0,0,0,1,
	3.92104200,-1.65091600,6.62514400,20.77699000,31.44002000,347.59970000,0,0,0,1,
	3.92512500,-1.65091600,6.62514400,20.77699000,31.44002000,347.35970000,0,0,0,1,
	3.92889700,-1.64559300,6.58854300,20.97443000,31.44003000,347.27970000,0,0,0,1,
	3.93342600,-1.64559300,6.58854300,20.97443000,31.44003000,347.27970000,0,0,0,1,
	3.93637600,-1.64559300,6.58854300,20.97443000,31.44003000,347.27970000,0,0,0,1,
	3.93915500,-1.64559300,6.58854300,20.97443000,31.44003000,347.27970000,0,0,0,1,
	3.94223200,-1.64559300,6.58854300,20.97443000,31.44003000,347.27970000,0,0,0,1,
	3.94504800,-1.64559300,6.58854300,20.97443000,31.44003000,347.27970000,0,0,0,1,
	3.95068200,-1.67913900,6.54554300,21.16309000,31.44003000,347.27970000,0,0,1,1,
	3.95877000,-1.67913900,6.54554300,21.16309000,31.44002000,347.35970000,0,0,1,1,
	3.96429700,-1.67913900,6.54554300,21.16309000,31.44002000,347.59970000,0,0,1,1,
	3.97011500,-1.67982800,6.49614300,21.35176000,31.44002000,347.83970000,0,0,1,1,
	3.97829000,-1.67982800,6.49614300,21.35176000,31.44002000,348.23970000,0,0,1,0,
	3.99216200,-1.68051700,6.60674300,21.54042000,31.44002000,348.87970000,0,0,1,0,
	3.99812100,-1.68051700,6.60674300,21.54042000,31.36002000,350.39970000,0,0,1,0,
	4.00200100,-1.68051700,6.60674300,21.54042000,31.36003000,351.27970000,0,0,1,0,
	4.02426800,-1.68120600,6.71094300,21.72908000,31.36003000,351.83970000,0,0,1,0,
	4.07463400,-1.68327300,6.98514300,22.29507000,31.36003000,355.43970000,0,0,1,0,
	4.08983000,-1.65256600,7.06374300,22.48092000,31.84002000,5.11964700,0,0,1,0,
	4.10241000,-1.65256600,7.06374300,22.48092000,32.00003000,7.03966800,0,0,1,0,
	4.10787200,-1.61196100,7.13594300,22.66548000,32.08002000,8.15965400,0,0,1,0,
	4.11626600,-1.61196100,7.13594300,22.66548000,32.16003000,8.47966400,0,0,1,1,
	4.12377900,-1.61196100,7.13594300,22.66548000,32.16003000,8.79967200,0,0,1,1,
	4.12827200,-1.57031400,7.20174300,22.84988000,32.16003000,8.87966400,0,0,1,1,
	4.13375600,-1.57031400,7.20174300,22.84988000,32.16003000,8.87966400,0,0,1,1,
	4.13854200,-1.57031400,7.20174300,22.84988000,32.16003000,8.87966400,0,0,1,1,
	4.14229500,-1.57031400,7.20174300,22.84988000,32.16003000,8.87966400,0,0,1,1,
	4.14816000,-1.52866700,7.26114300,23.03428000,32.16003000,8.87966400,0,0,0,1,
	4.15746500,-1.52866700,7.26114300,23.03428000,32.16003000,8.79967200,0,0,0,1,
	4.16460900,-1.52866700,7.26114300,23.03428000,32.16003000,8.55968700,0,0,0,1,
	4.17046500,-1.51522300,7.31414300,23.22297000,32.24003000,8.31970000,0,0,0,1,
	4.17794700,-1.51522300,7.31414300,23.22297000,32.24003000,7.91969600,0,0,0,1,
	4.18278100,-1.51522300,7.31414300,23.22297000,32.24003000,7.27968100,0,0,0,1,
	4.18851300,-1.50622300,7.36074300,23.41224000,32.24004000,6.95967200,0,0,0,1,
	4.19548300,-1.50622300,7.36074300,23.41224000,32.24004000,6.39967900,0,0,0,1,
	4.20094500,-1.50622300,7.36074300,23.41224000,32.24003000,5.67969500,0,0,0,1,
	4.20644200,-1.50379500,7.40094300,23.60215000,32.24004000,4.95968300,0,0,0,1,
	4.21335700,-1.50379500,7.40094300,23.60215000,32.24003000,4.47968500,0,0,0,1,
	4.21941400,-1.50379500,7.40094300,23.60215000,32.24003000,3.51968800,0,0,0,1,
	4.22679200,-1.50823800,7.43474300,23.79249000,32.24004000,2.87967300,0,0,0,1,
	4.23338800,-1.50823800,7.43474300,23.79249000,32.24003000,1.67966300,0,0,0,1,
	4.23917700,-1.50823800,7.43474300,23.79249000,32.16003000,0.87965640,0,0,0,1,
	4.24538500,-1.50823800,7.43474300,23.79249000,32.16003000,0.07967734,0,0,0,1,
	4.25263100,-1.52463400,7.46214300,23.98296000,32.08002000,359.27970000,0,0,0,1,
	4.26187100,-1.52463400,7.46214300,23.98296000,32.00002000,358.23970000,0,0,0,1,
	4.26621700,-1.52463400,7.46214300,23.98296000,31.92002000,357.03970000,0,0,0,1,
	4.27132300,-1.55035100,7.48314300,24.17300000,31.92002000,356.47970000,0,0,0,1,
	4.27624300,-1.55035100,7.48314300,24.17300000,31.84002000,355.83970000,0,0,0,1,
	4.28004300,-1.55035100,7.48314300,24.17300000,31.84003000,355.27970000,0,0,0,1,
	4.28531700,-1.55035100,7.48314300,24.17300000,31.76003000,354.87970000,0,0,0,1,
	4.28985800,-1.58299600,7.49774300,24.36246000,31.76003000,354.39970000,0,0,0,1,
	4.29387700,-1.58299600,7.49774300,24.36246000,31.68002000,353.91960000,0,0,0,1,
	4.29781600,-1.58299600,7.49774300,24.36246000,31.60003000,353.59960000,0,0,0,1,
	4.30226100,-1.58299600,7.49774300,24.36246000,31.60003000,353.35960000,0,0,0,1,
	4.30560700,-1.58299600,7.49774300,24.36246000,31.60003000,353.03960000,0,0,0,1,
	4.31026200,-1.62069800,7.50594300,24.55133000,31.52003000,352.87960000,0,0,0,1,
	4.31391400,-1.62069800,7.50594300,24.55133000,31.52003000,352.63960000,0,0,0,1,
	4.31791900,-1.62069800,7.50594300,24.55133000,31.52003000,352.55970000,0,0,0,1,
	4.32071600,-1.62069800,7.50594300,24.55133000,31.44002000,352.39970000,0,0,0,1,
	4.32372600,-1.62069800,7.50594300,24.55133000,31.44002000,352.39970000,0,0,0,1,
	4.32611500,-1.62069800,7.50594300,24.55133000,31.44002000,352.39970000,0,0,0,1,
	4.32845200,-1.65999700,7.50774300,24.74000000,31.44002000,352.39970000,0,0,0,1,
	4.33206300,-1.65999700,7.50774300,24.74000000,31.44002000,352.39970000,0,0,0,1,
	4.33440600,-1.65999700,7.50774300,24.74000000,31.44002000,352.39970000,0,0,0,1,
	4.33724300,-1.65999700,7.50774300,24.74000000,31.44002000,352.39970000,0,0,0,1,
	4.33984300,-1.65999700,7.50774300,24.74000000,31.44002000,352.39970000,0,0,0,1,
	4.34221500,-1.65999700,7.50774300,24.74000000,31.44002000,352.39970000,0,0,0,1,
	4.34524200,-1.65999700,7.50774300,24.74000000,31.44002000,352.39970000,0,0,0,1,
	4.34775500,-1.69929600,7.50314300,24.92867000,31.44002000,352.39970000,0,0,0,1,
	4.35154300,-1.69929600,7.50314300,24.92867000,31.44002000,352.39970000,0,0,0,1,
	4.35402600,-1.69929600,7.50314300,24.92867000,31.44002000,352.39970000,0,0,0,1,
	4.35782400,-1.69929600,7.50314300,24.92867000,31.44002000,352.39970000,0,0,1,1,
	4.36204200,-1.69929600,7.50314300,24.92867000,31.44002000,352.39970000,0,0,1,1,
	4.36579500,-1.69929600,7.50314300,24.92867000,31.44002000,352.39970000,0,0,1,1,
	4.36929100,-1.73859500,7.49214300,25.11733000,31.44003000,352.47960000,0,0,1,1,
	4.37284900,-1.73859500,7.49214300,25.11733000,31.44003000,352.55960000,0,0,1,1,
	4.37621300,-1.73859500,7.49214300,25.11733000,31.44003000,352.55960000,0,0,1,1,
	4.38007900,-1.73859500,7.49214300,25.11733000,31.44003000,352.63960000,0,0,1,1,
	4.38402100,-1.73859500,7.49214300,25.11733000,31.44002000,352.71960000,0,0,1,1,
	4.38803800,-1.77789400,7.47474300,25.30600000,31.44003000,352.87960000,0,0,1,1,
	4.39271700,-1.77789400,7.47474300,25.30600000,31.36003000,352.95960000,0,0,1,1,
	4.39758500,-1.77789400,7.47474300,25.30600000,31.36003000,353.11960000,0,0,1,1,
	4.40217900,-1.77789400,7.47474300,25.30600000,31.36002000,353.35960000,0,0,1,1,
	4.40885500,-1.81719200,7.45094300,25.49467000,31.36003000,353.67960000,0,0,1,0,
	4.41517800,-1.81719200,7.45094300,25.49467000,31.28003000,354.15960000,0,0,1,0,
	4.41937800,-1.81719200,7.45094300,25.49467000,31.28003000,354.71960000,0,0,1,0,
	4.42418000,-1.81719200,7.45094300,25.49467000,31.28003000,355.03960000,0,0,1,0,
	4.42891400,-1.81794500,7.42074300,25.68691000,31.28003000,355.59960000,0,0,1,0,
	4.43332500,-1.81794500,7.42074300,25.68691000,31.28002000,356.15960000,0,0,1,0,
	4.43770600,-1.81794500,7.42074300,25.68691000,31.28003000,356.63960000,0,0,1,0,
	4.44280000,-1.81794500,7.42074300,25.68691000,31.28003000,357.27960000,0,0,1,0,
	4.44724300,-1.81066500,7.38414300,25.87957000,31.28003000,357.99960000,0,0,1,0,
	4.45242300,-1.81066500,7.38414300,25.87957000,31.20002000,358.55960000,0,0,1,0,
	4.45726900,-1.81066500,7.38414300,25.87957000,31.20003000,359.27960000,0,0,1,0,
	4.46084500,-1.81066500,7.38414300,25.87957000,31.20003000,0.07962271,0,0,1,0,
	4.46487500,-1.81066500,7.38414300,25.87957000,31.20003000,0.71963880,0,0,1,0,
	4.46980500,-1.79235800,7.34114300,26.07223000,31.20002000,1.27963200,0,0,1,0,
	4.47399000,-1.79235800,7.34114300,26.07223000,31.20003000,2.07961100,0,0,1,0,
	4.47786000,-1.79235800,7.34114300,26.07223000,31.20003000,2.79962300,0,0,1,0,
	4.48187000,-1.79235800,7.34114300,26.07223000,31.20002000,3.35961600,0,0,1,0,
	4.48607800,-1.79235800,7.34114300,26.07223000,31.20003000,3.99963200,0,0,1,0,
	4.49107600,-1.76219100,7.29174300,26.26418000,31.20003000,4.79961100,0,0,1,0,
	4.49508700,-1.76219100,7.29174300,26.26418000,31.20003000,5.59961800,0,0,1,0,
	4.49887200,-1.76219100,7.29174300,26.26418000,31.20003000,6.23963400,0,0,1,0,
	4.50515600,-1.76219100,7.29174300,26.26418000,31.28003000,6.79962800,0,0,1,0,
	4.50927200,-1.72233200,7.23594300,26.45501000,31.28003000,7.67962900,0,0,1,0,
	4.51434400,-1.72233200,7.23594300,26.45501000,31.28003000,8.23962300,0,0,1,0,
	4.51968000,-1.72233200,7.23594300,26.45501000,31.28003000,9.11962300,0,0,1,0,
	4.52387100,-1.72233200,7.23594300,26.45501000,31.36003000,9.99962700,0,0,1,0,
	4.52815300,-1.67308600,7.17374300,26.64428000,31.36003000,10.47965000,0,0,1,0,
	4.53325500,-1.67308600,7.17374300,26.64428000,31.36003000,10.95965000,0,0,1,0,
	4.53681800,-1.67308600,7.17374300,26.64428000,31.36003000,11.59967000,0,0,1,0,
	4.54100500,-1.67308600,7.17374300,26.64428000,31.44003000,11.91967000,0,0,1,0,
	4.54529100,-1.67308600,7.17374300,26.64428000,31.44002000,12.31968000,0,0,1,0,
	4.55064400,-1.61636600,7.28434300,26.83198000,31.44003000,12.71965000,0,0,1,0,
	4.55629500,-1.61636600,7.28434300,26.83198000,31.44003000,13.03966000,0,0,1,0,
	4.56109400,-1.61636600,7.28434300,26.83198000,31.44002000,13.35967000,0,0,1,0,
	4.56420700,-1.61636600,7.28434300,26.83198000,31.44003000,13.51969000,0,0,1,0,
	4.56763200,-1.55698700,7.38854300,27.01905000,31.44003000,13.51969000,0,0,1,0,
	4.57077100,-1.55698700,7.38854300,27.01905000,31.44003000,13.59966000,0,0,1,0,
	4.57371000,-1.55698700,7.38854300,27.01905000,31.44003000,13.59966000,0,0,1,0,
	4.57637100,-1.55698700,7.38854300,27.01905000,31.44003000,13.59966000,0,0,1,0,
	4.57905700,-1.55698700,7.38854300,27.01905000,31.44003000,13.59966000,0,0,1,0,
	4.58251000,-1.55698700,7.38854300,27.01905000,31.44003000,13.59966000,0,0,1,0,
	4.58687600,-1.49734200,7.48634200,27.20606000,31.44003000,13.59966000,0,0,1,0,
	4.59380100,-1.49734200,7.48634200,27.20606000,31.44003000,13.51969000,0,0,1,0,
	4.59762900,-1.49734200,7.48634200,27.20606000,31.44002000,13.35967000,0,0,1,0,
	4.60226700,-1.49734200,7.48634200,27.20606000,31.44003000,13.19968000,0,0,1,0,
	4.60623000,-1.49734200,7.48634200,27.20606000,31.44003000,12.95969000,0,0,1,0,
	4.61084100,-1.43769700,7.57774300,27.39307000,31.44003000,12.71968000,0,0,1,0,
	4.61828700,-1.43769700,7.57774300,27.39307000,31.44002000,12.47969000,0,0,1,1,
	4.62848300,-1.37805200,7.66274300,27.58008000,31.44003000,11.67972000,0,0,1,1,
	4.63449900,-1.37805200,7.66274300,27.58008000,31.44002000,10.63970000,0,0,1,1,
	4.64092100,-1.37805200,7.66274300,27.58008000,31.44002000,9.91971400,0,0,1,1,
	4.64682900,-1.31840700,7.74134300,27.76709000,31.44002000,9.03971100,0,0,1,1,
	4.65189600,-1.31840700,7.74134300,27.76709000,31.44003000,8.23970400,0,0,1,1,
	4.65838100,-1.31840700,7.74134300,27.76709000,31.44003000,7.59968900,0,0,0,1,
	4.67008000,-1.27164000,7.81354200,27.95563000,31.36003000,6.79970900,0,0,0,1,
	4.67519900,-1.27164000,7.81354200,27.95563000,31.36003000,5.03970600,0,0,0,1,
	4.68041500,-1.27164000,7.81354200,27.95563000,31.28003000,4.15970500,0,0,0,1,
	4.68731200,-1.26880400,7.87934300,28.14762000,31.28003000,3.51968800,0,0,0,1,
	4.69427500,-1.26880400,7.87934300,28.14762000,31.20003000,2.47966900,0,0,0,1,
	4.70091900,-1.26880400,7.87934300,28.14762000,31.12002000,1.43967700,0,0,0,1,
	4.70734400,-1.28092400,7.93874300,28.34008000,31.12003000,0.55964840,0,0,0,1,
	4.71456700,-1.28092400,7.93874300,28.34008000,31.04003000,359.83970000,0,0,0,1,
	4.72339700,-1.28092400,7.93874300,28.34008000,30.96003000,359.03970000,0,0,0,1,
	4.72799200,-1.30111100,7.99174300,28.53241000,30.88002000,358.15970000,0,0,0,1,
	4.73270300,-1.30111100,7.99174300,28.53241000,30.88002000,357.75970000,0,0,0,1,
	4.73811700,-1.30111100,7.99174300,28.53241000,30.80003000,357.35970000,0,0,0,1,
	4.74302400,-1.30111100,7.99174300,28.53241000,30.72003000,356.95970000,0,0,0,1,
	4.74904500,-1.32614400,8.03834200,28.72449000,30.72003000,356.71970000,0,0,0,1,
	4.75454200,-1.32614400,8.03834200,28.72449000,30.64003000,356.31970000,0,0,0,1,
	4.76024000,-1.32614400,8.03834200,28.72449000,30.56003000,356.15970000,0,0,0,1,
	4.76540600,-1.32614400,8.03834200,28.72449000,30.56003000,355.99970000,0,0,0,1,
	4.76972100,-1.35386900,8.07854300,28.91640000,30.56003000,355.91970000,0,0,0,1,
	4.77307200,-1.35386900,8.07854300,28.91640000,30.48003000,355.91970000,0,0,0,1,
	4.77605000,-1.35386900,8.07854300,28.91640000,30.48003000,355.91970000,0,0,0,1,
	4.77858400,-1.35386900,8.07854300,28.91640000,30.48003000,355.91970000,0,0,0,1,
	4.78124500,-1.35386900,8.07854300,28.91640000,30.48003000,355.91970000,0,0,0,1,
	4.78518200,-1.35386900,8.07854300,28.91640000,30.48003000,355.91970000,0,0,0,1,
	4.78764500,-1.38159500,8.11234300,29.10831000,30.48003000,355.91970000,0,0,0,1,
	4.79171600,-1.38159500,8.11234300,29.10831000,30.48003000,355.91970000,0,0,0,1,
	4.79433700,-1.38159500,8.11234300,29.10831000,30.48003000,355.91970000,0,0,0,1,
	4.79760100,-1.38159500,8.11234300,29.10831000,30.48003000,355.91970000,0,0,0,1,
	4.80029400,-1.38159500,8.11234300,29.10831000,30.48003000,355.91970000,0,0,0,1,
	4.80328800,-1.38159500,8.11234300,29.10831000,30.48003000,355.91970000,0,0,0,1,
	4.80585900,-1.38159500,8.11234300,29.10831000,30.48003000,355.91970000,0,0,0,1,
	4.80869200,-1.40932000,8.13974300,29.30022000,30.48003000,355.91970000,0,0,0,1,
	4.81274900,-1.40932000,8.13974300,29.30022000,30.48003000,355.91970000,0,0,0,1,
	4.81544600,-1.40932000,8.13974300,29.30022000,30.48003000,355.91970000,0,0,0,1,
	4.82016200,-1.40932000,8.13974300,29.30022000,30.48003000,355.91970000,0,0,0,1,
	4.82471600,-1.40932000,8.13974300,29.30022000,30.48003000,355.99970000,0,0,0,1,
	4.83052700,-1.43704600,8.16074300,29.49213000,30.48003000,356.07970000,0,0,0,1,
	4.83496700,-1.43704600,8.16074300,29.49213000,30.48002000,356.15970000,0,0,0,1,
	4.84129000,-1.43704600,8.16074300,29.49213000,30.48003000,356.31970000,0,0,0,1,
	4.84656600,-1.46477100,8.17534300,29.68404000,30.40002000,356.47970000,0,0,0,1,
	4.85152900,-1.46477100,8.17534300,29.68404000,30.40003000,356.63970000,0,0,0,1,
	4.85792400,-1.46477100,8.17534300,29.68404000,30.40003000,356.79970000,0,0,1,1,
	4.86637400,-1.49249600,8.18354200,29.87595000,30.32003000,357.11970000,0,0,1,0,
	4.87358900,-1.49249600,8.18354200,29.87595000,30.32003000,357.35970000,0,0,1,0,
	4.87804500,-1.49249600,8.18354200,29.87595000,30.24002000,357.67970000,0,0,1,0,
	4.88314600,-1.49249600,8.18354200,29.87595000,30.24003000,357.83970000,0,0,1,0,
	4.88785600,-1.48497400,8.18534200,30.06937000,30.16002000,358.07970000,0,0,1,0,
	4.89284300,-1.48497400,8.18534200,30.06937000,30.16002000,358.23970000,0,0,1,0,
	4.89926900,-1.48497400,8.18534200,30.06937000,30.16002000,358.47970000,0,0,1,0,
	4.90615200,-1.48497400,8.18534200,30.06937000,30.08003000,358.79970000,0,0,1,0,
	4.91061600,-1.47394500,8.18074200,30.26287000,30.00003000,359.11970000,0,0,1,0,
	4.91667300,-1.47394500,8.18074200,30.26287000,30.00003000,359.27970000,0,0,1,0,
	4.92291200,-1.47394500,8.18074200,30.26287000,30.00002000,359.51970000,0,0,1,0,
	4.92870900,-1.46075700,8.16974300,30.45638000,29.92003000,359.75970000,0,0,1,0,
	4.93455900,-1.46075700,8.16974300,30.45638000,29.92003000,359.91970000,0,0,1,0,
	4.93941300,-1.46075700,8.16974300,30.45638000,29.92003000,0.07967734,0,0,1,0,
	4.94510000,-1.46075700,8.16974300,30.45638000,29.92003000,0.15967250,0,0,1,0,
	4.94950700,-1.44567700,8.15234300,30.64989000,29.84003000,0.31966280,0,0,1,0,
	4.95404100,-1.44567700,8.15234300,30.64989000,29.84003000,0.39965810,0,0,1,0,
	4.95840500,-1.44567700,8.15234300,30.64989000,29.84003000,0.47965320,0,0,1,0,
	4.96138100,-1.44567700,8.15234300,30.64989000,29.84003000,0.55962110,0,0,1,0,
	4.96567600,-1.44567700,8.15234300,30.64989000,29.84003000,0.55962110,0,0,1,0,
	4.97051000,-1.42951600,8.12854300,30.84339000,29.84003000,0.63961620,0,0,1,0,
	4.97474200,-1.42951600,8.12854300,30.84339000,29.84003000,0.71961150,0,0,1,0,
	4.97806600,-1.42951600,8.12854300,30.84339000,29.84003000,0.79957920,0,0,1,0,
	4.98143300,-1.42951600,8.12854300,30.84339000,29.84003000,0.79957920,0,0,1,0,
	4.98527800,-1.42951600,8.12854300,30.84339000,29.84003000,0.87957440,0,0,1,0,
	4.98951500,-1.41254400,8.09834300,31.03687000,29.84003000,0.87957440,0,0,1,0,
	4.99314500,-1.41254400,8.09834300,31.03687000,29.84002000,0.95956960,0,0,1,0,
	4.99584400,-1.41254400,8.09834300,31.03687000,29.84002000,0.95956960,0,0,1,0,
	5.00125300,-1.41254400,8.09834300,31.03687000,29.84002000,0.95956960,0,0,1,0,
	5.00458800,-1.41254400,8.09834300,31.03687000,29.84003000,1.03953800,0,0,1,0,
	5.00722700,-1.39503000,8.06174300,31.23035000,29.84003000,1.03953800,0,0,1,0,
	5.01161500,-1.39503000,8.06174300,31.23035000,29.84003000,1.03953800,0,0,1,0,
	5.01482200,-1.39503000,8.06174300,31.23035000,29.76003000,1.03953700,0,0,1,0,
	5.01784000,-1.39503000,8.06174300,31.23035000,29.76003000,1.03953700,0,0,1,0,
	5.02116800,-1.39503000,8.06174300,31.23035000,29.76003000,1.03953700,0,0,1,0,
	5.02383300,-1.39503000,8.06174300,31.23035000,29.76003000,1.03953700,0,0,1,0,
	5.02699800,-1.37751700,8.01874300,31.42383000,29.76003000,1.03953700,0,0,1,0,
	5.03188300,-1.37751700,8.01874300,31.42383000,29.76003000,1.03953700,0,0,1,1,
	5.03633100,-1.37751700,8.01874300,31.42383000,29.76003000,1.03953700,0,0,1,1,
	5.03987500,-1.37751700,8.01874300,31.42383000,29.76003000,1.03953700,0,0,1,1,
	5.04260600,-1.37751700,8.01874300,31.42383000,29.76003000,1.03953700,0,0,1,1,
	5.04550300,-1.37751700,8.01874300,31.42383000,29.76003000,1.03953700,0,0,1,1,
	5.04875200,-1.36000400,7.96934300,31.61731000,29.76003000,1.03953700,0,0,1,1,
	5.05239500,-1.36000400,7.96934300,31.61731000,29.76003000,1.03953700,0,0,1,1,
	5.05532400,-1.36000400,7.96934300,31.61731000,29.76003000,1.03953700,0,0,1,1,
	5.05911200,-1.36000400,7.96934300,31.61731000,29.76003000,1.03953700,0,0,0,1,
	5.06381700,-1.36000400,7.96934300,31.61731000,29.76003000,1.03953700,0,0,0,1,
	5.06681700,-1.35947400,7.91354300,31.81109000,29.76003000,1.03953700,0,0,0,1,
	5.07028000,-1.35947400,7.91354300,31.81109000,29.76003000,1.03953700,0,0,0,1,
	5.07324600,-1.35947400,7.91354300,31.81109000,29.76003000,1.03953700,0,0,0,1,
	5.07635500,-1.35947400,7.91354300,31.81109000,29.76003000,1.03953700,0,0,0,1,
	5.07888700,-1.35947400,7.91354300,31.81109000,29.76003000,1.03953700,0,0,0,1,
	5.08265300,-1.35947400,7.91354300,31.81109000,29.76003000,1.03953700,0,0,0,1,
	5.08537200,-1.35947400,7.91354300,31.81109000,29.76003000,1.03953700,0,0,0,1,
	5.08841200,-1.36995700,7.85134300,32.00508000,29.76003000,1.03953700,0,0,0,1,
	5.09197300,-1.36995700,7.85134300,32.00508000,29.76003000,1.03953700,0,0,0,1,
	5.09516200,-1.36995700,7.85134300,32.00508000,29.76003000,1.03953700,0,0,0,1,
	5.09774700,-1.36995700,7.85134300,32.00508000,29.76003000,1.03953700,0,0,0,1,
	5.10040900,-1.36995700,7.85134300,32.00508000,29.76003000,1.03953700,0,0,0,1,
	5.10331800,-1.36995700,7.85134300,32.00508000,29.76003000,1.03953700,0,0,0,1,
	5.10581100,-1.36995700,7.85134300,32.00508000,29.76003000,1.03953700,0,0,0,1,
	5.10877400,-1.38043900,7.78274300,32.19906000,29.76003000,1.03953700,0,0,0,1,
	5.11242200,-1.38043900,7.78274300,32.19906000,29.76003000,1.03953700,0,0,0,1,
	5.11511000,-1.38043900,7.78274300,32.19906000,29.76003000,1.03953700,0,0,0,1,
	5.11838500,-1.38043900,7.78274300,32.19906000,29.76003000,1.03953700,0,0,0,1,
	5.12096800,-1.38043900,7.78274300,32.19906000,29.76003000,1.03953700,0,0,0,1,
	5.12393100,-1.38043900,7.78274300,32.19906000,29.76003000,1.03953700,0,0,0,1,
	5.12695700,-1.39092100,7.70774300,32.39305000,29.76003000,1.03953700,0,0,0,1,
	5.13066800,-1.39092100,7.70774300,32.39305000,29.76003000,1.03953700,0,0,0,1,
	5.13334300,-1.39092100,7.70774300,32.39305000,29.76003000,1.03953700,0,0,0,1,
	5.13622900,-1.39092100,7.70774300,32.39305000,29.76003000,1.03953700,0,0,0,1,
	5.13899100,-1.39092100,7.70774300,32.39305000,29.76003000,1.03953700,0,0,0,1,
	5.14154400,-1.39092100,7.70774300,32.39305000,29.76003000,1.03953700,0,0,0,1,
	5.14452900,-1.39092100,7.70774300,32.39305000,29.76003000,1.03953700,0,0,0,1,
	5.14703500,-1.40140400,7.62634300,32.58703000,29.76003000,1.03953700,0,0,0,1,
	5.15119100,-1.40140400,7.62634300,32.58703000,29.76003000,1.03953700,0,0,0,1,
	5.15441900,-1.40140400,7.62634300,32.58703000,29.76003000,1.03953700,0,0,0,1,
	5.15786000,-1.40140400,7.62634300,32.58703000,29.76003000,1.03953700,0,0,0,1,
	5.16046200,-1.40140400,7.62634300,32.58703000,29.76003000,1.03953700,0,0,0,1,
	5.16331900,-1.40140400,7.62634300,32.58703000,29.76003000,1.03953700,0,0,0,1,
	5.16610700,-1.40140400,7.62634300,32.58703000,29.76003000,1.03953700,0,0,0,1,
	5.16880900,-1.41188600,7.53854300,32.78102000,29.76003000,1.03953700,0,0,0,1,
	5.17288500,-1.41188600,7.53854300,32.78102000,29.76003000,1.03953700,0,0,0,1,
	5.17555000,-1.41188600,7.53854300,32.78102000,29.76003000,1.03953700,0,0,0,1,
	5.17858100,-1.41188600,7.53854300,32.78102000,29.76003000,1.03953700,0,0,0,1,
	5.18131100,-1.41188600,7.53854300,32.78102000,29.76003000,1.03953700,0,0,0,1,
	5.18397200,-1.41188600,7.53854300,32.78102000,29.76003000,1.03953700,0,0,0,1,
	5.18736700,-1.42236800,7.44434300,32.97500000,29.76003000,1.03953700,0,0,0,1,
	5.19174100,-1.42236800,7.44434300,32.97500000,29.76003000,1.03953700,0,0,0,1,
	5.19531900,-1.42236800,7.44434300,32.97500000,29.76003000,1.03953700,0,0,0,1,
	5.19866000,-1.42236800,7.44434300,32.97500000,29.76003000,1.03953700,0,0,0,1,
	5.20227800,-1.42236800,7.44434300,32.97500000,29.76003000,1.03953700,0,0,0,1,
	5.20540400,-1.42236800,7.44434300,32.97500000,29.76003000,1.03953700,0,0,0,1,
	5.20846600,-1.43285100,7.34374200,33.16899000,29.76003000,1.03953700,0,0,0,1,
	5.21210100,-1.43285100,7.34374200,33.16899000,29.76003000,1.03953700,0,0,0,1,
	5.21508100,-1.43285100,7.34374200,33.16899000,29.76003000,1.03953700,0,0,0,1,
	5.21765700,-1.43285100,7.34374200,33.16899000,29.76003000,1.03953700,0,0,0,1,
	5.22079000,-1.43285100,7.34374200,33.16899000,29.76003000,1.03953700,0,0,0,1,
	5.22335900,-1.43285100,7.34374200,33.16899000,29.76003000,1.03953700,0,0,0,1,
	5.22604600,-1.43285100,7.34374200,33.16899000,29.76003000,1.03953700,0,0,0,1,
	5.22907200,-1.44333300,7.23674200,33.36297000,29.76003000,1.03953700,0,0,0,1,
	5.23279400,-1.44333300,7.23674200,33.36297000,29.76003000,1.03953700,0,0,0,1,
	5.23561400,-1.44333300,7.23674200,33.36297000,29.76003000,1.03953700,0,0,0,1,
	5.23823100,-1.44333300,7.23674200,33.36297000,29.76003000,1.03953700,0,0,0,1,
	5.24134300,-1.44333300,7.23674200,33.36297000,29.76003000,1.03953700,0,0,0,1,
	5.24406800,-1.44333300,7.23674200,33.36297000,29.76003000,1.03953700,0,0,0,1,
	5.24675600,-1.45381500,7.12334300,33.55696000,29.76003000,1.03953700,0,0,0,1,
	5.25062800,-1.45381500,7.12334300,33.55696000,29.76003000,1.03953700,0,0,0,1,
	5.25321600,-1.45381500,7.12334300,33.55696000,29.76003000,1.03953700,0,0,0,1,
	5.25616300,-1.45381500,7.12334300,33.55696000,29.76003000,1.03953700,0,0,0,1,
	5.25881800,-1.45381500,7.12334300,33.55696000,29.76003000,1.03953700,0,0,0,1,
	5.26201700,-1.45381500,7.12334300,33.55696000,29.76003000,1.03953700,0,0,0,1,
	5.26465500,-1.45381500,7.12334300,33.55696000,29.76003000,1.03953700,0,0,0,1,
	5.26714600,-1.46429800,7.00354200,33.75094000,29.76003000,1.03953700,0,0,0,1,
	5.27083300,-1.46429800,7.00354200,33.75094000,29.76003000,1.03953700,0,0,0,1,
	5.27368800,-1.46429800,7.00354200,33.75094000,29.76003000,1.03953700,0,0,0,1,
	5.27804900,-1.46429800,7.00354200,33.75094000,29.76003000,1.03953700,0,0,0,0,
	5.28622800,-1.46429800,7.00354200,33.75094000,29.76003000,1.03953700,0,1,0,0,
	5.29154300,-1.47507700,7.11414200,33.92857000,29.76003000,1.03953700,0,1,0,0,
	5.29516800,-1.47507700,7.11414200,33.92857000,29.76003000,1.03953700,0,1,0,0,
	5.29851900,-1.47507700,7.11414200,33.92857000,29.76003000,1.03953700,0,1,0,0,
	5.30124600,-1.47507700,7.11414200,33.92857000,29.76003000,1.03953700,0,1,0,0,
	5.30409800,-1.47507700,7.11414200,33.92857000,29.76003000,1.03953700,0,1,0,0,
	5.30681100,-1.48650400,7.21834200,34.07047000,29.76003000,1.03953700,0,1,0,0,
	5.31089800,-1.48650400,7.21834200,34.07047000,29.76003000,1.03953700,0,1,0,0,
	5.31366100,-1.48650400,7.21834200,34.07047000,29.76003000,1.03953700,0,1,0,0,
	5.31654800,-1.48650400,7.21834200,34.07047000,29.76003000,1.03953700,0,1,0,0,
	5.31992500,-1.48650400,7.21834200,34.07047000,29.76003000,1.03953700,0,1,0,0,
	5.32274700,-1.48650400,7.21834200,34.07047000,29.76003000,1.03953700,0,1,0,0,
	5.32600400,-1.48650400,7.21834200,34.07047000,29.76003000,1.03953700,0,1,0,0,
	5.32918400,-1.49872700,7.31614200,34.16856000,29.76003000,1.03953700,0,1,0,0,
	5.33321800,-1.49872700,7.31614200,34.16856000,29.76003000,1.03953700,0,1,0,0,
	5.33588100,-1.49872700,7.31614200,34.16856000,29.76003000,1.03953700,0,1,0,0,
	5.33895900,-1.49872700,7.31614200,34.16856000,29.76003000,1.03953700,0,1,0,0,
	5.34192500,-1.49872700,7.31614200,34.16856000,29.76003000,1.03953700,0,1,0,0,
	5.34528300,-1.49872700,7.31614200,34.16856000,29.76003000,1.03953700,0,1,0,0,
	5.34822200,-1.51164900,7.40754200,34.22810000,29.76003000,1.03953700,0,1,0,0,
	5.35183100,-1.51164900,7.40754200,34.22810000,29.76003000,1.03953700,0,1,0,0,
	5.35486100,-1.51164900,7.40754200,34.22810000,29.76003000,1.03953700,0,1,0,0,
	5.35792400,-1.51164900,7.40754200,34.22810000,29.76003000,1.03953700,0,1,0,0,
	5.36084700,-1.51164900,7.40754200,34.22810000,29.76003000,1.03953700,0,1,0,0,
	5.36361200,-1.51164900,7.40754200,34.22810000,29.76003000,1.03953700,0,1,0,0,
	5.36673600,-1.52523600,7.49254200,34.25099000,29.76003000,1.03953700,0,1,0,0,
	5.37061100,-1.52523600,7.49254200,34.25099000,29.76003000,1.03953700,0,1,0,0,
	5.37402400,-1.52523600,7.49254200,34.25099000,29.76003000,1.03953700,0,1,0,0,
	5.37692400,-1.52523600,7.49254200,34.25099000,29.76003000,1.03953700,0,1,0,0,
	5.38037800,-1.52523600,7.49254200,34.25099000,29.76003000,1.03953700,0,1,0,0,
	5.38345300,-1.52523600,7.49254200,34.25099000,29.76003000,1.03953700,0,1,0,0,
	5.38664900,-1.53948700,7.57114200,34.23725000,29.76003000,1.03953700,0,1,0,0,
	5.39049100,-1.53948700,7.57114200,34.23725000,29.76003000,1.03953700,0,1,0,0,
	5.39331800,-1.53948700,7.57114200,34.23725000,29.76003000,1.03953700,0,1,0,0,
	5.39614200,-1.53948700,7.57114200,34.23725000,29.76003000,1.03953700,0,1,0,0,
	5.39864700,-1.53948700,7.57114200,34.23725000,29.76003000,1.03953700,0,1,0,0,
	5.40142600,-1.53948700,7.57114200,34.23725000,29.76003000,1.03953700,0,1,0,0,
	5.40424900,-1.53948700,7.57114200,34.23725000,29.76003000,1.03953700,0,1,0,0,
	5.40730400,-1.55373900,7.64334200,34.22350000,29.76003000,1.03953700,0,1,0,0,
	5.41102700,-1.55373900,7.64334200,34.22350000,29.76003000,1.03953700,0,1,0,0,
	5.41367700,-1.55373900,7.64334200,34.22350000,29.76003000,1.03953700,0,1,0,0,
	5.41696700,-1.55373900,7.64334200,34.22350000,29.76003000,1.03953700,0,1,0,0,
	5.41971600,-1.55373900,7.64334200,34.22350000,29.76003000,1.03953700,0,1,0,0,
	5.42273300,-1.55373900,7.64334200,34.22350000,29.76003000,1.03953700,0,1,0,0,
	5.42527300,-1.55373900,7.64334200,34.22350000,29.76003000,1.03953700,0,1,0,0,
	5.42781600,-1.56799100,7.70914200,34.20976000,29.76003000,1.03953700,0,1,0,0,
	5.43153600,-1.56799100,7.70914200,34.20976000,29.76003000,1.03953700,0,1,0,0,
	5.43435200,-1.56799100,7.70914200,34.20976000,29.76003000,1.03953700,0,1,0,0,
	5.43745300,-1.56799100,7.70914200,34.20976000,29.76003000,1.03953700,0,1,0,0,
	5.44010700,-1.56799100,7.70914200,34.20976000,29.76003000,1.03953700,0,1,0,0,
	5.44309200,-1.56799100,7.70914200,34.20976000,29.76003000,1.03953700,0,1,0,0,
	5.44563600,-1.56799100,7.70914200,34.20976000,29.76003000,1.03953700,0,1,0,0,
	5.44846500,-1.58224200,7.76854200,34.19601000,29.76003000,1.03953700,0,1,0,0,
	5.45232300,-1.58224200,7.76854200,34.19601000,29.76003000,1.03953700,0,1,0,0,
	5.45511400,-1.58224200,7.76854200,34.19601000,29.76003000,1.03953700,0,1,0,0,
	5.45995800,-1.58224200,7.76854200,34.19601000,29.76003000,1.03953700,0,0,0,0,
	5.46558200,-1.58224200,7.76854200,34.19601000,29.76003000,1.03953700,0,0,0,0,
	5.46813900,-1.59649400,7.82154200,34.18227000,29.76003000,1.03953700,0,0,0,0,
	5.47176200,-1.59649400,7.82154200,34.18227000,29.76003000,1.03953700,0,0,0,0,
	5.47429300,-1.59649400,7.82154200,34.18227000,29.76003000,1.03953700,0,0,0,0,
	5.47701100,-1.59649400,7.82154200,34.18227000,29.76003000,1.03953700,0,0,0,0,
	5.48022500,-1.59649400,7.82154200,34.18227000,29.76003000,1.03953700,0,0,0,0,
	5.48299800,-1.59649400,7.82154200,34.18227000,29.76003000,1.03953700,0,0,0,0,
	5.48616600,-1.59649400,7.82154200,34.18227000,29.76003000,1.03953700,0,0,0,0,
	5.48873100,-1.61074600,7.86814200,34.16853000,29.76003000,1.03953700,0,0,0,0,
	5.49278500,-1.61074600,7.86814200,34.16853000,29.76003000,1.03953700,0,0,0,0,
	5.49575800,-1.61074600,7.86814200,34.16853000,29.76003000,1.03953700,0,0,0,0,
	5.49897300,-1.61074600,7.86814200,34.16853000,29.76003000,1.03953700,0,0,0,0,
	5.50177000,-1.61074600,7.86814200,34.16853000,29.76003000,1.03953700,0,0,0,0,
	5.50455700,-1.61074600,7.86814200,34.16853000,29.76003000,1.03953700,0,0,0,0,
	5.50801300,-1.62499700,7.90834200,34.15478000,29.76003000,1.03953700,0,0,0,0,
	5.51276900,-1.62499700,7.90834200,34.15478000,29.76003000,1.03953700,0,0,0,0,
	5.51549400,-1.62499700,7.90834200,34.15478000,29.76003000,1.03953700,0,0,0,0,
	5.51865600,-1.62499700,7.90834200,34.15478000,29.76003000,1.03953700,0,0,0,0,
	5.52224900,-1.62499700,7.90834200,34.15478000,29.76003000,1.03953700,0,0,0,0,
	5.52550200,-1.62499700,7.90834200,34.15478000,29.76003000,1.03953700,0,0,0,0,
	5.52841700,-1.63924900,7.94214200,34.14104000,29.76003000,1.03953700,0,0,0,0,
	5.53300300,-1.63924900,7.94214200,34.14104000,29.76003000,1.03953700,0,0,0,0,
	5.53597200,-1.63924900,7.94214200,34.14104000,29.76003000,1.03953700,0,0,0,0,
	5.53894800,-1.63924900,7.94214200,34.14104000,29.76003000,1.03953700,0,0,0,0,
	5.54260900,-1.63924900,7.94214200,34.14104000,29.76003000,1.03953700,0,0,0,0,
	5.54544500,-1.63924900,7.94214200,34.14104000,29.76003000,1.03953700,0,0,0,0,
	5.54909400,-1.65350100,7.96954200,34.12729000,29.76003000,1.03953700,0,0,0,0,
	5.55347300,-1.65350100,7.96954200,34.12729000,29.76003000,1.03953700,0,0,0,0,
	5.55668900,-1.65350100,7.96954200,34.12729000,29.76003000,1.03953700,0,0,0,0,
	5.56075700,-1.65350100,7.96954200,34.12729000,29.76003000,1.03953700,0,0,0,0,
	5.56410700,-1.65350100,7.96954200,34.12729000,29.76003000,1.03953700,0,0,0,0,
	5.56755900,-1.66775300,7.99054200,34.11355000,29.76003000,1.03953700,0,0,0,0,
	5.57507500,-1.66775300,7.99054200,34.11355000,29.76003000,1.03953700,0,0,0,0,
	5.58441400,-1.66775300,7.99054200,34.11355000,29.76003000,1.03953700,0,0,0,0,
	5.58752300,-1.68200400,8.00514200,34.09980000,29.76003000,1.03953700,0,0,0,0,
	5.59176800,-1.68200400,8.00514200,34.09980000,29.76003000,1.03953700,0,0,0,0,
	5.59575500,-1.68200400,8.00514200,34.09980000,29.76003000,1.03953700,0,0,0,0,
	5.59904900,-1.68200400,8.00514200,34.09980000,29.76003000,1.03953700,0,0,0,0,
	5.60317900,-1.68200400,8.00514200,34.09980000,29.76003000,1.03953700,0,0,0,0,
	5.60676700,-1.69625600,8.01334200,34.08606000,29.76003000,1.03953700,0,0,0,0,
	5.61199600,-1.69625600,8.01334200,34.08606000,29.76003000,1.03953700,0,0,0,0,
	5.61507600,-1.69625600,8.01334200,34.08606000,29.76003000,1.03953700,0,0,0,0,
	5.61868700,-1.69625600,8.01334200,34.08606000,29.76003000,1.03953700,0,0,0,0,
	5.62173200,-1.69625600,8.01334200,34.08606000,29.76003000,1.03953700,0,0,0,0,
	5.62523000,-1.69625600,8.01334200,34.08606000,29.76003000,1.03953700,0,0,0,0,
	5.62794400,-1.71050800,8.01514100,34.07232000,29.76003000,1.03953700,0,0,0,0,
	5.63208300,-1.71050800,8.01514100,34.07232000,29.76003000,1.03953700,0,0,0,0,
	5.63489500,-1.71050800,8.01514100,34.07232000,29.76003000,1.03953700,0,0,0,0,
	5.63779300,-1.71050800,8.01514100,34.07232000,29.76003000,1.03953700,0,0,0,0,
	5.64044900,-1.71050800,8.01514100,34.07232000,29.76003000,1.03953700,0,0,0,0,
	5.64309500,-1.71050800,8.01514100,34.07232000,29.76003000,1.03953700,0,0,0,0,
	5.64632100,-1.71050800,8.01514100,34.07232000,29.76003000,1.03953700,0,0,0,0,
	5.64912900,-1.72475900,8.01054200,34.05857000,29.76003000,1.03953700,0,0,0,0,
	5.65348100,-1.72475900,8.01054200,34.05857000,29.76003000,1.03953700,0,0,0,0,
	5.65616900,-1.72475900,8.01054200,34.05857000,29.76003000,1.03953700,0,0,0,0,
	5.65911500,-1.72475900,8.01054200,34.05857000,29.76003000,1.03953700,0,0,0,0,
	5.66180300,-1.72475900,8.01054200,34.05857000,29.76003000,1.03953700,0,0,0,0,
	5.66472400,-1.72475900,8.01054200,34.05857000,29.76003000,1.03953700,0,0,0,0,
	5.66747500,-1.73901100,7.99954200,34.04483000,29.76003000,1.03953700,0,0,0,0,
	5.67137400,-1.73901100,7.99954200,34.04483000,29.76003000,1.03953700,0,0,0,0,
	5.67422000,-1.73901100,7.99954200,34.04483000,29.76003000,1.03953700,0,0,0,0,
	5.67673500,-1.73901100,7.99954200,34.04483000,29.76003000,1.03953700,0,0,0,0,
	5.68033400,-1.73901100,7.99954200,34.04483000,29.76003000,1.03953700,0,0,0,0,
	5.68317300,-1.73901100,7.99954200,34.04483000,29.76003000,1.03953700,0,0,0,0,
	5.68608200,-1.73901100,7.99954200,34.04483000,29.76003000,1.03953700,0,0,0,0,
	5.68868700,-1.75326300,7.98214200,34.03108000,29.76003000,1.03953700,0,0,0,0,
	5.69269700,-1.75326300,7.98214200,34.03108000,29.76003000,1.03953700,0,0,0,0,
	5.69544800,-1.75326300,7.98214200,34.03108000,29.76003000,1.03953700,0,0,0,0,
	5.69839700,-1.75326300,7.98214200,34.03108000,29.76003000,1.03953700,0,0,0,0,
	5.70137500,-1.75326300,7.98214200,34.03108000,29.76003000,1.03953700,0,0,0,0,
	5.70400300,-1.75326300,7.98214200,34.03108000,29.76003000,1.03953700,0,0,0,0,
	5.70725800,-1.76751500,7.95834200,34.01734000,29.76003000,1.03953700,0,0,0,0,
	5.71077000,-1.76751500,7.95834200,34.01734000,29.76003000,1.03953700,0,0,0,0,
	5.71399200,-1.76751500,7.95834200,34.01734000,29.76003000,1.03953700,0,0,0,0,
	5.71666600,-1.76751500,7.95834200,34.01734000,29.76003000,1.03953700,0,0,0,0,
	5.71945300,-1.76751500,7.95834200,34.01734000,29.76003000,1.03953700,0,0,0,0,
	5.72257000,-1.76751500,7.95834200,34.01734000,29.76003000,1.03953700,0,0,0,0,
	5.72581000,-1.76751500,7.95834200,34.01734000,29.76003000,1.03953700,0,0,0,0,
	5.72984600,-1.78176600,7.92814200,34.00359000,29.76003000,1.03953700,0,0,0,0,
end
