map
	ez_square2
end

values
	0.00568690,-4.83252000,1.90000000,-4.98014400,17.20001000,355.36000000,0,0,0,0,
	0.01370110,-4.83252000,1.90000000,-4.98014400,17.36001000,355.36000000,0,0,0,0,
	0.01863350,-4.83252000,1.90000000,-4.98014400,17.52001000,355.36000000,0,0,0,0,
	0.02326380,-4.83252000,1.90000000,-4.98014400,17.60001000,355.36000000,0,0,0,0,
	0.02803670,-4.83252000,1.90000000,-4.98014400,17.68001000,355.36000000,0,0,0,0,
	0.03859810,-4.83252000,1.90000000,-4.98014400,17.68001000,355.36000000,1,0,0,0,
	0.05019240,-4.83345900,1.90000000,-4.96856500,17.84001000,355.36000000,1,0,0,0,
	0.05543970,-4.83345900,1.90000000,-4.96856500,18.08001000,355.36000000,1,0,0,0,
	0.05921030,-4.83345900,1.90000000,-4.96856500,18.16001000,355.36000000,1,0,0,0,
	0.06555320,-4.83506600,1.90000000,-4.94876700,18.16001000,355.36000000,1,0,0,0,
	0.07012700,-4.83506600,1.90000000,-4.94876700,18.32001000,355.36000000,1,0,0,0,
	0.07449130,-4.83506600,1.90000000,-4.94876700,18.32001000,355.36000000,1,0,0,0,
	0.08035760,-4.83716800,1.90000000,-4.92287700,18.40001000,355.36000000,1,0,0,0,
	0.08565839,-4.83716800,1.90000000,-4.92287700,18.48001000,355.36000000,1,0,0,0,
	0.09021819,-4.83716800,1.90000000,-4.92287700,18.56001000,355.36000000,1,0,0,0,
	0.09487750,-4.83716800,1.90000000,-4.92287700,18.64001000,355.36000000,1,0,0,0,
	0.10059370,-4.83992900,1.90000000,-4.88886000,18.72001000,355.36000000,1,0,0,0,
	0.10721200,-4.83992900,1.90000000,-4.88886000,18.80001000,355.36000000,1,0,0,0,
	0.11231800,-4.83992900,1.90000000,-4.88886000,18.88001000,355.28000000,1,0,0,0,
	0.11748310,-4.83992900,1.90000000,-4.88886000,18.96001000,355.28000000,1,0,0,0,
	0.12278740,-4.84345200,1.90000000,-4.84583200,19.04001000,355.20000000,1,0,0,0,
	0.13006710,-4.84345200,1.90000000,-4.84583200,19.12001000,355.20000000,1,0,0,0,
	0.13470660,-4.84345200,1.90000000,-4.84583200,19.28001000,355.12000000,1,0,0,0,
	0.13954020,-4.84759200,1.90000000,-4.79594300,19.36001000,355.12000000,1,0,0,0,
	0.14465090,-4.84759200,1.90000000,-4.79594300,19.44001000,355.12000000,1,0,0,0,
	0.15103030,-4.84759200,1.90000000,-4.79594300,19.52001000,355.04000000,1,0,0,0,
	0.15473960,-4.84759200,1.90000000,-4.79594300,19.68001000,354.96000000,1,0,0,0,
	0.16049080,-4.85247900,1.90000000,-4.73807500,19.68001000,354.96000000,1,0,0,0,
	0.16552070,-4.85247900,1.90000000,-4.73807500,19.84001000,354.88000000,1,0,0,0,
	0.17019320,-4.85247900,1.90000000,-4.73807500,19.92001000,354.88000000,1,0,0,0,
	0.17495900,-4.85247900,1.90000000,-4.73807500,20.00001000,354.80000000,1,0,0,0,
	0.17947150,-4.85816400,1.90000000,-4.67215800,20.08001000,354.80000000,1,0,0,0,
	0.18544170,-4.85816400,1.90000000,-4.67215800,20.24001000,354.72010000,1,0,0,0,
	0.19065370,-4.85816400,1.90000000,-4.67215800,20.32001000,354.64000000,1,0,0,0,
	0.19610140,-4.85816400,1.90000000,-4.67215800,20.48001000,354.64000000,1,0,0,0,
	0.20220340,-4.86473900,1.90000000,-4.59783100,20.56001000,354.56010000,1,0,0,0,
	0.20724640,-4.86473900,1.90000000,-4.59783100,20.72001000,354.48010000,1,0,0,0,
	0.21289120,-4.86473900,1.90000000,-4.59783100,20.80001000,354.48010000,1,0,0,0,
	0.22012360,-4.87205700,1.90000000,-4.51682800,20.96001000,354.40010000,1,0,0,0,
	0.22523340,-4.87205700,1.90000000,-4.51682800,21.12001000,354.32010000,1,0,0,0,
	0.22987850,-4.87205700,1.90000000,-4.51682800,21.28001000,354.24010000,1,0,0,0,
	0.23591480,-4.87205700,1.90000000,-4.51682800,21.36001000,354.16020000,1,0,0,0,
	0.24042910,-4.88046400,1.90000000,-4.42667700,21.52001000,354.08020000,1,0,0,0,
	0.24565660,-4.88046400,1.90000000,-4.42667700,21.60001000,354.08020000,1,0,0,0,
	0.24987370,-4.88046400,1.90000000,-4.42667700,21.76001000,354.00020000,1,0,0,0,
	0.25505750,-4.88046400,1.90000000,-4.42667700,21.84001000,353.92020000,1,0,0,0,
	0.26116870,-4.88983100,1.90000000,-4.32892800,22.00001000,353.84020000,1,0,0,0,
	0.26619760,-4.88983100,1.90000000,-4.32892800,22.16001000,353.76020000,1,0,0,0,
	0.27165220,-4.88983100,1.90000000,-4.32892800,22.24001000,353.76020000,1,0,0,0,
	0.27636500,-4.88983100,1.90000000,-4.32892800,22.40001000,353.68020000,1,0,0,0,
	0.28469990,-4.90032900,1.90000000,-4.22272700,22.56001000,353.60030000,1,0,0,0,
	0.29042120,-4.90032900,1.90000000,-4.22272700,22.72001000,353.44020000,1,0,0,0,
	0.29942990,-4.91162900,1.90000000,-4.11095800,22.96001000,353.36030000,1,0,0,0,
	0.30453980,-4.91162900,1.90000000,-4.11095800,23.20001000,353.20030000,1,0,0,0,
	0.30952060,-4.91162900,1.90000000,-4.11095800,23.36001000,353.12030000,1,0,0,0,
	0.31511650,-4.91162900,1.90000000,-4.11095800,23.52000000,353.04030000,1,0,0,0,
	0.31970180,-4.92442800,1.90000000,-3.98941700,23.68001000,352.96030000,1,0,0,0,
	0.32459690,-4.92442800,1.90000000,-3.98941700,23.84001000,352.88030000,1,0,0,0,
	0.33054400,-4.92442800,1.90000000,-3.98941700,24.00001000,352.80030000,1,0,0,0,
	0.33676450,-4.92442800,1.90000000,-3.98941700,24.24001000,352.72030000,1,0,0,0,
	0.34206070,-4.93863500,1.90000000,-3.85932400,24.40001000,352.56030000,1,0,0,0,
	0.34716810,-4.93863500,1.90000000,-3.85932400,24.64001000,352.48030000,1,0,0,0,
	0.35255830,-4.93863500,1.90000000,-3.85932400,24.80001000,352.32030000,1,0,0,0,
	0.35828590,-4.93863500,1.90000000,-3.85932400,24.96001000,352.24030000,1,0,0,0,
	0.36326170,-4.95436400,1.90000000,-3.72074400,25.12001000,352.08040000,1,0,0,0,
	0.37731460,-4.95436400,1.90000000,-3.72074400,25.28001000,352.00040000,1,0,0,0,
	0.38579440,-4.97155900,1.90000000,-3.57468000,25.68001000,351.76040000,1,0,0,0,
	0.39155490,-4.97155900,1.90000000,-3.57468000,25.92000000,351.60040000,1,0,0,0,
	0.39649830,-4.97155900,1.90000000,-3.57468000,26.08000000,351.52040000,1,0,0,0,
	0.40122740,-4.99017100,1.90000000,-3.42174700,26.16000000,351.44040000,1,0,0,0,
	0.40727480,-4.99017100,1.90000000,-3.42174700,26.32001000,351.36040000,1,0,0,0,
	0.41277400,-4.99017100,1.90000000,-3.42174700,26.48000000,351.28040000,1,0,0,0,
	0.41749000,-4.99017100,1.90000000,-3.42174700,26.56001000,351.20040000,1,0,0,0,
	0.42482340,-5.00923300,1.90000000,-3.26885700,26.72001000,351.12050000,1,0,0,0,
	0.43092090,-5.00923300,1.90000000,-3.26885700,26.88000000,351.04050000,1,0,0,0,
	0.43554660,-5.00923300,1.90000000,-3.26885700,27.04000000,350.96050000,1,0,0,0,
	0.44293730,-5.02870500,1.90000000,-3.11601200,27.12001000,350.88050000,1,0,0,0,
	0.44868280,-5.02870500,1.90000000,-3.11601200,27.28001000,350.80050000,1,0,0,0,
	0.45429700,-5.02870500,1.90000000,-3.11601200,27.36000000,350.72050000,1,0,0,0,
	0.45883600,-5.02870500,1.90000000,-3.11601200,27.52000000,350.72050000,1,0,0,0,
	0.46300580,-5.04872400,1.90000000,-2.96323300,27.60000000,350.64050000,1,0,0,0,
	0.46827330,-5.04872400,1.90000000,-2.96323300,27.68000000,350.56050000,1,0,0,0,
	0.47262100,-5.04872400,1.90000000,-2.96323300,27.76000000,350.56050000,1,0,0,0,
	0.47767670,-5.04872400,1.90000000,-2.96323300,27.84000000,350.48060000,1,0,0,0,
	0.48303510,-5.06918800,1.90000000,-2.81051500,27.92000000,350.48060000,1,0,0,0,
	0.48907420,-5.06918800,1.90000000,-2.81051500,28.00000000,350.40060000,1,0,0,0,
	0.49345830,-5.06918800,1.90000000,-2.81051500,28.08000000,350.32060000,1,0,0,0,
	0.49754300,-5.06918800,1.90000000,-2.81051500,28.16000000,350.32060000,1,0,0,0,
	0.50106590,-5.09012800,1.90000000,-2.65785500,28.24000000,350.24060000,1,0,0,0,
	0.50613490,-5.09012800,1.90000000,-2.65785500,28.24000000,350.24060000,1,0,0,0,
	0.51109580,-5.09012800,1.90000000,-2.65785500,28.32000000,350.16060000,1,0,0,0,
	0.51583270,-5.09012800,1.90000000,-2.65785500,28.40001000,350.16060000,1,0,0,0,
	0.52026560,-5.11150500,1.90000000,-2.50525700,28.48000000,350.08060000,1,0,0,0,
	0.52509310,-5.11150500,1.90000000,-2.50525700,28.56000000,350.08060000,1,0,0,0,
	0.52891420,-5.11150500,1.90000000,-2.50525700,28.64000000,350.00060000,1,0,0,0,
	0.53365390,-5.11150500,1.90000000,-2.50525700,28.64000000,350.00060000,1,0,0,0,
	0.54002470,-5.13330100,1.90000000,-2.35272400,28.72000000,350.00060000,1,0,0,0,
	0.54520240,-5.13330100,1.90000000,-2.35272400,28.80000000,349.92070000,1,0,0,0,
	0.55084440,-5.13330100,1.90000000,-2.35272400,28.88000000,349.92070000,1,0,0,0,
	0.55545930,-5.13330100,1.90000000,-2.35272400,28.96000000,349.84070000,1,0,0,0,
	0.56080820,-5.15560100,1.90000000,-2.20026700,29.04000000,349.84070000,1,0,0,0,
	0.56620270,-5.15560100,1.90000000,-2.20026700,29.12000000,349.76070000,1,0,0,0,
	0.57205130,-5.15560100,1.90000000,-2.20026700,29.20000000,349.76070000,1,0,0,0,
	0.57667220,-5.15560100,1.90000000,-2.20026700,29.28000000,349.68070000,1,0,0,0,
	0.58209270,-5.17838400,1.90000000,-2.04788400,29.36001000,349.68070000,1,0,0,0,
	0.58719280,-5.17838400,1.90000000,-2.04788400,29.44000000,349.60070000,1,0,0,0,
	0.59169990,-5.17838400,1.90000000,-2.04788400,29.52000000,349.52070000,1,0,0,0,
	0.59864790,-5.17838400,1.90000000,-2.04788400,29.60000000,349.52070000,1,0,0,0,
	0.60280330,-5.20167600,1.90000000,-1.89557300,29.68000000,349.44070000,1,0,0,0,
	0.60807990,-5.20167600,1.90000000,-1.89557300,29.76001000,349.44070000,1,0,0,0,
	0.61357670,-5.20167600,1.90000000,-1.89557300,29.84000000,349.36070000,1,0,0,0,
	0.61862300,-5.20167600,1.90000000,-1.89557300,29.92000000,349.36070000,1,0,0,0,
	0.62562540,-5.22542300,1.90000000,-1.74333300,30.00000000,349.28080000,1,0,0,0,
	0.63112260,-5.22542300,1.90000000,-1.74333300,30.16001000,349.20080000,1,0,0,0,
	0.63782760,-5.22542300,1.90000000,-1.74333300,30.24001000,349.20080000,1,0,0,0,
	0.64861920,-5.24961100,1.90000000,-1.59116300,30.32000000,349.12080000,1,0,0,0,
	0.65373930,-5.24961100,1.90000000,-1.59116300,30.48000000,349.04080000,1,0,0,0,
	0.65833750,-5.24961100,1.90000000,-1.59116300,30.56000000,348.96080000,1,0,0,0,
	0.66184740,-5.27427200,1.90000000,-1.43907100,30.64000000,348.96080000,1,0,0,0,
	0.66660710,-5.27427200,1.90000000,-1.43907100,30.64000000,348.96080000,1,0,0,0,
	0.67129300,-5.27427200,1.90000000,-1.43907100,30.72000000,348.88080000,1,0,0,0,
	0.67520670,-5.27427200,1.90000000,-1.43907100,30.80000000,348.88080000,1,0,0,0,
	0.68012210,-5.29930700,1.90000000,-1.28704500,30.80000000,348.88080000,1,0,0,0,
	0.68481640,-5.29930700,1.90000000,-1.28704500,30.88000000,348.80080000,1,0,0,0,
	0.68921030,-5.29930700,1.90000000,-1.28704500,30.96000000,348.80080000,1,0,0,0,
	0.69281530,-5.29930700,1.90000000,-1.28704500,31.04001000,348.72090000,1,0,0,0,
	0.69721490,-5.29930700,1.90000000,-1.28704500,31.04001000,348.72090000,1,0,0,0,
	0.70245750,-5.32482400,1.90000000,-1.13510100,31.12000000,348.72090000,1,0,0,0,
	0.70770930,-5.32482400,1.90000000,-1.13510100,31.20000000,348.64090000,1,0,0,0,
	0.71213080,-5.32482400,1.90000000,-1.13510100,31.20000000,348.64090000,1,0,0,0,
	0.71776340,-5.32482400,1.90000000,-1.13510100,31.28000000,348.64090000,1,0,0,0,
	0.72112640,-5.35078200,1.90000000,-0.98323300,31.35999000,348.56090000,1,0,0,0,
	0.72608630,-5.35078200,1.90000000,-0.98323300,31.35999000,348.56090000,1,0,0,0,
	0.72938010,-5.35078200,1.90000000,-0.98323300,31.44000000,348.56090000,1,0,0,0,
	0.73505540,-5.35078200,1.90000000,-0.98323300,31.44000000,348.56090000,1,0,0,0,
	0.73923650,-5.35078200,1.90000000,-0.98323300,31.52000000,348.48090000,1,0,0,0,
	0.74176650,-5.37718200,1.90000000,-0.83144770,31.52000000,348.48090000,1,0,0,0,
	0.74637350,-5.37718200,1.90000000,-0.83144770,31.52000000,348.48090000,1,0,0,0,
	0.75008540,-5.37718200,1.90000000,-0.83144770,31.60000000,348.48090000,1,0,0,0,
	0.75442180,-5.37718200,1.90000000,-0.83144770,31.60000000,348.40090000,1,0,0,0,
	0.75756990,-5.37718200,1.90000000,-0.83144770,31.68000000,348.40090000,1,0,0,0,
	0.76056020,-5.40394400,1.90000000,-0.67973020,31.68000000,348.40090000,1,0,0,0,
	0.76597730,-5.40394400,1.90000000,-0.67973020,31.68000000,348.40090000,1,0,0,0,
	0.77196940,-5.40394400,1.90000000,-0.67973020,31.76000000,348.40090000,1,0,0,0,
	0.77750720,-5.40394400,1.90000000,-0.67973020,31.76000000,348.32090000,1,0,0,0,
	0.78206800,-5.43108600,1.90000000,-0.52808510,31.84000000,348.32090000,1,0,0,0,
	0.78818330,-5.43108600,1.90000000,-0.52808510,31.84000000,348.32090000,1,0,0,0,
	0.79237290,-5.43108600,1.90000000,-0.52808510,31.92000000,348.32090000,1,0,0,0,
	0.79660950,-5.43108600,1.90000000,-0.52808510,31.92000000,348.24090000,1,0,0,0,
	0.80097280,-5.45857600,1.90000000,-0.37650630,32.00000000,348.24090000,1,0,0,0,
	0.80468460,-5.45857600,1.90000000,-0.37650630,32.00000000,348.24090000,1,0,0,0,
	0.80767260,-5.45857600,1.90000000,-0.37650630,32.00000000,348.24090000,1,0,0,0,
	0.81209250,-5.45857600,1.90000000,-0.37650630,32.00000000,348.24090000,1,0,0,0,
	0.81594510,-5.45857600,1.90000000,-0.37650630,32.08000000,348.24090000,1,0,0,0,
	0.81996230,-5.48639700,1.90000000,-0.22499640,32.08000000,348.24090000,1,0,0,0,
	0.82465450,-5.48639700,1.90000000,-0.22499640,32.07999000,348.16090000,1,0,0,0,
	0.82807360,-5.48639700,1.90000000,-0.22499640,32.16000000,348.16090000,1,0,0,0,
	0.83209770,-5.48639700,1.90000000,-0.22499640,32.16000000,348.16090000,1,0,0,0,
	0.83503580,-5.48639700,1.90000000,-0.22499640,32.16000000,348.16090000,1,0,0,0,
	0.83854740,-5.48639700,1.90000000,-0.22499640,32.16000000,348.16090000,1,0,0,0,
	0.84200160,-5.51459000,1.90000000,-0.07355915,32.24000000,348.16090000,1,0,0,0,
	0.84664930,-5.51459000,1.90000000,-0.07355915,32.24000000,348.16090000,1,0,0,0,
	0.85023380,-5.51459000,1.90000000,-0.07355915,32.24000000,348.08090000,1,0,0,0,
	0.85357100,-5.51459000,1.90000000,-0.07355915,32.24000000,348.08090000,1,0,0,0,
	0.85674950,-5.51459000,1.90000000,-0.07355915,32.32000000,348.08100000,1,0,0,0,
	0.85950150,-5.54307000,1.90000000,0.07782261,32.32000000,348.08100000,1,0,0,0,
	0.86485320,-5.54307000,1.90000000,0.07782261,32.32000000,348.08100000,1,0,0,0,
	0.87049110,-5.54307000,1.90000000,0.07782261,32.40001000,348.00100000,1,0,0,0,
	0.87476890,-5.54307000,1.90000000,0.07782261,32.40001000,348.00100000,1,0,0,0,
	0.88095810,-5.57167700,2.01060000,0.22918230,32.48001000,348.00100000,1,0,0,0,
	0.88748650,-5.57167700,2.01060000,0.22918230,32.48001000,347.92100000,1,0,0,0,
	0.89128580,-5.57167700,2.01060000,0.22918230,32.56002000,347.92100000,1,0,0,0,
	0.89749340,-5.57167700,2.01060000,0.22918230,32.56002000,347.92100000,1,0,0,0,
	0.90126850,-5.60028500,2.11480000,0.38054190,32.64001000,347.84100000,1,0,0,0,
	0.90634370,-5.60028500,2.11480000,0.38054190,32.64001000,347.84100000,1,0,0,0,
	0.91129590,-5.60028500,2.11480000,0.38054190,32.64001000,347.84100000,1,0,0,0,
	0.91473980,-5.60028500,2.11480000,0.38054190,32.64001000,347.84100000,1,0,0,0,
	0.91829700,-5.60028500,2.11480000,0.38054190,32.64001000,347.84100000,1,0,0,0,
	0.92171280,-5.62889200,2.21260000,0.53190160,32.64001000,347.84100000,1,0,0,0,
	0.92580630,-5.62889200,2.21260000,0.53190160,32.64001000,347.84100000,1,0,0,0,
	0.92899970,-5.62889200,2.21260000,0.53190160,32.64001000,347.84100000,1,0,0,0,
	0.93381950,-5.62889200,2.21260000,0.53190160,32.64001000,347.84100000,1,0,1,0,
	0.93933920,-5.65749900,2.30400000,0.68326130,32.64001000,347.84100000,1,0,1,0,
	0.95081850,-5.65749900,2.30400000,0.68326130,32.64001000,347.84100000,1,0,1,0,
	0.96436110,-5.68610700,2.38900000,0.83462100,32.64001000,347.84100000,1,0,1,0,
	0.97402380,-5.68610700,2.38900000,0.83462100,32.72002000,347.84100000,0,0,1,0,
	1.01546300,-5.72189600,2.53980000,1.14183200,32.72002000,348.16100000,0,0,1,0,
	1.02829900,-5.72348300,2.60560000,1.29708200,32.80002000,354.24100000,0,0,1,0,
	1.03712200,-5.72348300,2.60560000,1.29708200,32.88002000,357.28100000,0,0,1,0,
	1.04686000,-5.70991500,2.66500000,1.45274100,32.88002000,359.84100000,0,0,1,0,
	1.05459100,-5.70991500,2.66500000,1.45274100,32.88002000,2.64099800,0,0,1,0,
	1.06588300,-5.68264500,2.71800000,1.60752900,32.88002000,4.88097300,0,0,1,1,
	1.07519400,-5.68264500,2.71800000,1.60752900,32.88002000,7.92098000,0,0,1,1,
	1.08547700,-5.65537600,2.76460000,1.76231700,32.88002000,10.16098000,0,0,0,1,
	1.09732100,-5.65537600,2.76460000,1.76231700,32.88002000,12.48098000,0,0,0,1,
	1.10411000,-5.63511000,2.80480000,1.91865500,32.88002000,15.12101000,0,0,0,1,
	1.11119300,-5.63511000,2.80480000,1.91865500,32.88002000,16.40099000,0,0,0,1,
	1.11808700,-5.63511000,2.80480000,1.91865500,32.88002000,17.36098000,0,0,0,1,
	1.12514800,-5.61484400,2.83860000,2.07499400,32.88002000,18.32098000,0,0,0,1,
	1.13114100,-5.61484400,2.83860000,2.07499400,32.88002000,18.88098000,0,0,0,1,
	1.13633300,-5.61484400,2.83860000,2.07499400,32.88002000,19.28098000,0,0,0,1,
	1.14185700,-5.59457800,2.86600000,2.23133200,32.88002000,19.52096000,0,0,0,1,
	1.14616200,-5.59457800,2.86600000,2.23133200,32.88002000,19.60096000,0,0,0,1,
	1.15037400,-5.59457800,2.86600000,2.23133200,32.88002000,19.60096000,0,0,0,1,
	1.15460000,-5.59457800,2.86600000,2.23133200,32.88002000,19.60096000,0,0,0,1,
	1.15903300,-5.59457800,2.86600000,2.23133200,32.88002000,19.60096000,0,0,0,1,
	1.16504100,-5.57431200,2.88700000,2.38767000,32.88002000,19.60096000,0,0,0,1,
	1.17321200,-5.57431200,2.88700000,2.38767000,32.96002000,19.60096000,0,0,0,1,
	1.18067600,-5.55404600,2.90160000,2.54400800,32.96002000,19.36095000,0,0,0,1,
	1.18756800,-5.55404600,2.90160000,2.54400800,33.12002000,18.96097000,0,0,0,1,
	1.19372600,-5.55404600,2.90160000,2.54400800,33.20002000,18.48095000,0,0,0,1,
	1.19884500,-5.55404600,2.90160000,2.54400800,33.28003000,17.92095000,0,0,0,1,
	1.20410500,-5.53378000,2.90980000,2.70034600,33.36002000,17.28094000,0,0,0,1,
	1.20888400,-5.53378000,2.90980000,2.70034600,33.36002000,16.64092000,0,0,0,1,
	1.21362600,-5.53378000,2.90980000,2.70034600,33.44003000,16.00090000,0,0,0,1,
	1.21790600,-5.53378000,2.90980000,2.70034600,33.52003000,15.20092000,0,0,0,1,
	1.22196600,-5.51351400,2.91160000,2.85668500,33.60004000,14.32092000,0,0,0,1,
	1.23087300,-5.51351400,2.91160000,2.85668500,33.60003000,13.68091000,0,0,0,1,
	1.23847800,-5.51351400,2.91160000,2.85668500,33.76003000,11.68092000,0,0,0,1,
	1.24250600,-5.50059500,2.90700000,3.01436100,33.84003000,9.76089800,0,0,0,1,
	1.24771400,-5.50059500,2.90700000,3.01436100,33.84002000,8.80090000,0,0,0,1,
	1.25304700,-5.50059500,2.90700000,3.01436100,33.92003000,7.44092700,0,0,0,1,
	1.25686100,-5.50059500,2.90700000,3.01436100,33.92004000,6.08092800,0,0,0,1,
	1.26206000,-5.50060500,2.89600000,3.17357900,33.92003000,5.04090800,0,0,0,1,
	1.26685500,-5.50060500,2.89600000,3.17357900,34.00004000,3.76093100,0,0,0,1,
	1.27070500,-5.50060500,2.89600000,3.17357900,34.00004000,2.48092600,0,0,0,1,
	1.27482600,-5.50060500,2.89600000,3.17357900,34.00003000,1.28091600,0,0,0,1,
	1.27892500,-5.50060500,2.89600000,3.17357900,34.00004000,0.08090678,0,0,0,1,
	1.28363700,-5.51705600,2.87860000,3.33322000,34.08004000,359.12090000,0,0,0,1,
	1.29138500,-5.51705600,2.87860000,3.33322000,34.08004000,357.84090000,0,0,1,0,
	1.29989900,-5.52162200,2.85480000,3.49383000,34.08004000,355.92090000,0,0,1,0,
	1.30392900,-5.52162200,2.85480000,3.49383000,34.16004000,354.32090000,0,0,1,0,
	1.30856200,-5.52162200,2.85480000,3.49383000,34.24004000,353.68090000,0,0,1,0,
	1.31266100,-5.52162200,2.85480000,3.49383000,34.24004000,352.72090000,0,0,1,0,
	1.31759800,-5.52162200,2.85480000,3.49383000,34.24004000,352.16090000,0,0,1,0,
	1.32184500,-5.52355100,2.82460000,3.65470100,34.32004000,351.68090000,0,0,1,0,
	1.32575300,-5.52355100,2.82460000,3.65470100,34.32004000,351.28090000,0,0,1,0,
	1.32988100,-5.52355100,2.82460000,3.65470100,34.32005000,351.04090000,0,0,1,0,
	1.33275300,-5.52355100,2.82460000,3.65470100,34.32005000,350.80090000,0,0,1,0,
	1.33632300,-5.52355100,2.82460000,3.65470100,34.32005000,350.80090000,0,0,1,0,
	1.33913200,-5.52355100,2.82460000,3.65470100,34.32005000,350.72090000,0,0,1,0,
	1.34312600,-5.52547900,2.78800000,3.81557300,34.32005000,350.72090000,0,0,1,0,
	1.34635400,-5.52547900,2.78800000,3.81557300,34.40004000,350.72090000,0,0,1,0,
	1.34950400,-5.52547900,2.78800000,3.81557300,34.40004000,350.72090000,0,0,1,0,
	1.35303200,-5.52547900,2.78800000,3.81557300,34.40004000,350.72090000,0,0,1,0,
	1.35673900,-5.52547900,2.78800000,3.81557300,34.40004000,350.80090000,0,0,1,0,
	1.36016300,-5.52740800,2.74500000,3.97644500,34.40004000,350.88090000,0,0,1,0,
	1.36404100,-5.52740800,2.74500000,3.97644500,34.32005000,351.04090000,0,0,1,0,
	1.36742000,-5.52740800,2.74500000,3.97644500,34.24004000,351.20090000,0,0,1,0,
	1.37146300,-5.52740800,2.74500000,3.97644500,34.24004000,351.36090000,0,0,1,0,
	1.37569100,-5.52740800,2.74500000,3.97644500,34.16004000,351.68090000,0,0,1,0,
	1.38003100,-5.52933700,2.69560000,4.13731700,34.08004000,352.00090000,0,0,1,0,
	1.38463300,-5.52933700,2.69560000,4.13731700,34.00004000,352.40090000,0,0,1,0,
	1.38854200,-5.52933700,2.69560000,4.13731700,33.92003000,352.96090000,0,0,1,0,
	1.39265800,-5.52933700,2.69560000,4.13731700,33.84003000,353.60090000,0,0,1,0,
	1.39690300,-5.52933700,2.69560000,4.13731700,33.76003000,354.16090000,0,0,1,0,
	1.40075600,-5.52970500,2.63980000,4.29832800,33.68003000,354.88090000,0,0,1,0,
	1.40554700,-5.52970500,2.63980000,4.29832800,33.68003000,355.52090000,0,0,1,0,
	1.40969800,-5.52970500,2.63980000,4.29832800,33.60003000,356.64090000,0,0,1,0,
	1.41455400,-5.52970500,2.63980000,4.29832800,33.52003000,357.52090000,0,0,1,0,
	1.42068700,-5.51953300,2.57760000,4.45984600,33.44002000,358.64090000,0,0,1,0,
	1.43175300,-5.51953300,2.57760000,4.45984600,33.28003000,0.16092930,0,0,1,0,
	1.43706400,-5.51953300,2.57760000,4.45984600,33.04002000,3.04092000,0,0,1,0,
	1.44199900,-5.49334300,2.50900000,4.62064600,32.96003000,4.32092500,0,0,1,0,
	1.44783700,-5.49334300,2.50900000,4.62064600,32.80002000,5.68089600,0,0,1,0,
	1.45317100,-5.49334300,2.50900000,4.62064600,32.64002000,7.44092700,0,0,1,0,
	1.45863700,-5.49334300,2.50900000,4.62064600,32.56002000,8.72090500,0,0,1,0,
	1.46424800,-5.45026600,2.50180000,4.77904700,32.40002000,10.32092000,0,0,1,0,
	1.47087100,-5.45026600,2.50180000,4.77904700,32.16002000,12.00093000,0,0,1,0,
	1.47575900,-5.45026600,2.50180000,4.77904700,32.00001000,13.60091000,0,0,1,0,
	1.47993800,-5.39449200,2.50036000,4.93443000,31.92002000,14.88092000,0,0,1,0,
	1.48913600,-5.39449200,2.50036000,4.93443000,31.76002000,15.92094000,0,0,1,0,
	1.49380200,-5.39449200,2.50036000,4.93443000,31.60002000,17.84093000,0,0,1,0,
	1.49958600,-5.32774500,2.61096000,5.08632900,31.44002000,18.88095000,0,0,1,0,
	1.50489200,-5.32774500,2.61096000,5.08632900,31.36002000,19.84095000,0,0,1,0,
	1.51086000,-5.32774500,2.61096000,5.08632900,31.28002000,20.64093000,0,0,1,0,
	1.52046400,-5.25385900,2.71516000,5.23553800,31.20002000,21.52092000,0,0,0,1,
	1.52714200,-5.25385900,2.71516000,5.23553800,31.12002000,22.48092000,0,0,0,1,
	1.53181500,-5.25385900,2.71516000,5.23553800,31.04002000,22.88093000,0,0,0,1,
	1.53595200,-5.25385900,2.71516000,5.23553800,31.04002000,23.04092000,0,0,0,1,
	1.53929000,-5.25385900,2.71516000,5.23553800,31.04002000,23.12091000,0,0,0,1,
	1.54195400,-5.20218900,2.81296000,5.39397800,31.04002000,23.12091000,0,0,0,1,
	1.54574100,-5.20218900,2.81296000,5.39397800,31.04002000,23.12091000,0,0,0,1,
	1.54863500,-5.20218900,2.81296000,5.39397800,31.04002000,23.12091000,0,0,0,1,
	1.55207200,-5.20218900,2.81296000,5.39397800,31.04002000,23.12091000,0,0,0,1,
	1.55485300,-5.20218900,2.81296000,5.39397800,31.04002000,23.12091000,0,0,0,1,
	1.55780100,-5.20218900,2.81296000,5.39397800,31.04002000,23.12091000,0,0,0,1,
	1.56074100,-5.15051900,2.90436000,5.55241700,31.04002000,23.12091000,0,0,0,1,
	1.56562900,-5.15051900,2.90436000,5.55241700,31.04002000,23.12091000,0,0,0,1,
	1.56862300,-5.15051900,2.90436000,5.55241700,31.04002000,23.04092000,0,0,0,1,
	1.57247800,-5.15051900,2.90436000,5.55241700,31.04002000,23.04092000,0,0,0,1,
	1.57782400,-5.15051900,2.90436000,5.55241700,31.04002000,22.96095000,0,0,0,1,
	1.58316200,-5.09906300,2.98936000,5.71094700,31.12002000,22.80093000,0,0,0,1,
	1.58797300,-5.09906300,2.98936000,5.71094700,31.12002000,22.64094000,0,0,0,1,
	1.59269800,-5.09906300,2.98936000,5.71094700,31.12002000,22.48092000,0,0,0,1,
	1.59707900,-5.09906300,2.98936000,5.71094700,31.12002000,22.32093000,0,0,0,1,
	1.60222800,-5.04953900,3.06796000,5.87027000,31.12002000,22.08092000,0,0,0,1,
	1.60860500,-5.04953900,3.06796000,5.87027000,31.20002000,21.84093000,0,0,0,1,
	1.61401900,-5.04953900,3.06796000,5.87027000,31.20002000,21.52092000,0,0,0,1,
	1.61846000,-5.04953900,3.06796000,5.87027000,31.20002000,21.20092000,0,0,0,1,
	1.62430800,-5.00326000,3.14016000,6.03086100,31.20002000,20.88091000,0,0,0,1,
	1.63052700,-5.00326000,3.14016000,6.03086100,31.20002000,20.48093000,0,0,0,1,
	1.64617300,-4.95938300,3.20596000,6.19233700,31.20002000,20.00091000,0,0,0,1,
	1.65281200,-4.95938300,3.20596000,6.19233700,31.20002000,18.48092000,0,0,0,1,
	1.65865600,-4.95938300,3.20596000,6.19233700,31.20002000,17.68094000,0,0,0,1,
	1.67122800,-4.92416600,3.26536000,6.35660300,31.12001000,16.88096000,0,0,0,1,
	1.67867100,-4.92416600,3.26536000,6.35660300,31.04002000,15.36097000,0,0,0,1,
	1.68599000,-4.89687300,3.31836000,6.52296000,30.96001000,14.08096000,0,0,0,1,
	1.69734300,-4.89687300,3.31836000,6.52296000,30.88001000,13.04094000,0,0,0,1,
	1.70275400,-4.87785800,3.36496000,6.69105500,30.72002000,11.20095000,0,0,0,1,
	1.71192000,-4.87785800,3.36496000,6.69105500,30.64002000,10.24098000,0,0,0,1,
	1.71982400,-4.86605500,3.40516000,6.86033300,30.48002000,8.72098600,0,0,0,1,
	1.72607300,-4.86605500,3.40516000,6.86033300,30.40002000,7.20099700,0,0,0,1,
	1.73081000,-4.86605500,3.40516000,6.86033300,30.24002000,6.24100000,0,0,0,1,
	1.73894900,-4.86605500,3.40516000,6.86033300,30.16001000,5.36099900,0,0,0,1,
	1.74286800,-4.86862600,3.43896000,7.03102800,30.08002000,3.84100800,0,0,0,1,
	1.74844100,-4.86862600,3.43896000,7.03102800,30.00002000,3.04100100,0,0,0,1,
	1.75412800,-4.86862600,3.43896000,7.03102800,29.84002000,1.92101400,0,0,0,1,
	1.76274600,-4.87999800,3.46636000,7.20200900,29.76002000,0.88102250,0,0,0,1,
	1.77125000,-4.87999800,3.46636000,7.20200900,29.60002000,359.12100000,0,0,0,1,
	1.77566900,-4.87999800,3.46636000,7.20200900,29.44002000,357.44100000,0,0,0,1,
	1.78108600,-4.90522700,3.48736000,7.37244900,29.36002000,356.24100000,0,0,0,1,
	1.78630600,-4.90522700,3.48736000,7.37244900,29.28002000,355.12100000,0,0,0,1,
	1.79603300,-4.90522700,3.48736000,7.37244900,29.20002000,354.16100000,0,0,0,1,
	1.80515500,-4.94358100,3.50196000,7.54131900,29.04002000,351.84100000,0,0,0,1,
	1.81370600,-4.94358100,3.50196000,7.54131900,28.88002000,350.00100000,0,0,0,1,
	1.81971000,-4.99331300,3.51016000,7.70797000,28.80002000,348.00100000,0,0,0,1,
	1.82666500,-4.99331300,3.51016000,7.70797000,28.72002000,346.88100000,0,0,0,1,
	1.83273100,-4.99331300,3.51016000,7.70797000,28.72001000,345.44100000,0,0,0,1,
	1.83751800,-4.99331300,3.51016000,7.70797000,28.64002000,344.32100000,0,0,0,1,
	1.84232900,-5.05687900,3.51196000,7.87092400,28.56002000,343.28100000,0,0,0,1,
	1.84929000,-5.05687900,3.51196000,7.87092400,28.56002000,342.40100000,0,0,0,1,
	1.85407900,-5.05687900,3.51196000,7.87092400,28.48002000,341.04100000,0,0,0,1,
	1.85977100,-5.12990400,3.50736000,8.03063400,28.48002000,340.00100000,0,0,0,1,
	1.86582400,-5.12990400,3.50736000,8.03063400,28.40002000,338.80100000,0,0,0,1,
	1.87191000,-5.12990400,3.50736000,8.03063400,28.40002000,337.68100000,0,0,0,1,
	1.87838100,-5.12990400,3.50736000,8.03063400,28.32002000,336.40100000,0,0,0,1,
	1.88440900,-5.21734600,3.49636000,8.18416200,28.24002000,334.88100000,0,0,0,1,
	1.89373800,-5.21734600,3.49636000,8.18416200,28.24002000,333.76100000,0,0,0,1,
	1.90069600,-5.31394700,3.47896000,8.33287500,28.16002000,331.52100000,0,0,0,1,
	1.90601800,-5.31394700,3.47896000,8.33287500,28.08002000,329.84100000,0,0,0,1,
	1.91752000,-5.31394700,3.47896000,8.33287500,28.00002000,328.72100000,0,0,0,1,
	1.92325500,-5.42558200,3.45516000,8.47201900,27.92002000,325.76100000,0,0,0,1,
	1.92903100,-5.42558200,3.45516000,8.47201900,27.92002000,324.56100000,0,0,0,1,
	1.93471400,-5.42558200,3.45516000,8.47201900,27.84002000,323.20100000,0,0,0,1,
	1.94067300,-5.54697400,3.42496000,8.60384900,27.84002000,321.84110000,0,0,0,1,
	1.94815100,-5.54697400,3.42496000,8.60384900,27.84002000,320.24110000,0,0,0,1,
	1.95482400,-5.54697400,3.42496000,8.60384900,27.84002000,318.56110000,0,0,0,1,
	1.96244900,-5.67962700,3.38836000,8.72576400,27.76002000,317.04110000,0,0,0,1,
	1.97293800,-5.67962700,3.38836000,8.72576400,27.76002000,315.36110000,0,0,0,1,
	1.98004800,-5.82101200,3.34536000,8.83864200,27.76002000,313.04110000,0,0,0,1,
	1.98919300,-5.82101200,3.34536000,8.83864200,27.76002000,311.52110000,0,0,0,1,
	2.00471100,-5.96912500,3.29596000,8.94366300,27.76002000,309.76110000,0,0,0,1,
	2.01074400,-5.96912500,3.29596000,8.94366300,27.76002000,306.40110000,0,0,0,1,
	2.01789600,-5.96912500,3.29596000,8.94366300,27.76002000,305.36110000,0,0,0,1,
	2.02703900,-6.12773400,3.40656000,9.03406900,27.76002000,304.08110000,0,0,0,1,
	2.03452400,-6.12773400,3.40656000,9.03406900,27.76002000,302.64110000,0,0,0,1,
	2.04330000,-6.29041800,3.51076000,9.11801900,27.84002000,301.68110000,0,0,0,1,
	2.04864000,-6.29041800,3.51076000,9.11801900,27.84002000,300.96110000,0,0,0,1,
	2.05351700,-6.29041800,3.51076000,9.11801900,27.92002000,300.64110000,0,0,0,1,
	2.05876000,-6.29041800,3.51076000,9.11801900,27.92002000,300.48110000,0,0,0,1,
	2.06257300,-6.45506200,3.60856000,9.19868400,27.92002000,300.48110000,0,0,1,1,
	2.06950900,-6.45506200,3.60856000,9.19868400,27.92002000,300.48110000,0,0,1,0,
	2.07562800,-6.45506200,3.60856000,9.19868400,28.00002000,300.48110000,0,0,1,0,
	2.08083500,-6.60644700,3.69996000,9.30184100,28.00002000,300.56110000,0,0,1,0,
	2.08750300,-6.60644700,3.69996000,9.30184100,28.00002000,300.72110000,0,0,1,0,
	2.09211600,-6.60644700,3.69996000,9.30184100,28.00002000,301.04110000,0,0,1,0,
	2.09909000,-6.60644700,3.69996000,9.30184100,28.08002000,301.36110000,0,0,1,0,
	2.10485900,-6.75419400,3.78496000,9.41097700,28.08002000,302.08110000,0,0,1,0,
	2.11711400,-6.75419400,3.78496000,9.41097700,28.16002000,302.80110000,0,0,1,0,
	2.12268100,-6.89703800,3.86355900,9.52731000,28.24002000,304.80110000,0,0,1,0,
	2.12903400,-6.89703800,3.86355900,9.52731000,28.24002000,305.92110000,0,0,1,0,
	2.13559700,-6.89703800,3.86355900,9.52731000,28.32002000,307.28110000,0,0,1,0,
	2.13990800,-7.03172800,3.93576000,9.65423300,28.32002000,308.96110000,0,0,1,0,
	2.14716900,-7.03172800,3.93576000,9.65423300,28.32002000,310.08110000,0,0,1,0,
	2.16252300,-7.16012500,4.00156000,9.78833800,28.40002000,311.92110000,0,0,1,0,
	2.16956100,-7.16012500,4.00156000,9.78833800,28.48002000,316.16100000,0,0,1,0,
	2.17890500,-7.16012500,4.00156000,9.78833800,28.48002000,317.84100000,0,0,1,0,
	2.18367400,-7.26796200,4.06096000,9.94106800,28.56002000,320.48100000,0,0,1,0,
	2.19166800,-7.26796200,4.06096000,9.94106800,28.64002000,321.76100000,0,0,1,1,
	2.20018500,-7.37252600,4.11396000,10.09638000,28.64002000,323.76100000,0,0,1,1,
	2.20889400,-7.37252600,4.11396000,10.09638000,28.80002000,325.68110000,0,0,0,1,
	2.21655500,-7.37252600,4.11396000,10.09638000,28.88002000,327.04100000,0,0,0,1,
	2.22613200,-7.48611700,4.16056000,10.24583000,28.96002000,328.32100000,0,0,0,1,
	2.23264500,-7.48611700,4.16056000,10.24583000,29.04002000,329.20100000,0,0,0,1,
	2.23709300,-7.48611700,4.16056000,10.24583000,29.12002000,329.68100000,0,0,0,1,
	2.24067000,-7.59970900,4.20075900,10.39529000,29.20002000,329.84110000,0,0,0,1,
	2.24418600,-7.59970900,4.20075900,10.39529000,29.20002000,329.84110000,0,0,0,1,
	2.24740600,-7.59970900,4.20075900,10.39529000,29.20002000,329.84110000,0,0,0,1,
	2.25162500,-7.59970900,4.20075900,10.39529000,29.20002000,329.84110000,0,0,0,1,
	2.25660000,-7.59970900,4.20075900,10.39529000,29.28002000,329.84110000,0,0,0,1,
	2.26227400,-7.71330000,4.23456000,10.54475000,29.28002000,329.76110000,0,0,0,1,
	2.26824500,-7.71330000,4.23456000,10.54475000,29.36002000,329.52110000,0,0,0,1,
	2.27409900,-7.71330000,4.23456000,10.54475000,29.52002000,329.20110000,0,0,0,1,
	2.27859000,-7.71330000,4.23456000,10.54475000,29.60002000,328.72110000,0,0,0,1,
	2.28505700,-7.82689100,4.26196000,10.69420000,29.68002000,328.32110000,0,0,0,1,
	2.29189300,-7.82689100,4.26196000,10.69420000,29.76002000,327.60110000,0,0,0,1,
	2.29709400,-7.82689100,4.26196000,10.69420000,29.84002000,326.64110000,0,0,0,1,
	2.30599300,-7.94373900,4.28295900,10.84147000,29.92002000,325.84110000,0,0,0,1,
	2.31181300,-7.94373900,4.28295900,10.84147000,29.92001000,324.24110000,0,0,0,1,
	2.31767900,-7.94373900,4.28295900,10.84147000,30.00002000,323.20110000,0,0,0,1,
	2.32312000,-8.07108200,4.29755900,10.98087000,30.00002000,321.84110000,0,0,0,1,
	2.32825100,-8.07108200,4.29755900,10.98087000,30.00002000,320.80110000,0,0,0,1,
	2.33286300,-8.07108200,4.29755900,10.98087000,30.00002000,319.84110000,0,0,0,1,
	2.33864900,-8.07108200,4.29755900,10.98087000,30.00002000,318.64110000,0,0,0,1,
	2.34405600,-8.20975800,4.30575900,11.11042000,30.00002000,317.28110000,0,0,0,1,
	2.35171300,-8.20975800,4.30575900,11.11042000,30.00002000,316.16110000,0,0,0,1,
	2.36010200,-8.35482000,4.30755900,11.23363000,30.00002000,314.56110000,0,0,1,1,
	2.37099600,-8.35482000,4.30755900,11.23363000,30.00002000,312.88110000,0,0,1,0,
	2.37910700,-8.35482000,4.30755900,11.23363000,29.92002000,311.04110000,0,0,1,0,
	2.38756700,-8.48916700,4.30295900,11.36914000,29.92002000,309.84110000,0,0,1,0,
	2.39368900,-8.48916700,4.30295900,11.36914000,29.84002000,309.04110000,0,0,1,0,
	2.39786700,-8.48916700,4.30295900,11.36914000,29.84002000,308.48110000,0,0,1,0,
	2.40205300,-8.62351400,4.29195900,11.50466000,29.84002000,308.24110000,0,0,1,0,
	2.40704500,-8.62351400,4.29195900,11.50466000,29.84002000,308.08110000,0,0,1,0,
	2.41105200,-8.62351400,4.29195900,11.50466000,29.76002000,308.00110000,0,0,1,0,
	2.41463600,-8.62351400,4.29195900,11.50466000,29.76002000,307.92110000,0,0,1,0,
	2.41731300,-8.62351400,4.29195900,11.50466000,29.76002000,307.92110000,0,0,1,0,
	2.42068900,-8.75786100,4.27455900,11.64018000,29.76002000,307.92110000,0,0,1,0,
	2.42681900,-8.75786100,4.27455900,11.64018000,29.76002000,307.92110000,0,0,1,0,
	2.43013700,-8.75786100,4.27455900,11.64018000,29.76002000,307.92110000,0,0,1,0,
	2.43449900,-8.75786100,4.27455900,11.64018000,29.76002000,307.92110000,0,0,1,0,
	2.44046600,-8.89220800,4.25076000,11.77569000,29.76002000,308.00110000,0,0,1,0,
	2.44516200,-8.89220800,4.25076000,11.77569000,29.68002000,308.16110000,0,0,1,0,
	2.44978200,-8.89220800,4.25076000,11.77569000,29.68002000,308.32110000,0,0,1,0,
	2.45443400,-8.89220800,4.25076000,11.77569000,29.60002000,308.48110000,0,0,1,0,
	2.46269300,-9.02655500,4.22056000,11.91121000,29.60002000,308.72110000,0,0,1,0,
	2.47103800,-9.02655500,4.22056000,11.91121000,29.52002000,309.28110000,0,0,1,0,
	2.47983400,-9.16090200,4.18395900,12.04673000,29.52002000,310.08110000,0,0,1,0,
	2.48619200,-9.16090200,4.18395900,12.04673000,29.44002000,311.12110000,0,0,1,0,
	2.49356000,-9.16090200,4.18395900,12.04673000,29.44002000,312.00110000,0,0,1,0,
	2.50325100,-9.29038300,4.14095900,12.18753000,29.36002000,313.20110000,0,0,1,0,
	2.50819500,-9.29038300,4.14095900,12.18753000,29.36002000,314.72110000,0,0,1,0,
	2.51491600,-9.29038300,4.14095900,12.18753000,29.36002000,315.68110000,0,0,1,0,
	2.52067000,-9.41068300,4.09155900,12.33727000,29.36002000,317.04110000,0,0,1,0,
	2.52634900,-9.41068300,4.09155900,12.33727000,29.36002000,318.40110000,0,0,1,0,
	2.53276600,-9.41068300,4.09155900,12.33727000,29.36002000,319.52110000,0,0,1,0,
	2.54059100,-9.52054600,4.03575900,12.49583000,29.28002000,321.12110000,0,0,1,0,
	2.55119000,-9.52054600,4.03575900,12.49583000,29.28002000,323.28110000,0,0,1,0,
	2.55687000,-9.52054600,4.03575900,12.49583000,29.28002000,325.92110000,0,0,1,0,
	2.56735700,-9.61220100,3.97355900,12.66689000,29.28002000,327.68110000,0,0,1,0,
	2.57274100,-9.61220100,3.97355900,12.66689000,29.20002000,330.56110000,0,0,1,0,
	2.57916500,-9.61220100,3.97355900,12.66689000,29.20002000,332.24110000,0,0,1,0,
	2.58875500,-9.68421500,3.90495900,12.84835000,29.20002000,334.24110000,0,0,1,0,
	2.59662100,-9.68421500,3.90495900,12.84835000,29.20002000,337.20110000,0,0,1,0,
	2.60302900,-9.73848800,3.90099200,13.03681000,29.20002000,339.84110000,0,0,1,0,
	2.61176500,-9.73848800,3.90099200,13.03681000,29.20002000,341.76110000,0,0,1,0,
	2.61948900,-9.77674900,4.01159200,13.23000000,29.20002000,344.72110000,0,0,1,0,
	2.62698900,-9.77674900,4.01159200,13.23000000,29.20002000,347.20110000,0,0,1,0,
	2.63207000,-9.77674900,4.01159200,13.23000000,29.28002000,349.84110000,0,0,1,0,
	2.63961300,-9.79204100,4.11579200,13.42753000,29.28002000,351.52110000,0,0,1,0,
	2.64687300,-9.79204100,4.11579200,13.42753000,29.36002000,354.16120000,0,0,1,0,
	2.65628500,-9.79204100,4.11579200,13.42753000,29.44002000,356.40120000,0,0,1,0,
	2.66309000,-9.78053800,4.21359200,13.62660000,29.44001000,359.28120000,0,0,1,0,
	2.67072800,-9.78053800,4.21359200,13.62660000,29.52002000,1.44115300,0,0,1,0,
	2.67863500,-9.78053800,4.21359200,13.62660000,29.52002000,3.68115400,0,0,1,0,
	2.68482500,-9.74541900,4.30499200,13.82409000,29.52002000,6.08114700,0,0,1,0,
	2.69207300,-9.74541900,4.30499200,13.82409000,29.52002000,7.60113700,0,0,1,0,
	2.69904800,-9.74541900,4.30499200,13.82409000,29.52002000,9.36114000,0,0,1,0,
	2.70463300,-9.69344500,4.38999200,14.01881000,29.52002000,10.96115000,0,0,1,0,
	2.71100500,-9.69344500,4.38999200,14.01881000,29.52002000,12.16116000,0,0,1,0,
	2.71682100,-9.69344500,4.38999200,14.01881000,29.52002000,13.28115000,0,0,1,0,
	2.72286500,-9.62997400,4.46859200,14.21083000,29.52002000,14.32117000,0,0,1,0,
	2.72819600,-9.62997400,4.46859200,14.21083000,29.52002000,15.44116000,0,0,1,0,
	2.73338000,-9.62997400,4.46859200,14.21083000,29.52002000,16.08117000,0,0,1,0,
	2.73816500,-9.62997400,4.46859200,14.21083000,29.52002000,16.96118000,0,0,1,0,
	2.74525000,-9.55567400,4.54079200,14.39968000,29.52002000,17.52117000,0,0,1,0,
	2.75530000,-9.55567400,4.54079200,14.39968000,29.52002000,18.32117000,0,0,1,0,
	2.76355500,-9.47601400,4.60659200,14.58671000,29.52002000,19.12115000,0,0,1,0,
	2.77055000,-9.47601400,4.60659200,14.58671000,29.52002000,19.68115000,0,0,1,0,
	2.77567300,-9.47601400,4.60659200,14.58671000,29.52002000,19.92113000,0,0,1,0,
	2.77887500,-9.47601400,4.60659200,14.58671000,29.52002000,20.00112000,0,0,1,0,
	2.78193600,-9.39342200,4.66599200,14.77268000,29.52002000,20.00112000,0,0,1,0,
	2.78560900,-9.39342200,4.66599200,14.77268000,29.52002000,20.00112000,0,0,1,0,
	2.78992900,-9.39342200,4.66599200,14.77268000,29.52002000,20.00112000,0,0,1,1,
	2.79448800,-9.39342200,4.66599200,14.77268000,29.52002000,20.00112000,0,0,1,1,
	2.79916800,-9.39342200,4.66599200,14.77268000,29.52002000,20.00112000,0,0,0,1,
	2.80373300,-9.31962600,4.71899200,14.96186000,29.52002000,20.00112000,0,0,0,1,
	2.80740500,-9.31962600,4.71899200,14.96186000,29.52002000,20.00112000,0,0,0,1,
	2.81128000,-9.31962600,4.71899200,14.96186000,29.52002000,20.00112000,0,0,0,1,
	2.81441700,-9.31962600,4.71899200,14.96186000,29.52002000,20.00112000,0,0,0,1,
	2.82020300,-9.26334500,4.76559200,15.15741000,29.52002000,20.00112000,0,0,0,1,
	2.82680200,-9.26334500,4.76559200,15.15741000,29.52002000,19.92113000,0,0,0,1,
	2.83268400,-9.26334500,4.76559200,15.15741000,29.52002000,19.84116000,0,0,0,1,
	2.83685800,-9.26334500,4.76559200,15.15741000,29.60002000,19.76117000,0,0,0,1,
	2.84086800,-9.20813100,4.80579100,15.35335000,29.60002000,19.68117000,0,0,0,1,
	2.84670200,-9.20813100,4.80579100,15.35335000,29.60002000,19.60121000,0,0,0,1,
	2.85157000,-9.20813100,4.80579100,15.35335000,29.60002000,19.44119000,0,0,0,1,
	2.85749200,-9.20813100,4.80579100,15.35335000,29.68002000,19.28120000,0,0,0,1,
	2.86353500,-9.15479000,4.83959200,15.54994000,29.68002000,19.12118000,0,0,0,1,
	2.86911100,-9.15479000,4.83959200,15.54994000,29.68002000,18.88119000,0,0,0,1,
	2.87329800,-9.15479000,4.83959200,15.54994000,29.76002000,18.72118000,0,0,0,1,
	2.87997000,-9.10360100,4.86699200,15.74726000,29.76002000,18.48119000,0,0,0,1,
	2.88710100,-9.10360100,4.86699200,15.74726000,29.76003000,18.16118000,0,0,0,1,
	2.89517500,-9.10360100,4.86699200,15.74726000,29.84002000,17.68119000,0,0,0,1,
	2.90304900,-9.05701600,4.88799100,15.94604000,29.84002000,17.12119000,0,0,0,1,
	2.90901800,-9.05701600,4.88799100,15.94604000,29.84002000,16.48117000,0,0,0,1,
	2.91709900,-9.05701600,4.88799100,15.94604000,29.92002000,16.00115000,0,0,0,1,
	2.92844300,-9.01700600,4.90259100,16.14669000,29.92002000,15.20117000,0,0,0,1,
	2.93290500,-9.01700600,4.90259100,16.14669000,30.00002000,14.00116000,0,0,0,1,
	2.93677600,-9.01700600,4.90259100,16.14669000,30.00002000,13.60116000,0,0,0,1,
	2.94105200,-8.98420200,4.91079100,16.34909000,30.00002000,13.12116000,0,0,0,1,
	2.94695700,-8.98420200,4.91079100,16.34909000,30.00002000,12.64113000,0,0,0,1,
	2.95406600,-8.98420200,4.91079100,16.34909000,30.00002000,12.16114000,0,0,0,1,
	2.95976900,-8.95783400,4.91259100,16.55284000,30.08002000,11.28113000,0,0,0,1,
	2.96574500,-8.95783400,4.91259100,16.55284000,30.08002000,10.64112000,0,0,0,1,
	2.97274100,-8.95783400,4.91259100,16.55284000,30.08002000,10.00110000,0,0,0,1,
	2.97966800,-8.93908800,4.90799100,16.75792000,30.08002000,9.12109800,0,0,0,1,
	2.98688300,-8.93908800,4.90799100,16.75792000,30.16002000,8.32109300,0,0,0,1,
	2.99267500,-8.93908800,4.90799100,16.75792000,30.16001000,7.36112300,0,0,0,1,
	2.99903200,-8.93908800,4.90799100,16.75792000,30.16001000,6.56111700,0,0,0,1,
	3.00490100,-8.93260700,4.89699100,16.96449000,30.24002000,5.68111600,0,0,0,1,
	3.01189200,-8.93260700,4.89699100,16.96449000,30.32002000,4.64112300,0,0,0,1,
	3.01779000,-8.93260700,4.89699100,16.96449000,30.32001000,3.44108700,0,0,0,1,
	3.02383900,-8.93821500,4.87959100,17.17179000,30.40002000,2.32110000,0,0,0,1,
	3.03381400,-8.93821500,4.87959100,17.17179000,30.40002000,1.20111300,0,0,0,1,
	3.04185300,-8.95510700,4.85579200,17.37908000,30.40002000,359.20110000,0,0,0,1,
	3.05220400,-8.95510700,4.85579200,17.37908000,30.48002000,357.76110000,0,0,0,1,
	3.05647900,-8.95510700,4.85579200,17.37908000,30.48002000,355.52110000,0,0,0,1,
	3.06270900,-8.98850500,4.82559200,17.58522000,30.56001000,354.64110000,0,0,0,1,
	3.06866600,-8.98850500,4.82559200,17.58522000,30.56001000,353.60110000,0,0,0,1,
	3.07462000,-8.98850500,4.82559200,17.58522000,30.56001000,352.16110000,0,0,0,1,
	3.08082300,-9.03461000,4.78899100,17.78965000,30.64002000,351.12110000,0,0,0,1,
	3.08990500,-9.03461000,4.78899100,17.78965000,30.64002000,350.00110000,0,0,0,1,
	3.09571700,-9.03461000,4.78899100,17.78965000,30.72002000,348.24110000,0,0,0,1,
	3.10196300,-9.09560900,4.89959100,17.99099000,30.72002000,346.96110000,0,0,0,1,
	3.10660400,-9.09560900,4.89959100,17.99099000,30.72002000,345.60110000,0,0,0,1,
	3.11262800,-9.09560900,4.89959100,17.99099000,30.72002000,344.56110000,0,0,0,1,
	3.11773800,-9.09560900,4.89959100,17.99099000,30.72002000,343.28110000,0,0,0,1,
	3.12311000,-9.17298600,5.00379100,18.18766000,30.72002000,342.32110000,0,0,0,1,
	3.13792000,-9.17298600,5.00379100,18.18766000,30.72002000,340.96110000,0,0,0,1,
	3.14318300,-9.26762600,5.10159100,18.37744000,30.72002000,337.28110000,0,0,0,1,
	3.14820300,-9.26762600,5.10159100,18.37744000,30.72002000,336.00110000,0,0,0,1,
	3.15486700,-9.26762600,5.10159100,18.37744000,30.72002000,334.64110000,0,0,0,1,
	3.16100500,-9.37719900,5.19299100,18.56003000,30.64002000,332.80110000,0,0,0,1,
	3.16912100,-9.37719900,5.19299100,18.56003000,30.64002000,331.28120000,0,0,0,1,
	3.17733000,-9.37719900,5.19299100,18.56003000,30.56001000,328.96120000,0,0,0,1,
	3.18178200,-9.50753300,5.27799100,18.72983000,30.48002000,326.24110000,0,0,0,1,
	3.18772800,-9.50753300,5.27799100,18.72983000,30.48002000,325.20110000,0,0,0,1,
	3.19653900,-9.50753300,5.27799100,18.72983000,30.48002000,323.60110000,0,0,0,1,
	3.20321100,-9.65353400,5.35659100,18.88765000,30.40002000,320.96110000,0,0,0,1,
	3.21722300,-9.65353400,5.35659100,18.88765000,30.32002000,319.28110000,0,0,0,1,
	3.22444400,-9.81498100,5.42879100,19.03079000,30.24002000,315.28110000,0,0,0,1,
	3.23183800,-9.81498100,5.42879100,19.03079000,30.16002000,313.28110000,0,0,0,1,
	3.23655000,-9.81498100,5.42879100,19.03079000,30.08002000,311.12110000,0,0,0,1,
	3.24174100,-9.99040700,5.49459100,19.15815000,30.00002000,309.68110000,0,0,0,1,
	3.24893500,-9.99040700,5.49459100,19.15815000,29.92002000,308.40110000,0,0,0,1,
	3.25507500,-9.99040700,5.49459100,19.15815000,29.84002000,306.72110000,0,0,0,1,
	3.26161000,-10.17612000,5.55399100,19.27166000,29.76002000,305.12110000,0,0,0,1,
	3.26597500,-10.17612000,5.55399100,19.27166000,29.60002000,303.44110000,0,0,0,1,
	3.27046500,-10.17612000,5.55399100,19.27166000,29.52002000,302.56110000,0,0,0,1,
	3.27714600,-10.17612000,5.55399100,19.27166000,29.36002000,301.20110000,0,0,0,1,
	3.28375100,-10.37270000,5.60699100,19.36758000,29.20002000,299.68120000,0,0,0,1,
	3.29000900,-10.37270000,5.60699100,19.36758000,29.12002000,298.40120000,0,0,0,1,
	3.30101800,-10.57435000,5.65359100,19.45376000,28.96002000,296.80110000,0,0,0,1,
	3.30823900,-10.57435000,5.65359100,19.45376000,28.72002000,294.56120000,0,0,0,1,
	3.31809000,-10.57435000,5.65359100,19.45376000,28.56002000,293.12120000,0,0,0,1,
	3.32448700,-10.78448000,5.69379100,19.51993000,28.40002000,291.12120000,0,0,0,1,
	3.33726000,-10.78448000,5.69379100,19.51993000,28.32002000,289.60120000,0,0,0,1,
	3.34776800,-10.99899000,5.72759100,19.57297000,28.16002000,287.52120000,0,0,0,1,
	3.35381900,-10.99899000,5.72759100,19.57297000,28.00002000,285.68120000,0,0,0,1,
	3.36016400,-11.21642000,5.75499100,19.61530000,28.00002000,284.64120000,0,0,0,1,
	3.36561300,-11.21642000,5.75499100,19.61530000,27.92002000,283.60120000,0,0,0,1,
	3.37046500,-11.21642000,5.75499100,19.61530000,27.92002000,282.56120000,0,0,0,1,
	3.37563800,-11.21642000,5.75499100,19.61530000,27.84002000,281.76120000,0,0,0,1,
	3.38200800,-11.43689000,5.77599100,19.64374000,27.84002000,280.96120000,0,0,0,1,
	3.39163500,-11.43689000,5.77599100,19.64374000,27.84002000,280.00120000,0,0,0,1,
	3.39819300,-11.43689000,5.77599100,19.64374000,27.76002000,278.32120000,0,0,0,1,
	3.40664100,-11.65946000,5.79059100,19.65806000,27.76002000,277.28120000,0,0,0,1,
	3.41204700,-11.65946000,5.79059100,19.65806000,27.68002000,275.76120000,0,0,0,1,
	3.41976200,-11.88294000,5.79879100,19.66278000,27.68002000,274.80120000,0,0,0,1,
	3.42482200,-11.88294000,5.79879100,19.66278000,27.68002000,273.20120000,0,0,0,1,
	3.43156000,-11.88294000,5.79879100,19.66278000,27.60002000,272.40120000,0,0,0,1,
	3.43882300,-11.88294000,5.79879100,19.66278000,27.60002000,270.88120000,0,0,0,1,
	3.44504000,-12.10695000,5.80059100,19.64722000,27.52002000,269.60120000,0,0,0,1,
	3.45163200,-12.10695000,5.80059100,19.64722000,27.52002000,268.48120000,0,0,0,1,
	3.46114600,-12.33058000,5.79599100,19.62196000,27.44002000,267.12120000,0,0,0,1,
	3.47213600,-12.33058000,5.79599100,19.62196000,27.44002000,265.36120000,0,0,0,1,
	3.47806500,-12.33058000,5.79599100,19.62196000,27.36002000,262.96120000,0,0,0,1,
	3.48334600,-12.55177000,5.78499100,19.57547000,27.36002000,261.68120000,0,0,0,1,
	3.49464500,-12.55177000,5.78499100,19.57547000,27.28002000,260.32130000,0,0,0,1,
	3.50209700,-12.76949000,5.76759100,19.51230000,27.20002000,257.36120000,0,0,0,1,
	3.50783000,-12.76949000,5.76759100,19.51230000,27.12003000,255.76130000,0,0,0,1,
	3.51352400,-12.76949000,5.76759100,19.51230000,27.04002000,254.08130000,0,0,0,1,
	3.52004000,-12.98194000,5.74379100,19.43056000,26.88002000,252.48130000,0,0,0,1,
	3.52938700,-12.98194000,5.74379100,19.43056000,26.80003000,251.04130000,0,0,0,1,
	3.53405900,-12.98194000,5.74379100,19.43056000,26.64002000,248.24130000,0,0,0,1,
	3.54051900,-13.18679000,5.71359100,19.32927000,26.56002000,247.20130000,0,0,0,1,
	3.54774800,-13.18679000,5.71359100,19.32927000,26.40002000,245.52130000,0,0,0,1,
	3.55447500,-13.18679000,5.71359100,19.32927000,26.16002000,243.60130000,0,0,0,1,
	3.56389200,-13.38231000,5.67699100,19.20910000,26.00002000,241.92130000,0,0,0,1,
	3.57110100,-13.38231000,5.67699100,19.20910000,25.84002000,240.00130000,0,0,0,1,
	3.58159700,-13.57080000,5.63399100,19.07708000,25.68002000,238.48130000,0,0,0,1,
	3.59007800,-13.57080000,5.63399100,19.07708000,25.36002000,236.24130000,0,0,0,1,
	3.59478400,-13.57080000,5.63399100,19.07708000,25.20002000,234.72130000,0,0,0,1,
	3.60249600,-13.74849000,5.58459100,18.92949000,25.12002000,233.76130000,0,0,0,1,
	3.61282800,-13.74849000,5.58459100,18.92949000,24.96002000,232.40130000,0,0,0,1,
	3.61777900,-13.74849000,5.58459100,18.92949000,24.80003000,230.88130000,0,0,0,1,
	3.62375300,-13.91732000,5.52879100,18.77082000,24.72003000,230.24130000,0,0,0,1,
	3.63209200,-13.91732000,5.52879100,18.77082000,24.72002000,229.44130000,0,0,0,1,
	3.64331800,-14.08191000,5.46659100,18.60728000,24.56002000,228.64130000,0,0,0,1,
	3.64806800,-14.08191000,5.46659100,18.60728000,24.48002000,227.68120000,0,0,0,1,
	3.65485900,-14.08191000,5.46659100,18.60728000,24.48002000,227.44120000,0,0,0,1,
	3.65931300,-14.24257000,5.39799100,18.43943000,24.48002000,227.20120000,0,0,0,1,
	3.66434000,-14.24257000,5.39799100,18.43943000,24.48002000,227.20120000,0,0,0,1,
	3.66879300,-14.24257000,5.39799100,18.43943000,24.48002000,227.20120000,0,0,0,1,
	3.67214200,-14.24257000,5.39799100,18.43943000,24.48002000,227.20120000,0,0,0,1,
	3.67499500,-14.24257000,5.39799100,18.43943000,24.48002000,227.20120000,0,0,0,1,
	3.67831100,-14.24257000,5.39799100,18.43943000,24.48002000,227.20120000,0,0,0,1,
	3.68101000,-14.40323000,5.50859100,18.27158000,24.48002000,227.20120000,0,0,0,1,
	3.68722600,-14.40323000,5.50859100,18.27158000,24.48002000,227.20120000,0,0,0,1,
	3.69552100,-14.40323000,5.50859100,18.27158000,24.40002000,227.36120000,0,0,0,1,
	3.70866300,-14.56389000,5.61279100,18.10373000,24.32002000,227.60120000,0,0,1,1,
	3.71947600,-14.72455000,5.71059000,17.93589000,24.08003000,228.48120000,0,0,1,1,
	3.72720500,-14.72455000,5.71059000,17.93589000,24.00002000,229.52120000,0,0,1,0,
	3.73363200,-14.72455000,5.71059000,17.93589000,23.84003000,230.56120000,0,0,1,0,
	3.74015500,-14.90302000,5.80199100,17.79005000,23.76002000,231.60120000,0,0,1,0,
	3.74716000,-14.90302000,5.80199100,17.79005000,23.68003000,232.56120000,0,0,1,0,
	3.75618900,-14.90302000,5.80199100,17.79005000,23.68003000,233.68120000,0,0,1,0,
	3.76368900,-15.10081000,5.88699100,17.67042000,23.60002000,235.36120000,0,0,1,0,
	3.77145100,-15.10081000,5.88699100,17.67042000,23.60002000,237.04120000,0,0,1,0,
	3.77658700,-15.10081000,5.88699100,17.67042000,23.60002000,238.64120000,0,0,1,0,
	3.78091400,-15.30840000,5.96559000,17.56674000,23.60002000,240.00120000,0,0,1,0,
	3.78669600,-15.30840000,5.96559000,17.56674000,23.60003000,240.96120000,0,0,1,0,
	3.79261100,-15.30840000,5.96559000,17.56674000,23.60002000,242.72120000,0,0,1,0,
	3.79978100,-15.52408000,6.03779000,17.47894000,23.60003000,244.40120000,0,0,1,0,
	3.80488200,-15.52408000,6.03779000,17.47894000,23.60003000,246.72120000,0,0,1,0,
	3.81109500,-15.52408000,6.03779000,17.47894000,23.60003000,248.32120000,0,0,1,0,
	3.81957900,-15.74902000,6.10359000,17.41474000,23.60002000,250.64120000,0,0,1,0,
	3.82761500,-15.74902000,6.10359000,17.41474000,23.60002000,253.92120000,0,0,1,0,
	3.83377200,-15.74902000,6.10359000,17.41474000,23.68002000,256.96120000,0,0,1,0,
	3.84348100,-15.98242000,6.16299100,17.38614000,23.68003000,259.60130000,0,0,1,0,
	3.85900100,-15.98242000,6.16299100,17.38614000,23.76003000,263.36130000,0,0,1,0,
	3.86494600,-16.21752000,6.21599100,17.40080000,23.84002000,270.16130000,0,0,1,0,
	3.87077200,-16.21752000,6.21599100,17.40080000,23.92002000,272.80130000,0,0,1,0,
	3.87767200,-16.21752000,6.21599100,17.40080000,23.92002000,275.44130000,0,0,1,0,
	3.88477200,-16.44929000,6.26259000,17.44918000,24.00002000,278.40130000,0,0,1,0,
	3.89528800,-16.44929000,6.26259000,17.44918000,24.08003000,281.36130000,0,0,1,0,
	3.90203500,-16.67358000,6.30279000,17.52738000,24.16002000,285.84130000,0,0,1,0,
	3.91016800,-16.67358000,6.30279000,17.52738000,24.24002000,288.96120000,0,0,1,0,
	3.91572700,-16.67358000,6.30279000,17.52738000,24.32002000,292.48130000,0,0,1,0,
	3.92194200,-16.88343000,6.33659000,17.64124000,24.40002000,295.12130000,0,0,1,0,
	3.93038900,-16.88343000,6.33659000,17.64124000,24.48002000,297.92130000,0,0,1,0,
	3.93546200,-16.88343000,6.33659000,17.64124000,24.56002000,301.20130000,0,0,1,0,
	3.94058900,-17.07503000,6.36399000,17.78549000,24.72002000,304.16130000,0,0,1,0,
	3.94672300,-17.07503000,6.36399000,17.78549000,24.80002000,306.32130000,0,0,1,0,
	3.95168000,-17.07503000,6.36399000,17.78549000,24.88002000,308.96120000,0,0,1,0,
	3.96118500,-17.24702000,6.38499000,17.95422000,24.96002000,311.12130000,0,0,1,0,
	3.96760500,-17.24702000,6.38499000,17.95422000,25.04002000,315.04130000,0,0,1,0,
	3.97362700,-17.24702000,6.38499000,17.95422000,25.20002000,318.08130000,0,0,1,0,
	3.97992600,-17.38947000,6.39959000,18.14998000,25.28002000,320.64130000,0,0,1,0,
	3.98813600,-17.38947000,6.39959000,18.14998000,25.36002000,322.96130000,0,0,1,0,
	3.99305800,-17.38947000,6.39959000,18.14998000,25.44003000,326.32130000,0,0,1,0,
	3.99794900,-17.38947000,6.39959000,18.14998000,25.52002000,328.24130000,0,0,1,0,
	4.00307100,-17.49801000,6.40779000,18.36802000,25.60002000,330.24130000,0,0,1,0,
	4.00804100,-17.49801000,6.40779000,18.36802000,25.68002000,332.56130000,0,0,1,0,
	4.01477100,-17.49801000,6.40779000,18.36802000,25.68002000,334.56130000,0,0,1,0,
	4.01981100,-17.57975000,6.40959000,18.59861000,25.84002000,337.20130000,0,0,1,0,
	4.02620800,-17.57975000,6.40959000,18.59861000,25.84002000,339.20130000,0,0,1,0,
	4.03105400,-17.57975000,6.40959000,18.59861000,25.92002000,341.44130000,0,0,1,0,
	4.03730400,-17.57975000,6.40959000,18.59861000,26.00002000,343.44130000,0,0,1,0,
	4.04285800,-17.62593000,6.40499000,18.84030000,26.08002000,345.92130000,0,0,1,0,
	4.05151500,-17.62593000,6.40499000,18.84030000,26.16002000,348.08130000,0,0,1,0,
	4.05770100,-17.62593000,6.40499000,18.84030000,26.32003000,351.76130000,0,0,1,0,
	4.06289900,-17.63848000,6.39399000,19.08713000,26.32002000,353.84130000,0,0,1,0,
	4.07257000,-17.63848000,6.39399000,19.08713000,26.40002000,355.84130000,0,0,1,0,
	4.07927000,-17.63848000,6.39399000,19.08713000,26.48002000,359.36130000,0,0,1,0,
	4.09404200,-17.61894000,6.37659000,19.33456000,26.48002000,1.28129900,0,0,1,0,
	4.10009900,-17.57499000,6.35279000,19.57902000,26.56002000,6.96131100,0,0,1,0,
	4.10991900,-17.57499000,6.35279000,19.57902000,26.64002000,8.88130600,0,0,1,0,
	4.11517100,-17.57499000,6.35279000,19.57902000,26.64002000,12.56130000,0,0,1,0,
	4.12097300,-17.49949000,6.32259000,19.81673000,26.72002000,14.40130000,0,0,1,0,
	4.13476100,-17.49949000,6.32259000,19.81673000,26.72002000,16.40132000,0,0,1,0,
	4.13886200,-17.49949000,6.32259000,19.81673000,26.72002000,21.20130000,0,0,1,0,
	4.14494600,-17.39100000,6.28599000,20.04229000,26.72002000,22.48128000,0,0,1,0,
	4.15220300,-17.39100000,6.28599000,20.04229000,26.72002000,24.48129000,0,0,1,0,
	4.15784800,-17.39100000,6.28599000,20.04229000,26.72002000,26.80129000,0,0,1,0,
	4.16492600,-17.25813000,6.24299000,20.25562000,26.80002000,28.72131000,0,0,1,0,
	4.17477800,-17.25813000,6.24299000,20.25562000,26.80002000,31.04131000,0,0,1,0,
	4.18791900,-17.10467000,6.19359000,20.45559000,26.80002000,34.32133000,0,0,1,0,
	4.19472700,-17.10467000,6.19359000,20.45559000,26.96002000,38.96133000,0,0,1,0,
	4.20088400,-16.92715000,6.13779000,20.63550000,27.04002000,41.44134000,0,0,1,0,
	4.20666900,-16.92715000,6.13779000,20.63550000,27.04002000,43.44135000,0,0,1,0,
	4.21389800,-16.92715000,6.13779000,20.63550000,27.12002000,45.44134000,0,0,1,0,
	4.22214100,-16.73083000,6.07559000,20.79628000,27.12002000,47.52132000,0,0,1,0,
	4.23215800,-16.73083000,6.07559000,20.79628000,27.20002000,50.00134000,0,0,1,0,
	4.24115400,-16.52096000,6.18619000,20.94022000,27.28002000,52.40133000,0,0,1,0,
	4.24873400,-16.52096000,6.18619000,20.94022000,27.28002000,54.72132000,0,0,1,0,
	4.25913900,-16.52096000,6.18619000,20.94022000,27.28002000,56.16135000,0,0,1,0,
	4.26471400,-16.29778000,6.29039000,21.06442000,27.28002000,57.76136000,0,0,1,0,
	4.27108700,-16.29778000,6.29039000,21.06442000,27.28002000,58.48135000,0,0,1,0,
	4.27703500,-16.29778000,6.29039000,21.06442000,27.28002000,59.04134000,0,0,1,0,
	4.28158200,-16.07056000,6.38819000,21.18190000,27.28002000,59.52136000,0,0,1,0,
	4.29036700,-16.07056000,6.38819000,21.18190000,27.28002000,59.68136000,0,0,1,1,
	4.29639600,-16.07056000,6.38819000,21.18190000,27.36002000,59.84138000,0,0,1,1,
	4.29998700,-15.84298000,6.47959000,21.29877000,27.36002000,59.84138000,0,0,0,1,
	4.30547300,-15.84298000,6.47959000,21.29877000,27.36002000,59.84138000,0,0,0,1,
	4.30850200,-15.84298000,6.47959000,21.29877000,27.36002000,59.84138000,0,0,0,1,
	4.31265600,-15.84298000,6.47959000,21.29877000,27.36002000,59.84138000,0,0,0,1,
	4.32042800,-15.62929000,6.56459000,21.43954000,27.36002000,59.76138000,0,0,0,1,
	4.32691000,-15.62929000,6.56459000,21.43954000,27.44002000,59.44138000,0,0,0,1,
	4.33454600,-15.62929000,6.56459000,21.43954000,27.60002000,59.04137000,0,0,0,1,
	4.34060000,-15.41856000,6.64319000,21.58520000,27.68002000,58.48137000,0,0,0,1,
	4.34811500,-15.41856000,6.64319000,21.58520000,27.76002000,57.84136000,0,0,0,1,
	4.36083000,-15.21148000,6.71539000,21.73657000,27.92002000,56.96136000,0,0,0,1,
	4.36813200,-15.21148000,6.71539000,21.73657000,28.16002000,54.88138000,0,0,0,1,
	4.37389600,-15.21148000,6.71539000,21.73657000,28.24002000,53.28136000,0,0,0,1,
	4.37919300,-15.21148000,6.71539000,21.73657000,28.40002000,51.92139000,0,0,0,1,
	4.38454900,-15.02145000,6.78119000,21.91054000,28.48002000,50.64138000,0,0,0,1,
	4.39165900,-15.02145000,6.78119000,21.91054000,28.56002000,49.20139000,0,0,0,1,
	4.39905900,-15.02145000,6.78119000,21.91054000,28.72002000,47.20137000,0,0,0,1,
	4.40510400,-14.84890000,6.84059000,22.10314000,28.80002000,44.96140000,0,0,0,1,
	4.41109600,-14.84890000,6.84059000,22.10314000,28.88002000,43.28139000,0,0,0,1,
	4.41977300,-14.68865000,6.89359000,22.30688000,29.04002000,41.28140000,0,0,0,1,
	4.43258500,-14.68865000,6.89359000,22.30688000,29.20002000,38.56140000,0,0,0,1,
	4.43681600,-14.68865000,6.89359000,22.30688000,29.44002000,34.08140000,0,0,0,1,
	4.44262000,-14.56032000,6.94019000,22.53319000,29.52002000,32.64138000,0,0,0,1,
	4.44913600,-14.56032000,6.94019000,22.53319000,29.60002000,30.64139000,0,0,0,1,
	4.45365400,-14.56032000,6.94019000,22.53319000,29.76002000,28.72136000,0,0,0,1,
	4.46185600,-14.45551000,6.98039000,22.77238000,29.84002000,26.72137000,0,0,0,1,
	4.46863900,-14.45551000,6.98039000,22.77238000,29.92002000,23.60138000,0,0,0,1,
	4.47481600,-14.45551000,6.98039000,22.77238000,30.00002000,20.96137000,0,0,0,1,
	4.48079700,-14.38578000,7.01419000,23.02518000,30.08002000,18.48136000,0,0,0,1,
	4.48662400,-14.38578000,7.01419000,23.02518000,30.08002000,16.16133000,0,0,0,1,
	4.49377100,-14.38578000,7.01419000,23.02518000,30.08002000,13.76134000,0,0,0,1,
	4.50002500,-14.34952000,7.04159000,23.28599000,30.08002000,10.96137000,0,0,0,1,
	4.50661700,-14.34952000,7.04159000,23.28599000,30.08002000,8.32133900,0,0,0,1,
	4.51208600,-14.34952000,7.04159000,23.28599000,30.08002000,5.68133500,0,0,0,1,
	4.51802500,-14.34952000,7.04159000,23.28599000,30.08002000,3.68134500,0,0,0,1,
	4.52387900,-14.35842000,7.06259000,23.55057000,30.08002000,1.04131400,0,0,0,1,
	4.53509600,-14.35842000,7.06259000,23.55057000,30.08002000,358.72130000,0,0,0,1,
	4.54014000,-14.39784000,7.07718900,23.81301000,30.08002000,354.48130000,0,0,0,1,
	4.54682100,-14.39784000,7.07718900,23.81301000,30.08002000,352.64130000,0,0,0,1,
	4.55207500,-14.39784000,7.07718900,23.81301000,30.00002000,350.00130000,0,0,0,1,
	4.55887400,-14.39784000,7.07718900,23.81301000,30.00002000,348.00130000,0,0,0,1,
	4.56398500,-14.47835000,7.08539000,24.06732000,29.92002000,345.44130000,0,0,0,1,
	4.56911200,-14.47835000,7.08539000,24.06732000,29.92002000,343.60130000,0,0,0,1,
	4.57499000,-14.47835000,7.08539000,24.06732000,29.84002000,341.60130000,0,0,0,1,
	4.58159300,-14.58672000,7.08719000,24.31215000,29.76002000,339.12130000,0,0,0,1,
	4.58667100,-14.58672000,7.08719000,24.31215000,29.68002000,336.64130000,0,0,0,1,
	4.59205000,-14.58672000,7.08719000,24.31215000,29.60002000,334.64130000,0,0,0,1,
	4.59655300,-14.58672000,7.08719000,24.31215000,29.44002000,332.40130000,0,0,0,1,
	4.60150600,-14.73131000,7.08259000,24.53909000,29.36002000,330.48130000,0,0,0,1,
	4.60658700,-14.73131000,7.08259000,24.53909000,29.28002000,328.48130000,0,0,0,1,
	4.61160900,-14.73131000,7.08259000,24.53909000,29.12002000,326.48130000,0,0,0,1,
	4.62373600,-14.89908000,7.07158900,24.75070000,29.04002000,324.56130000,0,0,0,1,
	4.62977600,-14.89908000,7.07158900,24.75070000,28.72002000,320.16130000,0,0,0,1,
	4.63724400,-14.89908000,7.07158900,24.75070000,28.48002000,317.84130000,0,0,0,1,
	4.64299500,-15.10050000,7.05419000,24.93206000,28.24002000,314.96130000,0,0,0,1,
	4.64997000,-15.10050000,7.05419000,24.93206000,28.08002000,313.20120000,0,0,0,1,
	4.65518800,-15.10050000,7.05419000,24.93206000,27.84002000,311.04130000,0,0,0,1,
	4.66093600,-15.31960000,7.03039000,25.09318000,27.68002000,309.28130000,0,0,0,1,
	4.66973200,-15.31960000,7.03039000,25.09318000,27.44002000,307.28130000,0,0,0,1,
	4.67649700,-15.31960000,7.03039000,25.09318000,27.12002000,304.40120000,0,0,0,1,
	4.68282000,-15.55709000,7.00019000,25.22777000,26.88002000,302.48120000,0,0,0,1,
	4.69365500,-15.55709000,7.00019000,25.22777000,26.72002000,300.72120000,0,0,0,1,
	4.69988300,-15.80526000,6.96359000,25.34302000,26.32002000,297.84120000,0,0,0,1,
	4.70550500,-15.80526000,6.96359000,25.34302000,26.08002000,295.92120000,0,0,0,1,
	4.71085600,-15.80526000,6.96359000,25.34302000,25.92002000,294.56120000,0,0,0,1,
	4.71713200,-15.80526000,6.96359000,25.34302000,25.76002000,293.20120000,0,0,0,1,
	4.72244900,-16.06540000,6.92058900,25.43137000,25.52002000,291.68120000,0,0,0,1,
	4.72870900,-16.06540000,6.92058900,25.43137000,25.36002000,290.56120000,0,0,0,1,
	4.73548700,-16.06540000,6.92058900,25.43137000,25.28002000,289.60130000,0,0,0,1,
	4.74116400,-16.33043000,6.87119000,25.50600000,25.12002000,288.64130000,0,0,0,1,
	4.74697800,-16.33043000,6.87119000,25.50600000,25.04002000,288.16130000,0,0,0,1,
	4.75321400,-16.33043000,6.87119000,25.50600000,24.96002000,287.76120000,0,0,0,1,
	4.75700500,-16.33043000,6.87119000,25.50600000,24.96002000,287.60130000,0,0,0,1,
	4.75985800,-16.59700000,6.98179000,25.57588000,24.96002000,287.60130000,0,0,0,1,
	4.76377600,-16.59700000,6.98179000,25.57588000,24.96002000,287.60130000,0,0,0,1,
	4.76640500,-16.59700000,6.98179000,25.57588000,24.96002000,287.60130000,0,0,0,1,
	4.77139700,-16.59700000,6.98179000,25.57588000,24.96002000,287.60130000,0,0,0,1,
	4.77560900,-16.59700000,6.98179000,25.57588000,24.88002000,287.76120000,0,0,0,1,
	4.78023300,-16.86357000,7.08598900,25.64576000,24.88002000,287.92130000,0,0,0,1,
	4.79075400,-16.86357000,7.08598900,25.64576000,24.80002000,288.16130000,0,0,1,1,
	4.80470000,-17.13014000,7.18378900,25.71564000,24.72002000,289.04130000,0,0,1,0,
	4.81157400,-17.13014000,7.18378900,25.71564000,24.72002000,290.72130000,0,0,1,0,
	4.81955300,-17.38175000,7.27518900,25.82438000,24.72002000,291.76130000,0,0,1,0,
	4.82584100,-17.38175000,7.27518900,25.82438000,24.72002000,293.20120000,0,0,1,0,
	4.83252400,-17.38175000,7.27518900,25.82438000,24.72002000,294.56120000,0,0,1,0,
	4.83775900,-17.38175000,7.27518900,25.82438000,24.72003000,296.16130000,0,0,1,0,
	4.84316000,-17.61925000,7.36018900,25.96347000,24.72002000,297.44130000,0,0,1,0,
	4.85068800,-17.61925000,7.36018900,25.96347000,24.72002000,298.56120000,0,0,1,0,
	4.85579600,-17.61925000,7.36018900,25.96347000,24.72002000,300.96120000,0,0,1,0,
	4.86794600,-17.84431000,7.43878900,26.12335000,24.72002000,302.48120000,0,0,1,0,
	4.87591100,-17.84431000,7.43878900,26.12335000,24.80002000,306.48120000,0,0,1,0,
	4.89288700,-18.04990000,7.51098900,26.30860000,24.88002000,309.12120000,0,0,1,0,
	4.90265900,-18.23282000,7.57678900,26.51596000,24.96002000,315.68120000,0,0,1,0,
	4.90960500,-18.23282000,7.57678900,26.51596000,25.04002000,319.92120000,0,0,1,0,
	4.91561000,-18.23282000,7.57678900,26.51596000,25.04002000,322.96120000,0,0,1,0,
	4.92583900,-18.37982000,7.63618900,26.75111000,25.12002000,325.36120000,0,0,1,0,
	4.93228000,-18.37982000,7.63618900,26.75111000,25.20002000,329.84120000,0,0,1,0,
	4.93952300,-18.49771000,7.68918900,27.00248000,25.28002000,332.48130000,0,0,1,0,
	4.94508200,-18.49771000,7.68918900,27.00248000,25.36002000,335.76130000,0,0,1,0,
	4.95203600,-18.49771000,7.68918900,27.00248000,25.36002000,337.92130000,0,0,1,0,
	4.95969700,-18.57895000,7.73578900,27.26856000,25.44002000,340.80130000,0,0,1,0,
	4.96576900,-18.57895000,7.73578900,27.26856000,25.60003000,343.84130000,0,0,1,0,
	4.97180100,-18.57895000,7.73578900,27.26856000,25.60003000,346.32130000,0,0,1,0,
	4.97621500,-18.57895000,7.73578900,27.26856000,25.68002000,348.40130000,0,0,1,0,
	4.98164900,-18.61359000,7.77598900,27.54565000,25.76002000,350.00130000,0,0,1,0,
	4.98924600,-18.61359000,7.77598900,27.54565000,25.84002000,352.24130000,0,0,1,0,
	4.99468000,-18.61359000,7.77598900,27.54565000,26.00002000,355.04130000,0,0,1,0,
	5.00366900,-18.61406000,7.80978900,27.82590000,26.08002000,357.04130000,0,0,1,0,
	5.00982900,-18.61406000,7.80978900,27.82590000,26.16002000,0.16125710,0,0,1,0,
	5.02767800,-18.59105000,7.83718900,28.10585000,26.24002000,1.84123800,0,0,1,0,
	5.03358200,-18.59105000,7.83718900,28.10585000,26.48002000,8.48124800,0,0,1,0,
	5.03781500,-18.59105000,7.83718900,28.10585000,26.56002000,10.48126000,0,0,1,0,
	5.04353000,-18.52125000,7.85818900,28.37819000,26.56002000,11.52125000,0,0,1,0,
	5.05082500,-18.52125000,7.85818900,28.37819000,26.64002000,13.52127000,0,0,1,0,
	5.05979800,-18.43132000,7.87278900,28.64526000,26.64002000,15.76125000,0,0,1,0,
	5.06709100,-18.43132000,7.87278900,28.64526000,26.72002000,18.40128000,0,0,1,0,
	5.07263700,-18.43132000,7.87278900,28.64526000,26.72002000,20.32130000,0,0,1,0,
	5.07922900,-18.43132000,7.87278900,28.64526000,26.72002000,21.92128000,0,0,1,0,
	5.08388200,-18.30603000,7.88098900,28.89902000,26.80002000,23.44127000,0,0,1,0,
	5.09159400,-18.30603000,7.88098900,28.89902000,26.80002000,24.72128000,0,0,1,0,
	5.09873100,-18.30603000,7.88098900,28.89902000,26.80002000,26.64130000,0,0,1,0,
	5.10409700,-18.15955000,7.88278900,29.14214000,26.88002000,28.24131000,0,0,1,0,
	5.10967800,-18.15955000,7.88278900,29.14214000,26.88002000,29.44132000,0,0,1,0,
	5.11586800,-18.15955000,7.88278900,29.14214000,26.88002000,30.72130000,0,0,1,0,
	5.12176600,-17.99707000,7.87818900,29.37574000,26.96002000,32.00130000,0,0,1,0,
	5.13169500,-17.99707000,7.87818900,29.37574000,26.96002000,33.36131000,0,0,1,0,
	5.13717900,-17.99707000,7.87818900,29.37574000,27.04002000,35.28130000,0,0,1,0,
	5.14256900,-17.81795000,7.86718900,29.59778000,27.04002000,36.08131000,0,0,1,0,
	5.15302100,-17.81795000,7.86718900,29.59778000,27.04002000,37.20129000,0,0,1,0,
	5.15967200,-17.62787000,7.84978900,29.81119000,27.04002000,38.88127000,0,0,1,0,
	5.16655400,-17.62787000,7.84978900,29.81119000,27.04002000,40.16128000,0,0,1,0,
	5.17298600,-17.62787000,7.84978900,29.81119000,27.12002000,41.20130000,0,0,1,0,
	5.18175100,-17.42546000,7.82598900,30.01386000,27.12002000,42.16130000,0,0,1,0,
	5.18873500,-17.42546000,7.82598900,30.01386000,27.12002000,43.60129000,0,0,1,0,
	5.19606400,-17.42546000,7.82598900,30.01386000,27.12002000,44.88130000,0,0,1,0,
	5.20171600,-17.20970000,7.79578900,30.20331000,27.12002000,45.92128000,0,0,1,0,
	5.20812500,-17.20970000,7.79578900,30.20331000,27.12002000,47.12130000,0,0,1,0,
	5.21420000,-17.20970000,7.79578900,30.20331000,27.12002000,48.00132000,0,0,1,0,
	5.22745500,-16.98295000,7.75918900,30.38053000,27.12002000,49.20133000,0,0,1,0,
	5.23502800,-16.98295000,7.75918900,30.38053000,27.12002000,51.36131000,0,0,1,0,
	5.24085200,-16.74530000,7.71618900,30.54383000,27.12002000,52.72132000,0,0,1,0,
	5.24818700,-16.74530000,7.71618900,30.54383000,27.12002000,53.52129000,0,0,1,0,
	5.25562300,-16.74530000,7.71618900,30.54383000,27.12002000,54.64130000,0,0,1,0,
	5.26318700,-16.49949000,7.66678900,30.69566000,27.12002000,55.52131000,0,0,1,0,
	5.27194500,-16.49949000,7.66678900,30.69566000,27.12002000,56.48130000,0,0,1,0,
	5.27721000,-16.49949000,7.66678900,30.69566000,27.12002000,57.36131000,0,0,1,0,
	5.28310600,-16.24732000,7.61098900,30.83767000,27.12002000,57.84130000,0,0,1,0,
	5.29199300,-16.24732000,7.61098900,30.83767000,27.04002000,58.24131000,0,0,1,0,
	5.29641800,-16.24732000,7.61098900,30.83767000,26.96002000,58.80130000,0,0,1,0,
	5.30144900,-15.99222000,7.54878900,30.97485000,26.96002000,58.96130000,0,0,1,0,
	5.30634500,-15.99222000,7.54878900,30.97485000,26.96002000,59.12130000,0,0,1,0,
	5.31012200,-15.99222000,7.54878900,30.97485000,26.96002000,59.20131000,0,0,1,0,
	5.31443400,-15.99222000,7.54878900,30.97485000,26.96002000,59.20131000,0,0,1,0,
	5.31706200,-15.99222000,7.54878900,30.97485000,26.96002000,59.20131000,0,0,1,0,
	5.32045700,-15.73648000,7.48018900,31.11098000,26.96002000,59.20131000,0,0,1,0,
	5.32513000,-15.73648000,7.48018900,31.11098000,26.96002000,59.20131000,0,0,1,1,
	5.32995300,-15.73648000,7.48018900,31.11098000,26.96002000,59.20131000,0,0,1,1,
	5.33314600,-15.73648000,7.48018900,31.11098000,26.96002000,59.20131000,0,0,1,1,
	5.33565800,-15.73648000,7.48018900,31.11098000,26.96002000,59.20131000,0,0,1,1,
	5.33836100,-15.73648000,7.48018900,31.11098000,26.96002000,59.20131000,0,0,1,1,
	5.34139500,-15.48075000,7.40518900,31.24712000,26.96002000,59.20131000,0,0,1,1,
	5.34601300,-15.48075000,7.40518900,31.24712000,26.96002000,59.20131000,0,0,0,1,
	5.35177500,-15.48075000,7.40518900,31.24712000,26.96002000,59.20131000,0,0,0,1,
	5.35847300,-15.48075000,7.40518900,31.24712000,26.96002000,59.12130000,0,0,0,1,
	5.36866800,-15.24024000,7.32378900,31.40867000,26.96002000,58.88132000,0,0,0,1,
	5.37490200,-15.24024000,7.32378900,31.40867000,26.88002000,58.24131000,0,0,0,1,
	5.38215500,-15.00273000,7.23598900,31.57501000,26.88002000,57.76128000,0,0,0,1,
	5.38764900,-15.00273000,7.23598900,31.57501000,26.88002000,57.04129000,0,0,0,1,
	5.39613200,-15.00273000,7.23598900,31.57501000,26.88002000,56.48130000,0,0,0,1,
	5.40199000,-14.77246000,7.14178900,31.75210000,26.80002000,55.20130000,0,0,0,1,
	5.40710000,-14.77246000,7.14178900,31.75210000,26.80002000,54.08128000,0,0,0,1,
	5.41493700,-14.77246000,7.14178900,31.75210000,26.80002000,53.28131000,0,0,0,1,
	5.42913000,-14.55298000,7.04118900,31.94340000,26.72002000,51.68130000,0,0,0,1,
	5.43460200,-14.55298000,7.04118900,31.94340000,26.56002000,48.64128000,0,0,0,1,
	5.43859500,-14.55298000,7.04118900,31.94340000,26.56002000,47.28131000,0,0,0,1,
	5.44452600,-14.35147000,7.15178900,32.15461000,26.56002000,46.40131000,0,0,0,1,
	5.45208300,-14.35147000,7.15178900,32.15461000,26.48003000,45.12131000,0,0,0,1,
	5.46105200,-14.16048000,7.25598900,32.37605000,26.48002000,43.52129000,0,0,0,1,
	5.46787000,-14.16048000,7.25598900,32.37605000,26.48002000,41.76129000,0,0,0,1,
	5.47386100,-14.16048000,7.25598900,32.37605000,26.48002000,40.40132000,0,0,0,1,
	5.47972000,-13.98462000,7.35378900,32.61058000,26.48003000,39.60131000,0,0,0,1,
	5.48588400,-13.98462000,7.35378900,32.61058000,26.48002000,38.72131000,0,0,0,1,
	5.49286000,-13.98462000,7.35378900,32.61058000,26.40002000,38.08130000,0,0,0,1,
	5.49677200,-13.98462000,7.35378900,32.61058000,26.40002000,37.44128000,0,0,0,1,
	5.50228100,-13.81876000,7.44518900,32.85292000,26.40002000,37.12127000,0,0,0,1,
	5.50650700,-13.81876000,7.44518900,32.85292000,26.40002000,36.88129000,0,0,0,1,
	5.51017000,-13.81876000,7.44518900,32.85292000,26.32002000,36.72130000,0,0,0,1,
	5.51486700,-13.81876000,7.44518900,32.85292000,26.32002000,36.64130000,0,0,1,1,
	5.51964000,-13.65486000,7.53018900,33.09673000,26.32002000,36.64130000,0,0,1,1,
	5.52407600,-13.65486000,7.53018900,33.09673000,26.32002000,36.64130000,0,0,1,0,
	5.52918100,-13.65486000,7.53018900,33.09673000,26.32002000,36.64130000,0,0,1,0,
	5.53228000,-13.65486000,7.53018900,33.09673000,26.32002000,36.64130000,0,0,1,0,
	5.53558800,-13.65486000,7.53018900,33.09673000,26.32002000,36.64130000,0,0,1,0,
	5.53850300,-13.65486000,7.53018900,33.09673000,26.32002000,36.64130000,0,0,1,0,
	5.54159600,-13.46850000,7.60878900,33.32384000,26.32002000,36.64130000,0,0,1,0,
	5.54519600,-13.46850000,7.60878900,33.32384000,26.32002000,36.64130000,0,0,1,0,
	5.54823800,-13.46850000,7.60878900,33.32384000,26.32002000,36.64130000,0,0,1,0,
	5.55090400,-13.46850000,7.60878900,33.32384000,26.32002000,36.64130000,0,0,1,0,
	5.55381900,-13.46850000,7.60878900,33.32384000,26.32002000,36.64130000,0,0,1,0,
	5.55705500,-13.46850000,7.60878900,33.32384000,26.32002000,36.64130000,0,0,1,0,
	5.55985600,-13.28213000,7.68098900,33.55094000,26.32002000,36.64130000,0,0,1,0,
	5.56354000,-13.28213000,7.68098900,33.55094000,26.32002000,36.64130000,0,0,1,0,
	5.56631300,-13.28213000,7.68098900,33.55094000,26.32002000,36.64130000,0,0,1,0,
	5.56957200,-13.28213000,7.68098900,33.55094000,26.32002000,36.64130000,0,0,1,0,
	5.57237600,-13.28213000,7.68098900,33.55094000,26.32002000,36.64130000,0,0,1,0,
	5.57526300,-13.28213000,7.68098900,33.55094000,26.32002000,36.64130000,0,0,1,0,
	5.57785400,-13.28213000,7.68098900,33.55094000,26.32002000,36.64130000,0,0,1,0,
	5.58056300,-13.09577000,7.74678900,33.77805000,26.32002000,36.64130000,0,0,1,0,
	5.58448800,-13.09577000,7.74678900,33.77805000,26.32002000,36.64130000,0,0,1,0,
	5.58707300,-13.09577000,7.74678900,33.77805000,26.32002000,36.64130000,0,0,1,0,
	5.59061400,-13.09577000,7.74678900,33.77805000,26.32002000,36.64130000,0,0,1,0,
	5.59327300,-13.09577000,7.74678900,33.77805000,26.32002000,36.64130000,0,0,1,0,
	5.59792500,-13.09577000,7.74678900,33.77805000,26.32002000,36.64130000,0,0,0,0,
	5.60239500,-12.90941000,7.80618900,34.00515000,26.32002000,36.64130000,0,0,0,0,
	5.60603200,-12.90941000,7.80618900,34.00515000,26.32002000,36.64130000,0,0,0,0,
	5.60862500,-12.90941000,7.80618900,34.00515000,26.32002000,36.64130000,0,0,0,0,
	5.61185200,-12.90941000,7.80618900,34.00515000,26.32002000,36.64130000,0,0,0,0,
	5.61594500,-12.90941000,7.80618900,34.00515000,26.32002000,36.64130000,0,0,0,0,
	5.61923000,-12.90941000,7.80618900,34.00515000,26.24002000,36.64130000,0,0,0,0,
	5.62187500,-12.72304000,7.85918900,34.23225000,26.24002000,36.64130000,0,0,0,0,
	5.62582500,-12.72304000,7.85918900,34.23225000,26.24002000,36.64130000,0,0,0,0,
	5.62845200,-12.72304000,7.85918900,34.23225000,26.24002000,36.64130000,0,0,0,0,
	5.63132000,-12.72304000,7.85918900,34.23225000,26.24002000,36.64130000,0,0,0,0,
	5.63407100,-12.72304000,7.85918900,34.23225000,26.24002000,36.64130000,0,0,0,0,
	5.63668600,-12.72304000,7.85918900,34.23225000,26.24002000,36.64130000,0,0,0,0,
	5.63970100,-12.53668000,7.90578900,34.45936000,26.24002000,36.64130000,0,0,0,0,
	5.64313100,-12.53668000,7.90578900,34.45936000,26.24002000,36.64130000,0,0,0,0,
	5.64618200,-12.53668000,7.90578900,34.45936000,26.24002000,36.64130000,0,0,0,0,
	5.64918600,-12.53668000,7.90578900,34.45936000,26.24002000,36.64130000,0,0,0,0,
	5.65243000,-12.53668000,7.90578900,34.45936000,26.24002000,36.64130000,0,0,0,0,
	5.65504000,-12.53668000,7.90578900,34.45936000,26.24002000,36.64130000,0,0,0,0,
	5.65942700,-12.35031000,7.94598900,34.68646000,26.24002000,36.64130000,0,1,0,0,
	5.66453200,-12.35031000,7.94598900,34.68646000,26.24002000,36.64130000,0,1,0,0,
	5.66830300,-12.35031000,7.94598900,34.68646000,26.24002000,36.64130000,0,1,0,0,
	5.67151500,-12.35031000,7.94598900,34.68646000,26.24002000,36.64130000,0,1,0,0,
	5.67538200,-12.35031000,7.94598900,34.68646000,26.24002000,36.64130000,0,1,0,0,
end
