map
	ez_square2
end

values
	0.00703820,2.90542500,1.90000000,-4.59700900,13.04000000,17.27999000,1,0,0,0,
	0.01320260,2.90542500,1.90000000,-4.59700900,13.12000000,17.27999000,1,0,0,0,
	0.01849400,2.91151000,1.90000000,-4.57744900,13.28000000,17.27999000,1,0,0,0,
	0.02366350,2.91151000,1.90000000,-4.57744900,13.36000000,17.27999000,1,0,0,0,
	0.02771760,2.91151000,1.90000000,-4.57744900,13.44000000,17.27999000,1,0,0,0,
	0.03315390,2.91151000,1.90000000,-4.57744900,13.44000000,17.27999000,1,0,0,0,
	0.03811390,2.91996600,1.90000000,-4.55026800,13.51999000,17.27999000,1,0,0,0,
	0.04320410,2.91996600,1.90000000,-4.55026800,13.60000000,17.27999000,1,0,0,0,
	0.04928190,2.91996600,1.90000000,-4.55026800,13.75999000,17.27999000,1,0,0,0,
	0.05472430,2.91996600,1.90000000,-4.55026800,13.92000000,17.27999000,1,0,0,0,
	0.06012660,2.93098400,1.90000000,-4.51484900,14.08000000,17.27999000,1,0,0,0,
	0.06638560,2.93098400,1.90000000,-4.51484900,14.15999000,17.27999000,1,0,0,0,
	0.07066330,2.93098400,1.90000000,-4.51484900,14.31999000,17.27999000,1,0,0,0,
	0.07718710,2.94389600,1.90000000,-4.47334100,14.39999000,17.27999000,1,0,0,0,
	0.08288050,2.94389600,1.90000000,-4.47334100,14.55999000,17.27999000,1,0,0,0,
	0.08836470,2.94389600,1.90000000,-4.47334100,14.63999000,17.27999000,1,0,0,0,
	0.09274200,2.94389600,1.90000000,-4.47334100,14.80000000,17.35999000,1,0,0,0,
	0.09855080,2.95944600,1.90000000,-4.42340600,14.87999000,17.35999000,1,0,0,0,
	0.10464170,2.95944600,1.90000000,-4.42340600,15.04000000,17.35999000,1,0,0,0,
	0.11038460,2.95944600,1.90000000,-4.42340600,15.12000000,17.35999000,1,0,0,0,
	0.11655210,2.97712100,1.90000000,-4.36674000,15.28000000,17.43999000,1,0,0,0,
	0.12229780,2.97712100,1.90000000,-4.36674000,15.43999000,17.43999000,1,0,0,0,
	0.12654560,2.97712100,1.90000000,-4.36674000,15.51999000,17.51999000,1,0,0,0,
	0.13257540,2.97712100,1.90000000,-4.36674000,15.67999000,17.51999000,1,0,0,0,
	0.13867160,2.99751300,1.90000000,-4.30162500,15.83999000,17.59999000,1,0,0,0,
	0.14632610,2.99751300,1.90000000,-4.30162500,16.00000000,17.67999000,1,0,0,0,
	0.15153310,2.99751300,1.90000000,-4.30162500,16.15999000,17.75999000,1,0,0,0,
	0.15742620,3.02028500,1.90000000,-4.22930900,16.23999000,17.75999000,1,0,0,0,
	0.16242770,3.02028500,1.90000000,-4.22930900,16.39999000,17.83999000,1,0,0,0,
	0.16760220,3.02028500,1.90000000,-4.22930900,16.47999000,17.91999000,1,0,0,0,
	0.17438860,3.02028500,1.90000000,-4.22930900,16.63999000,17.91999000,1,0,0,0,
	0.18083480,3.04597700,1.90000000,-4.14832800,16.79999000,17.99999000,1,0,0,0,
	0.18655140,3.04597700,1.90000000,-4.14832800,16.95999000,18.07999000,1,0,0,0,
	0.19127180,3.04597700,1.90000000,-4.14832800,17.03999000,18.07999000,1,0,0,0,
	0.19815770,3.07385900,1.90000000,-4.06095700,17.11999000,18.15999000,1,0,0,0,
	0.20317150,3.07385900,1.90000000,-4.06095700,17.27999000,18.23999000,1,0,0,0,
	0.20880660,3.07385900,1.90000000,-4.06095700,17.35999000,18.23999000,1,0,0,0,
	0.21485900,3.07385900,1.90000000,-4.06095700,17.43999000,18.31999000,1,0,0,0,
	0.22072500,3.10484500,1.90000000,-3.96467500,17.59999000,18.31999000,1,0,0,0,
	0.22613860,3.10484500,1.90000000,-3.96467500,17.67999000,18.39999000,1,0,0,0,
	0.23385050,3.10484500,1.90000000,-3.96467500,17.75999000,18.39999000,1,0,0,0,
	0.23832720,3.13835500,1.90000000,-3.86122700,17.83999000,18.47999000,1,0,0,0,
	0.24453580,3.13835500,1.90000000,-3.86122700,17.91999000,18.47999000,1,0,0,0,
	0.25010380,3.13835500,1.90000000,-3.86122700,17.99999000,18.55999000,1,0,0,0,
	0.25612720,3.17403800,1.90000000,-3.75164900,18.07999000,18.55999000,1,0,0,0,
	0.26358230,3.17403800,1.90000000,-3.75164900,18.23999000,18.55999000,1,0,0,0,
	0.26805590,3.17403800,1.90000000,-3.75164900,18.31999000,18.63999000,1,0,0,0,
	0.27298040,3.17403800,1.90000000,-3.75164900,18.31999000,18.63999000,1,0,0,0,
	0.28022490,3.21278500,1.90000000,-3.63344700,18.47999000,18.63999000,1,0,0,0,
	0.28675610,3.21278500,1.90000000,-3.63344700,18.55999000,18.71999000,1,0,0,0,
	0.29270910,3.21278500,1.90000000,-3.63344700,18.63999000,18.71999000,1,0,0,0,
	0.29931670,3.25418900,1.90000000,-3.50781200,18.71999000,18.71999000,1,0,0,0,
	0.30694410,3.25418900,1.90000000,-3.50781200,18.79999000,18.79999000,1,0,0,0,
	0.31342190,3.25418900,1.90000000,-3.50781200,18.95999000,18.79999000,1,0,0,0,
	0.31938570,3.29838900,1.90000000,-3.37437700,19.03999000,18.79999000,1,0,0,0,
	0.33015830,3.29838900,1.90000000,-3.37437700,19.19999000,18.79999000,1,0,0,0,
	0.33519730,3.29838900,1.90000000,-3.37437700,19.27999000,18.79999000,1,0,0,0,
	0.34140740,3.34551000,1.90000000,-3.23273400,19.43999000,18.79999000,1,0,0,0,
	0.34769110,3.34551000,1.90000000,-3.23273400,19.51999000,18.79999000,1,0,0,0,
	0.35355110,3.34551000,1.90000000,-3.23273400,19.67999000,18.71999000,1,0,0,0,
	0.36013790,3.39422100,1.90000000,-3.08663900,19.75999000,18.71999000,1,0,0,0,
	0.36707310,3.39422100,1.90000000,-3.08663900,19.91999000,18.63999000,1,0,0,0,
	0.37307170,3.39422100,1.90000000,-3.08663900,20.07999000,18.63999000,1,0,0,0,
	0.37832610,3.44297000,1.90000000,-2.94055800,20.23999000,18.55999000,1,0,0,0,
	0.38566980,3.44297000,1.90000000,-2.94055800,20.31999000,18.55999000,1,0,0,0,
	0.39279560,3.44297000,1.90000000,-2.94055800,20.47999000,18.47999000,1,0,0,0,
	0.39966080,3.49172200,1.90000000,-2.79447900,20.63999000,18.39999000,1,0,0,0,
	0.40513840,3.49172200,1.90000000,-2.79447900,20.87999000,18.31999000,1,0,0,0,
	0.41076350,3.49172200,1.90000000,-2.79447900,20.95999000,18.31999000,1,0,0,0,
	0.41697400,3.54044200,1.90000000,-2.64838700,21.19999000,18.23999000,1,0,0,0,
	0.42435630,3.54044200,1.90000000,-2.64838700,21.27999000,18.15999000,1,0,0,0,
	0.42973660,3.54044200,1.90000000,-2.64838700,21.51999000,18.07999000,1,0,0,0,
	0.43462760,3.54044200,1.90000000,-2.64838700,21.67999000,18.07999000,1,0,0,0,
	0.44053580,3.58906700,1.90000000,-2.50226200,21.83999000,17.99999000,1,0,0,0,
	0.44628260,3.58906700,1.90000000,-2.50226200,21.99999000,17.91999000,1,0,0,0,
	0.45203760,3.58906700,1.90000000,-2.50226200,22.15999000,17.83999000,1,0,0,0,
	0.45791070,3.63758300,1.90000000,-2.35609400,22.31999000,17.75999000,1,0,0,0,
	0.46513970,3.63758300,1.90000000,-2.35609400,22.47999000,17.67999000,1,0,0,0,
	0.47104600,3.63758300,1.90000000,-2.35609400,22.71999000,17.51999000,1,0,0,0,
	0.47547530,3.68592500,1.90000000,-2.20986100,22.87999000,17.43999000,1,0,0,0,
	0.48062330,3.68592500,1.90000000,-2.20986100,22.95999000,17.35999000,1,0,0,0,
	0.48620390,3.68592500,1.90000000,-2.20986100,23.11999000,17.27999000,1,0,0,0,
	0.49319380,3.68592500,1.90000000,-2.20986100,23.19999000,17.19999000,1,0,0,0,
	0.49905450,3.73400000,1.90000000,-2.06352400,23.35999000,17.03999000,1,0,0,0,
	0.50396690,3.73400000,1.90000000,-2.06352400,23.51999000,16.95999000,1,0,0,0,
	0.50871670,3.73400000,1.90000000,-2.06352400,23.59998000,16.87999000,1,0,0,0,
	0.51648350,3.78185200,1.90000000,-1.91711100,23.67999000,16.87999000,1,0,0,0,
	0.52501520,3.78185200,1.90000000,-1.91711100,23.83999000,16.71999000,1,0,0,0,
	0.52914160,3.78185200,1.90000000,-1.91711100,23.99998000,16.55999000,1,0,0,0,
	0.53472920,3.78185200,1.90000000,-1.91711100,24.07999000,16.47999000,1,0,0,0,
	0.54009530,3.82926200,1.90000000,-1.77053300,24.23999000,16.39999000,1,0,0,0,
	0.54499920,3.82926200,1.90000000,-1.77053300,24.31998000,16.31999000,1,0,0,0,
	0.54980330,3.82926200,1.90000000,-1.77053300,24.39998000,16.23999000,1,0,0,0,
	0.55666040,3.87638800,1.90000000,-1.62385400,24.47998000,16.15999000,1,0,0,0,
	0.56372060,3.87638800,1.90000000,-1.62385400,24.63998000,16.07999000,1,0,0,0,
	0.56993840,3.87638800,1.90000000,-1.62385400,24.71999000,15.91999000,1,0,0,0,
	0.57547790,3.92308900,1.90000000,-1.47701800,24.87999000,15.75999000,1,0,0,0,
	0.58131530,3.92308900,1.90000000,-1.47701800,24.95999000,15.67999000,1,0,0,0,
	0.58829630,3.92308900,1.90000000,-1.47701800,25.03999000,15.59999000,1,0,0,0,
	0.59284630,3.92308900,1.90000000,-1.47701800,25.11998000,15.43999000,1,0,0,0,
	0.59909410,3.96924900,1.90000000,-1.32999300,25.19998000,15.35999000,1,0,0,0,
	0.60461460,3.96924900,1.90000000,-1.32999300,25.27999000,15.28000000,1,0,0,0,
	0.61054650,3.96924900,1.90000000,-1.32999300,25.27998000,15.19999000,1,0,0,0,
	0.61677560,4.01496200,1.90000000,-1.18282300,25.35998000,15.11999000,1,0,0,0,
	0.62175290,4.01496200,1.90000000,-1.18282300,25.43999000,15.03999000,1,0,0,0,
	0.62719780,4.01496200,1.90000000,-1.18282300,25.51999000,14.95999000,1,0,0,0,
	0.63305070,4.01496200,1.90000000,-1.18282300,25.59998000,14.87999000,1,0,0,0,
	0.63853990,4.06008700,1.90000000,-1.03546100,25.59998000,14.80000000,1,0,0,0,
	0.64648380,4.06008700,1.90000000,-1.03546100,25.67999000,14.71999000,1,0,0,0,
	0.65198270,4.06008700,1.90000000,-1.03546100,25.75998000,14.63999000,1,0,0,0,
	0.65682780,4.10469900,1.90000000,-0.88793830,25.75998000,14.55999000,1,0,0,0,
	0.66207190,4.10469900,1.90000000,-0.88793830,25.83999000,14.55999000,1,0,0,0,
	0.66706180,4.10469900,1.90000000,-0.88793830,25.83999000,14.47999000,1,0,0,0,
	0.67265430,4.10469900,1.90000000,-0.88793830,25.91998000,14.39999000,1,0,0,0,
	0.67601050,4.14875300,1.90000000,-0.74024550,25.99999000,14.31999000,1,0,0,0,
	0.68288240,4.14875300,1.90000000,-0.74024550,25.99999000,14.31999000,1,0,0,0,
	0.68829460,4.14875300,1.90000000,-0.74024550,26.07998000,14.15999000,1,0,0,0,
	0.69367810,4.14875300,1.90000000,-0.74024550,26.15998000,14.15999000,1,0,0,0,
	0.69742100,4.19222500,1.90000000,-0.59237900,26.15998000,14.07999000,1,0,0,0,
	0.70290180,4.19222500,1.90000000,-0.59237900,26.23998000,14.00000000,1,0,0,0,
	0.70915990,4.19222500,1.90000000,-0.59237900,26.31999000,13.91999000,1,0,0,0,
	0.71433350,4.19222500,1.90000000,-0.59237900,26.31998000,13.83999000,1,0,0,0,
	0.72014230,4.23511100,1.90000000,-0.44433080,26.39998000,13.75999000,1,0,0,0,
	0.72709110,4.23511100,1.90000000,-0.44433080,26.55999000,13.68000000,1,0,0,0,
	0.73401560,4.23511100,1.90000000,-0.44433080,26.63999000,13.51999000,1,0,0,0,
	0.73915760,4.27782900,2.01060000,-0.29623220,26.71998000,13.36000000,1,0,0,0,
	0.74995080,4.27782900,2.01060000,-0.29623220,26.87999000,13.20000000,1,0,0,0,
	0.76163920,4.32054600,2.11480000,-0.14813360,27.03998000,12.96000000,1,0,0,0,
	0.76928730,4.32054600,2.11480000,-0.14813360,27.19999000,12.71999000,1,0,1,0,
	0.77628230,4.36326400,2.21260000,-0.00003496,27.27998000,12.64000000,1,0,1,0,
	0.77974670,4.36326400,2.21260000,-0.00003496,27.27998000,12.56000000,1,0,1,0,
	0.78365060,4.36326400,2.21260000,-0.00003496,27.27998000,12.56000000,1,0,1,0,
	0.78650960,4.36326400,2.21260000,-0.00003496,27.27998000,12.56000000,1,0,1,0,
	0.79056660,4.36326400,2.21260000,-0.00003496,27.27998000,12.56000000,1,0,1,0,
	0.79326290,4.36326400,2.21260000,-0.00003496,27.27998000,12.56000000,1,0,1,0,
	0.79839700,4.40598100,2.30400000,0.14806360,27.27998000,12.56000000,0,0,1,0,
	0.80505040,4.40598100,2.30400000,0.14806360,27.27998000,12.56000000,0,0,1,0,
	0.80995040,4.40598100,2.30400000,0.14806360,27.27998000,12.56000000,0,0,1,0,
	0.81496880,4.40598100,2.30400000,0.14806360,27.27998000,12.64000000,0,0,1,0,
	0.82119620,4.45393900,2.38900000,0.29499070,27.27998000,12.87999000,0,0,1,0,
	0.82818100,4.45393900,2.38900000,0.29499070,27.27998000,13.27999000,0,0,1,0,
	0.83367370,4.45393900,2.38900000,0.29499070,27.27998000,13.92000000,0,0,1,0,
	0.84267590,4.50669800,2.46760000,0.44070950,27.27998000,14.72000000,0,0,1,0,
	0.85349960,4.50669800,2.46760000,0.44070950,27.27998000,16.08000000,0,0,1,0,
	0.86094310,4.56811800,2.53980000,0.58373520,27.19998000,18.08000000,0,0,1,0,
	0.86767510,4.56811800,2.53980000,0.58373520,27.11998000,19.28000000,0,0,1,0,
	0.87547960,4.63646000,2.60560000,0.72422340,26.95998000,20.80000000,0,0,1,0,
	0.88389260,4.63646000,2.60560000,0.72422340,26.79998000,22.56000000,0,0,1,0,
	0.88991570,4.63646000,2.60560000,0.72422340,26.63998000,24.32000000,0,0,1,0,
	0.89633880,4.71674500,2.66500000,0.85939000,26.47998000,25.60000000,0,0,1,0,
	0.90448450,4.71674500,2.66500000,0.85939000,26.31999000,27.20000000,0,0,1,0,
	0.91202660,4.71674500,2.66500000,0.85939000,26.15998000,28.96000000,0,0,1,0,
	0.91885200,4.80893200,2.71800000,0.98798330,25.99998000,30.56000000,0,0,1,0,
	0.92613980,4.80893200,2.71800000,0.98798330,25.83999000,31.84000000,0,0,1,0,
	0.93216980,4.80893200,2.71800000,0.98798330,25.67998000,33.12000000,0,0,1,0,
	0.94387610,4.90890300,2.76460000,1.11155600,25.59998000,33.91999000,0,0,1,1,
	0.95492860,4.90890300,2.76460000,1.11155600,25.43998000,35.20000000,0,0,1,1,
	0.96238540,5.00887400,2.80480000,1.23512800,25.35998000,36.00000000,0,0,0,1,
	0.96975640,5.00887400,2.80480000,1.23512800,25.27998000,36.31999000,0,0,0,1,
	0.97456570,5.00887400,2.80480000,1.23512800,25.27998000,36.48000000,0,0,0,1,
	0.97983870,5.09200400,2.83860000,1.37110100,25.27999000,36.56000000,0,0,0,1,
	0.98465940,5.09200400,2.83860000,1.37110100,25.19999000,36.56000000,0,0,0,1,
	0.98772300,5.09200400,2.83860000,1.37110100,25.19999000,36.56000000,0,0,0,1,
	0.99181900,5.09200400,2.83860000,1.37110100,25.19999000,36.56000000,0,0,0,1,
	0.99467690,5.09200400,2.83860000,1.37110100,25.19999000,36.56000000,0,0,0,1,
	0.99887030,5.17513400,2.86600000,1.50707400,25.19999000,36.56000000,0,0,0,1,
	1.00250400,5.17513400,2.86600000,1.50707400,25.19999000,36.56000000,0,0,0,1,
	1.00645600,5.17513400,2.86600000,1.50707400,25.19999000,36.56000000,0,0,0,1,
	1.01056900,5.17513400,2.86600000,1.50707400,25.19999000,36.56000000,0,0,0,1,
	1.01632800,5.25826400,2.88700000,1.64304800,25.19999000,36.48000000,0,0,0,1,
	1.02300600,5.25826400,2.88700000,1.64304800,25.27999000,36.39999000,0,0,0,1,
	1.02877500,5.25826400,2.88700000,1.64304800,25.35998000,36.23999000,0,0,0,1,
	1.03512100,5.25826400,2.88700000,1.64304800,25.35999000,35.99999000,0,0,0,1,
	1.04035700,5.33977900,2.90160000,1.78019500,25.43998000,35.75999000,0,0,0,1,
	1.04563700,5.33977900,2.90160000,1.78019500,25.51999000,35.51999000,0,0,0,1,
	1.05149700,5.33977900,2.90160000,1.78019500,25.51998000,35.19999000,0,0,0,1,
	1.06023600,5.41893100,2.90980000,1.91900000,25.59998000,34.71999000,0,0,0,1,
	1.06905700,5.41893100,2.90980000,1.91900000,25.67998000,34.07999000,0,0,0,1,
	1.07437100,5.41893100,2.90980000,1.91900000,25.75998000,33.27999000,0,0,0,1,
	1.08352900,5.49381400,2.91160000,2.06062700,25.75999000,32.87999000,0,0,0,1,
	1.09042900,5.49381400,2.91160000,2.06062700,25.83999000,31.75999000,0,0,0,1,
	1.09866600,5.56412600,2.90700000,2.20504700,25.91998000,30.95999000,0,0,0,1,
	1.10641300,5.56412600,2.90700000,2.20504700,25.99998000,29.91999000,0,0,0,1,
	1.11477900,5.56412600,2.90700000,2.20504700,26.07998000,28.87999000,0,0,0,1,
	1.12082200,5.62679400,2.89600000,2.35368400,26.15998000,27.83998000,0,0,0,1,
	1.12809500,5.62679400,2.89600000,2.35368400,26.15998000,27.03999000,0,0,0,1,
	1.13444900,5.62679400,2.89600000,2.35368400,26.23999000,26.07998000,0,0,0,1,
	1.14151400,5.68197500,2.87860000,2.50594800,26.31998000,24.87999000,0,0,0,1,
	1.14897300,5.68197500,2.87860000,2.50594800,26.39998000,23.83999000,0,0,0,1,
	1.15485800,5.68197500,2.87860000,2.50594800,26.39999000,22.63998000,0,0,0,1,
	1.16156100,5.72840500,2.85480000,2.66186200,26.47999000,21.51998000,0,0,0,1,
	1.17015300,5.72840500,2.85480000,2.66186200,26.55998000,20.31998000,0,0,0,1,
	1.18093000,5.76735100,2.82460000,2.82041200,26.63998000,18.71998000,0,0,0,1,
	1.18985100,5.76735100,2.82460000,2.82041200,26.79998000,16.55998000,0,0,0,1,
	1.19658100,5.79556200,2.78800000,2.98199300,26.95998000,14.79998000,0,0,0,1,
	1.20636600,5.79556200,2.78800000,2.98199300,27.11999000,13.51998000,0,0,0,1,
	1.21172100,5.79556200,2.78800000,2.98199300,27.19998000,11.59998000,0,0,0,1,
	1.22305200,5.81168400,2.74500000,3.14611700,27.35998000,10.47998000,0,0,0,1,
	1.22952300,5.81168400,2.74500000,3.14611700,27.51998000,7.99998100,0,0,0,1,
	1.23790900,5.81640400,2.69560000,3.31172600,27.59998000,6.47998200,0,0,0,1,
	1.24368000,5.81640400,2.69560000,3.31172600,27.67998000,4.63998200,0,0,0,1,
	1.25047000,5.81640400,2.69560000,3.31172600,27.75998000,3.35998200,0,0,0,1,
	1.25852300,5.80704600,2.63980000,3.47812300,27.91998000,1.59998200,0,0,0,1,
	1.26708000,5.80704600,2.63980000,3.47812300,27.99998000,359.84000000,0,0,0,1,
	1.27374000,5.80704600,2.63980000,3.47812300,28.07998000,358.24000000,0,0,0,1,
	1.28264700,5.78304600,2.57760000,3.64407000,28.15998000,356.56000000,0,0,0,1,
	1.29083200,5.78304600,2.57760000,3.64407000,28.23998000,354.56000000,0,0,0,1,
	1.30406700,5.74858500,2.68820000,3.80888900,28.23998000,352.96000000,0,0,1,1,
	1.31603000,5.71412500,2.79240000,3.97370800,28.31998000,350.56000000,0,0,1,0,
	1.32883600,5.71412500,2.79240000,3.97370800,28.31998000,348.64000000,0,0,1,0,
	1.33592200,5.69468500,2.89020000,4.14154500,28.39998000,347.28000000,0,0,1,0,
	1.34274400,5.69468500,2.89020000,4.14154500,28.39998000,346.80000000,0,0,1,0,
	1.34742000,5.69468500,2.89020000,4.14154500,28.39998000,346.64000000,0,0,1,0,
	1.34994600,5.69468500,2.89020000,4.14154500,28.39998000,346.64000000,0,0,1,0,
	1.35374500,5.69468500,2.89020000,4.14154500,28.39998000,346.64000000,0,0,1,0,
	1.35666400,5.67524400,2.98160000,4.30938200,28.39998000,346.64000000,0,0,1,0,
	1.36151900,5.67524400,2.98160000,4.30938200,28.39998000,346.64000000,0,0,1,0,
	1.36618700,5.67524400,2.98160000,4.30938200,28.39998000,346.64000000,0,0,1,0,
	1.37046700,5.67524400,2.98160000,4.30938200,28.39998000,346.72000000,0,0,1,0,
	1.37861600,5.65580400,3.06660000,4.47721900,28.39998000,346.88000000,0,0,1,0,
	1.38605400,5.65580400,3.06660000,4.47721900,28.31998000,347.28000000,0,0,1,0,
	1.39605300,5.63636400,3.14520000,4.64505500,28.23998000,347.76000000,0,0,1,0,
	1.40273200,5.63636400,3.14520000,4.64505500,28.15998000,348.80000000,0,0,1,0,
	1.41076500,5.63636400,3.14520000,4.64505500,28.07998000,349.52000000,0,0,1,0,
	1.42004800,5.62248800,3.21740000,4.81387100,27.91999000,350.56000000,0,0,1,0,
	1.43066500,5.62248800,3.21740000,4.81387100,27.83998000,351.84000000,0,0,1,0,
	1.43779400,5.61727900,3.28320000,4.98378200,27.75998000,353.52000000,0,0,1,0,
	1.44407400,5.61727900,3.28320000,4.98378200,27.67998000,354.48000000,0,0,1,0,
	1.45791500,5.61773200,3.34260000,5.15419300,27.59998000,355.44000000,0,0,1,1,
	1.46792500,5.61773200,3.34260000,5.15419300,27.51998000,357.36000000,0,0,1,1,
	1.47468700,5.61773200,3.34260000,5.15419300,27.51998000,358.72000000,0,0,1,1,
	1.48039900,5.61818500,3.39560000,5.32460400,27.43998000,359.52000000,0,0,1,1,
	1.48845000,5.61818500,3.39560000,5.32460400,27.43998000,359.92000000,0,0,0,1,
	1.49512800,5.61818500,3.39560000,5.32460400,27.43998000,0.39998160,0,0,0,1,
	1.50007900,5.60537400,3.44220000,5.49510700,27.43998000,0.55998150,0,0,0,1,
	1.50371400,5.60537400,3.44220000,5.49510700,27.43998000,0.55998150,0,0,0,1,
	1.50778300,5.60537400,3.44220000,5.49510700,27.43998000,0.55998150,0,0,0,1,
	1.51072600,5.60537400,3.44220000,5.49510700,27.43998000,0.55998150,0,0,0,1,
	1.51467800,5.60537400,3.44220000,5.49510700,27.43998000,0.55998150,0,0,0,1,
	1.51782000,5.59256400,3.48240000,5.66561000,27.43998000,0.55998150,0,0,0,1,
	1.52480300,5.59256400,3.48240000,5.66561000,27.43998000,0.55998150,0,0,0,1,
	1.53043000,5.59256400,3.48240000,5.66561000,27.51998000,0.39998160,0,0,0,1,
	1.53700400,5.57927800,3.51620000,5.83611500,27.59998000,0.23998150,0,0,0,1,
	1.55089900,5.57927800,3.51620000,5.83611500,27.75998000,359.84000000,0,0,0,1,
	1.55744200,5.56146600,3.54360000,6.00654300,27.99998000,358.72000000,0,0,0,1,
	1.56470600,5.56146600,3.54360000,6.00654300,28.15998000,358.00000000,0,0,0,1,
	1.57136900,5.56146600,3.54360000,6.00654300,28.23998000,357.20000000,0,0,0,1,
	1.57803300,5.53649900,3.56460000,6.17661000,28.39998000,356.32000000,0,0,0,1,
	1.58490900,5.53649900,3.56460000,6.17661000,28.47998000,355.36000000,0,0,0,1,
	1.59244800,5.53649900,3.56460000,6.17661000,28.63998000,354.48000000,0,0,0,1,
	1.59978500,5.50223300,3.57920000,6.34573700,28.79998000,353.20000000,0,0,0,1,
	1.61250000,5.50223300,3.57920000,6.34573700,28.87998000,352.00000000,0,0,0,1,
	1.61950000,5.45799600,3.58739900,6.51321400,29.03998000,349.84000000,0,0,0,1,
	1.62607600,5.45799600,3.58739900,6.51321400,29.11998000,348.56000000,0,0,0,1,
	1.63349500,5.45799600,3.58739900,6.51321400,29.11998000,347.44000000,0,0,0,1,
	1.64200900,5.40221400,3.58920000,6.67807200,29.19999000,345.92000000,0,0,0,1,
	1.64952300,5.40221400,3.58920000,6.67807200,29.27999000,344.24000000,0,0,0,1,
	1.65491400,5.40221400,3.58920000,6.67807200,29.35998000,342.80000000,0,0,0,1,
	1.66042000,5.33458100,3.58459900,6.83934400,29.35998000,341.84000000,0,0,0,1,
	1.66994700,5.33458100,3.58459900,6.83934400,29.43998000,340.48000000,0,0,0,1,
	1.67638100,5.25736900,3.57360000,6.99699400,29.43998000,338.48000000,0,0,0,1,
	1.68400200,5.25736900,3.57360000,6.99699400,29.51998000,336.88000000,0,0,0,1,
	1.69139100,5.25736900,3.57360000,6.99699400,29.51998000,335.20000000,0,0,0,1,
	1.69866300,5.16572300,3.55620000,7.14791600,29.59999000,333.28000000,0,0,0,1,
	1.70453800,5.16572300,3.55620000,7.14791600,29.67998000,331.60000000,0,0,0,1,
	1.71129900,5.16572300,3.55620000,7.14791600,29.67998000,330.24000000,0,0,0,1,
	1.71841600,5.06064700,3.53240000,7.29105200,29.83998000,328.24000000,0,0,0,1,
	1.72574200,5.06064700,3.53240000,7.29105200,29.83998000,326.64000000,0,0,0,1,
	1.73225500,5.06064700,3.53240000,7.29105200,29.91998000,324.56000000,0,0,0,1,
	1.74017800,4.94202900,3.50220000,7.42458200,29.99998000,322.88000000,0,0,0,1,
	1.74786800,4.94202900,3.50220000,7.42458200,30.07998000,320.88000000,0,0,0,1,
	1.75755200,4.81315900,3.50044000,7.54939700,30.15998000,318.56000000,0,0,0,1,
	1.76471700,4.81315900,3.50044000,7.54939700,30.23998000,316.24000000,0,0,0,1,
	1.77085500,4.81315900,3.50044000,7.54939700,30.23998000,314.64000000,0,0,0,1,
	1.77859300,4.67193800,3.61104000,7.66177300,30.31998000,312.96000000,0,0,0,1,
	1.78635000,4.67193800,3.61104000,7.66177300,30.31998000,310.96000000,0,0,0,1,
	1.79385900,4.67193800,3.61104000,7.66177300,30.39998000,309.04000000,0,0,0,1,
	1.80148400,4.51956700,3.71524000,7.76048700,30.39997000,307.36000000,0,0,0,1,
	1.80867300,4.51956700,3.71524000,7.76048700,30.39998000,305.44000000,0,0,0,1,
	1.81674400,4.36098700,3.81304000,7.85025700,30.39998000,303.92000000,0,0,0,1,
	1.82421600,4.36098700,3.81304000,7.85025700,30.39998000,302.24000000,0,0,0,1,
	1.83014800,4.36098700,3.81304000,7.85025700,30.39998000,300.96000000,0,0,0,1,
	1.83604100,4.19594100,3.90444000,7.92938100,30.39998000,300.00000000,0,0,0,1,
	1.85192200,4.19594100,3.90444000,7.92938100,30.39998000,299.04000000,0,0,1,0,
	1.85895600,4.03995900,3.98944000,8.02614700,30.39998000,297.44000000,0,0,1,0,
	1.86296300,4.03995900,3.98944000,8.02614700,30.31998000,297.28000000,0,0,1,0,
	1.86680000,4.03995900,3.98944000,8.02614700,30.31998000,297.28000000,0,0,1,0,
	1.87017200,4.03995900,3.98944000,8.02614700,30.31998000,297.28000000,0,0,1,0,
	1.87450900,4.03995900,3.98944000,8.02614700,30.31998000,297.28000000,0,0,1,0,
	1.87991900,3.88397800,4.06804000,8.12291300,30.31998000,297.28000000,0,0,1,0,
	1.88473900,3.88397800,4.06804000,8.12291300,30.23998000,297.44000000,0,0,1,0,
	1.89062500,3.88397800,4.06804000,8.12291300,30.15998000,297.60000000,0,0,1,0,
	1.89687300,3.72871200,4.14024000,8.22103600,30.07998000,297.92000000,0,0,1,0,
	1.90549600,3.72871200,4.14024000,8.22103600,29.99998000,298.32000000,0,0,1,0,
	1.91188800,3.72871200,4.14024000,8.22103600,29.91998000,299.28000000,0,0,1,0,
	1.91886600,3.57683900,4.20604000,8.32518100,29.83998000,300.08000000,0,0,1,0,
	1.92872100,3.57683900,4.20604000,8.32518100,29.75998000,301.36000000,0,0,1,0,
	1.93345100,3.57683900,4.20604000,8.32518100,29.67998000,303.36000000,0,0,1,0,
	1.94235400,3.43252800,4.26544000,8.44096100,29.67998000,304.40000000,0,0,1,0,
	1.95169100,3.43252800,4.26544000,8.44096100,29.59999000,306.00000000,0,0,1,0,
	1.95908700,3.29505700,4.31844000,8.56580300,29.59999000,307.92000000,0,0,1,0,
	1.96752600,3.29505700,4.31844000,8.56580300,29.59998000,309.20000000,0,0,1,0,
	1.97383400,3.29505700,4.31844000,8.56580300,29.59999000,310.64000000,0,0,1,0,
	1.98052000,3.16478400,4.36504000,8.69914400,29.59999000,311.36000000,0,0,1,0,
	1.98882800,3.16478400,4.36504000,8.69914400,29.59998000,312.08000000,0,0,1,1,
	1.99634900,3.03607700,4.40524000,8.83422100,29.59999000,312.80000000,0,0,1,1,
	2.00323700,3.03607700,4.40524000,8.83422100,29.67998000,313.28000000,0,0,0,1,
	2.01117000,3.03607700,4.40524000,8.83422100,29.75998000,313.52000000,0,0,0,1,
	2.01669300,2.89148100,4.43904000,8.95258500,29.75998000,313.60000000,0,0,0,1,
	2.02146300,2.89148100,4.43904000,8.95258500,29.83998000,313.60000000,0,0,0,1,
	2.02419000,2.89148100,4.43904000,8.95258500,29.83998000,313.60000000,0,0,0,1,
	2.02922400,2.89148100,4.43904000,8.95258500,29.83998000,313.60000000,0,0,0,1,
	2.03607100,2.74688500,4.46644000,9.07095000,29.91998000,313.60000000,0,0,0,1,
	2.04300300,2.74688500,4.46644000,9.07095000,29.99998000,313.52000000,0,0,0,1,
	2.04840800,2.74688500,4.46644000,9.07095000,30.07998000,313.36000000,0,0,0,1,
	2.05307100,2.74688500,4.46644000,9.07095000,30.15998000,313.20000000,0,0,0,1,
	2.06213000,2.60086400,4.48744000,9.18779600,30.23998000,312.96000000,0,0,0,1,
	2.07108800,2.60086400,4.48744000,9.18779600,30.31998000,312.24000000,0,0,0,1,
	2.07885300,2.45154200,4.50203900,9.30095100,30.39998000,311.44000000,0,0,0,1,
	2.08588100,2.45154200,4.50203900,9.30095100,30.47999000,310.64000000,0,0,0,1,
	2.09261900,2.45154200,4.50203900,9.30095100,30.55997000,309.84000000,0,0,0,1,
	2.09943300,2.29703700,4.51024000,9.40788400,30.63998000,308.96000000,0,0,0,1,
	2.10592500,2.29703700,4.51024000,9.40788400,30.63998000,308.16000000,0,0,0,1,
	2.11337800,2.29703700,4.51024000,9.40788400,30.71998000,307.44000000,0,0,0,1,
	2.11956300,2.13761000,4.51204000,9.50835500,30.71998000,306.48000000,0,0,0,1,
	2.12746900,2.13761000,4.51204000,9.50835500,30.79998000,305.68000000,0,0,0,1,
	2.13287100,2.13761000,4.51204000,9.50835500,30.79998000,304.64000000,0,0,0,1,
	2.13981600,1.97353400,4.50744000,9.60213900,30.87998000,304.00000000,0,0,0,1,
	2.14738000,1.97353400,4.50744000,9.60213900,30.87998000,303.12000000,0,0,0,1,
	2.15458800,1.97353400,4.50744000,9.60213900,30.87998000,302.08000000,0,0,0,1,
	2.16165400,1.80455200,4.49643900,9.68811100,30.95998000,301.20000000,0,0,0,1,
	2.16881400,1.80455200,4.49643900,9.68811100,30.95998000,300.32000000,0,0,0,1,
	2.17589000,1.63267300,4.47904000,9.76904200,30.95998000,299.44000000,0,0,0,1,
	2.18342300,1.63267300,4.47904000,9.76904200,30.95998000,298.64000000,0,0,0,1,
	2.18978300,1.63267300,4.47904000,9.76904200,30.95998000,297.84000000,0,0,0,1,
	2.19652000,1.45731900,4.45524000,9.84342100,30.95998000,297.20000000,0,0,0,1,
	2.20343400,1.45731900,4.45524000,9.84342100,30.95998000,296.48000000,0,0,0,1,
	2.21005800,1.45731900,4.45524000,9.84342100,30.95998000,295.84000000,0,0,0,1,
	2.21641400,1.27929100,4.42504000,9.91231000,30.95998000,295.36000000,0,0,0,1,
	2.22136600,1.27929100,4.42504000,9.91231000,30.95998000,294.80000000,0,0,0,1,
	2.22538400,1.27929100,4.42504000,9.91231000,30.95998000,294.64000000,0,0,0,1,
	2.23040300,1.27929100,4.42504000,9.91231000,30.95998000,294.40000000,0,0,0,1,
	2.23569100,1.09971200,4.38844000,9.97781300,30.95998000,294.24000000,0,0,0,1,
	2.23986800,1.09971200,4.38844000,9.97781300,30.95998000,294.16000000,0,0,0,1,
	2.24430100,1.09971200,4.38844000,9.97781300,30.87998000,294.16000000,0,0,0,1,
	2.24731400,1.09971200,4.38844000,9.97781300,30.87998000,294.16000000,0,0,0,1,
	2.25107600,1.09971200,4.38844000,9.97781300,30.87998000,294.16000000,0,0,0,1,
	2.25364000,1.09971200,4.38844000,9.97781300,30.87998000,294.16000000,0,0,0,1,
	2.25784200,0.92002440,4.34543900,10.04307000,30.87998000,294.16000000,0,0,0,1,
	2.26148900,0.92002440,4.34543900,10.04307000,30.87998000,294.16000000,0,0,0,1,
	2.26513400,0.92002440,4.34543900,10.04307000,30.87998000,294.16000000,0,0,0,1,
	2.26793000,0.92002440,4.34543900,10.04307000,30.87998000,294.16000000,0,0,0,1,
	2.27180100,0.92002440,4.34543900,10.04307000,30.87998000,294.16000000,0,0,0,1,
	2.27491600,0.92002440,4.34543900,10.04307000,30.87998000,294.16000000,0,0,0,1,
	2.27978300,0.74033670,4.29604000,10.10833000,30.87998000,294.16000000,0,0,0,1,
	2.28577500,0.74033670,4.29604000,10.10833000,30.87998000,294.24000000,0,0,0,1,
	2.29212400,0.74033670,4.29604000,10.10833000,30.87998000,294.40000000,0,0,0,1,
	2.29903400,0.56064890,4.40664000,10.17359000,30.79998000,294.56000000,0,0,0,1,
	2.30791400,0.56064890,4.40664000,10.17359000,30.79998000,294.80000000,0,0,1,1,
	2.32049400,0.38096120,4.51083900,10.23885000,30.63998000,295.28000000,0,0,1,0,
	2.32992300,0.38096120,4.51083900,10.23885000,30.55998000,296.24000000,0,0,1,0,
	2.34173900,0.21803670,4.60863900,10.33773000,30.39998000,297.04000000,0,0,1,0,
	2.35228400,0.21803670,4.60863900,10.33773000,30.23998000,298.40000000,0,0,1,0,
	2.36360800,0.05950399,4.70003900,10.44450000,30.07998000,299.76000000,0,0,1,0,
	2.37086000,0.05950399,4.70003900,10.44450000,29.91998000,301.44000000,0,0,1,0,
	2.37782000,-0.09395204,4.78503900,10.55942000,29.83998000,302.64000000,0,0,1,0,
	2.38448300,-0.09395204,4.78503900,10.55942000,29.75998000,303.76000000,0,0,1,0,
	2.39191000,-0.09395204,4.78503900,10.55942000,29.67998000,305.12000000,0,0,1,0,
	2.39915800,-0.24000580,4.86363900,10.68482000,29.59999000,306.48000000,0,0,1,0,
	2.40600400,-0.24000580,4.86363900,10.68482000,29.43998000,308.32000000,0,0,1,0,
	2.41341700,-0.24000580,4.86363900,10.68482000,29.43998000,309.60000000,0,0,1,0,
	2.42486200,-0.37539370,4.93583900,10.82303000,29.35998000,311.44000000,0,0,1,0,
	2.44010700,-0.50458820,5.00163900,10.96763000,29.27998000,314.08000000,0,0,1,0,
	2.45297800,-0.50458820,5.00163900,10.96763000,29.11998000,318.00000000,0,0,1,0,
	2.45952800,-0.61392190,5.06103900,11.12898000,29.03998000,321.76000000,0,0,1,0,
	2.46786500,-0.61392190,5.06103900,11.12898000,28.95998000,323.76000000,0,0,1,0,
	2.47680500,-0.71145620,5.11403900,11.29862000,28.87998000,326.00000000,0,0,1,0,
	2.48407500,-0.71145620,5.11403900,11.29862000,28.79998000,328.40000000,0,0,1,0,
	2.49113000,-0.71145620,5.11403900,11.29862000,28.71998000,330.32000000,0,0,1,0,
	2.50260900,-0.79074880,5.16063900,11.47874000,28.63998000,332.16000000,0,0,1,0,
	2.51243100,-0.79074880,5.16063900,11.47874000,28.55998000,335.44000000,0,0,1,0,
	2.52099400,-0.85138310,5.20083900,11.66692000,28.47998000,338.08000000,0,0,1,0,
	2.53081700,-0.85138310,5.20083900,11.66692000,28.39998000,340.24000000,0,0,1,0,
	2.54091200,-0.89630030,5.23463900,11.86030000,28.39998000,342.88000000,0,0,1,0,
	2.55020200,-0.89630030,5.23463900,11.86030000,28.31998000,345.52000000,0,0,1,0,
	2.55635700,-0.92395790,5.26203900,12.05776000,28.31998000,348.00000000,0,0,1,0,
	2.56536300,-0.92395790,5.26203900,12.05776000,28.31998000,349.44000000,0,0,1,0,
	2.57083200,-0.92395790,5.26203900,12.05776000,28.23998000,351.68000000,0,0,1,0,
	2.57765000,-0.93455610,5.28303900,12.25780000,28.23998000,352.96000000,0,0,1,0,
	2.58373200,-0.93455610,5.28303900,12.25780000,28.23998000,354.64000000,0,0,1,0,
	2.58799800,-0.93455610,5.28303900,12.25780000,28.23998000,355.92000000,0,0,1,0,
	2.59361100,-0.93455610,5.28303900,12.25780000,28.23998000,356.88000000,0,0,1,0,
	2.59959400,-0.92589130,5.29763900,12.45905000,28.23998000,358.48000000,0,0,1,0,
	2.60564700,-0.92589130,5.29763900,12.45905000,28.23998000,359.84000000,0,0,1,0,
	2.61157000,-0.92589130,5.29763900,12.45905000,28.23998000,1.43999000,0,0,1,0,
	2.61861800,-0.90204980,5.30583900,12.65993000,28.15998000,2.79999000,0,0,1,0,
	2.62670200,-0.90204980,5.30583900,12.65993000,28.15998000,4.47999000,0,0,1,0,
	2.63275500,-0.90204980,5.30583900,12.65993000,28.15998000,6.39999000,0,0,1,0,
	2.63974200,-0.86108000,5.30763900,12.85899000,28.15999000,7.67998900,0,0,1,0,
	2.64695100,-0.86108000,5.30763900,12.85899000,28.15998000,9.35999000,0,0,1,0,
	2.65389500,-0.86108000,5.30763900,12.85899000,28.15998000,10.79999000,0,0,1,0,
	2.66096000,-0.80422340,5.30303900,13.05504000,28.15998000,12.23999000,0,0,1,0,
	2.66790400,-0.80422340,5.30303900,13.05504000,28.07998000,13.51999000,0,0,1,0,
	2.67458700,-0.80422340,5.30303900,13.05504000,28.07998000,14.87999000,0,0,1,0,
	2.68086300,-0.73305870,5.29203900,13.24726000,28.07998000,16.39999000,0,0,1,0,
	2.68571600,-0.73305870,5.29203900,13.24726000,28.07998000,17.51999000,0,0,1,0,
	2.69068700,-0.73305870,5.29203900,13.24726000,28.07998000,18.31999000,0,0,1,0,
	2.69585200,-0.65158590,5.27463900,13.43603000,28.07998000,19.43999000,0,0,1,0,
	2.70149300,-0.65158590,5.27463900,13.43603000,28.07998000,20.47999000,0,0,1,0,
	2.70625300,-0.65158590,5.27463900,13.43603000,28.07998000,21.59999000,0,0,1,0,
	2.71181800,-0.65158590,5.27463900,13.43603000,28.07998000,22.47999000,0,0,1,0,
	2.71832000,-0.55575940,5.25083900,13.61896000,28.07998000,23.75999000,0,0,1,0,
	2.72537200,-0.55575940,5.25083900,13.61896000,28.07998000,25.35999000,0,0,1,0,
	2.73106300,-0.55575940,5.25083900,13.61896000,28.07998000,26.71999000,0,0,1,0,
	2.73816900,-0.44627310,5.22063900,13.79506000,28.07998000,27.99999000,0,0,1,0,
	2.74449000,-0.44627310,5.22063900,13.79506000,28.07998000,29.35999000,0,0,1,0,
	2.75009900,-0.44627310,5.22063900,13.79506000,28.07998000,30.96000000,0,0,1,0,
	2.75601600,-0.32434370,5.18403900,13.96376000,28.07998000,32.00000000,0,0,1,0,
	2.76163900,-0.32434370,5.18403900,13.96376000,28.07998000,33.27999000,0,0,1,0,
	2.76745500,-0.32434370,5.18403900,13.96376000,28.07998000,34.39999000,0,0,1,0,
	2.77350100,-0.32434370,5.18403900,13.96376000,28.07998000,35.51999000,0,0,1,0,
	2.77955500,-0.18859190,5.14103900,14.12283000,28.07998000,36.63999000,0,0,1,0,
	2.78586400,-0.18859190,5.14103900,14.12283000,28.07998000,37.83999000,0,0,1,0,
	2.79243700,-0.18859190,5.14103900,14.12283000,27.99998000,38.95999000,0,0,1,0,
	2.79709100,-0.04264098,5.09163900,14.27362000,27.99998000,40.23999000,0,0,1,0,
	2.80219100,-0.04264098,5.09163900,14.27362000,27.91999000,41.11999000,0,0,1,0,
	2.80796300,-0.04264098,5.09163900,14.27362000,27.91998000,42.23999000,0,0,1,0,
	2.81643900,0.11196120,5.03583900,14.41652000,27.91998000,43.43999000,0,0,1,0,
	2.82344800,0.11196120,5.03583900,14.41652000,27.75998000,45.43999000,0,0,1,0,
	2.82942600,0.11196120,5.03583900,14.41652000,27.67998000,46.87999000,0,0,1,0,
	2.83525100,0.11196120,5.03583900,14.41652000,27.59998000,48.23999000,0,0,1,0,
	2.84158400,0.28172590,4.97363900,14.54300000,27.51998000,49.51999000,0,0,1,0,
	2.84958400,0.28172590,4.97363900,14.54300000,27.43999000,50.87999000,0,0,1,0,
	2.85544300,0.45877440,4.90503900,14.66019000,27.27998000,52.71998000,0,0,1,0,
	2.86258000,0.45877440,4.90503900,14.66019000,27.11998000,53.99998000,0,0,1,0,
	2.86829400,0.45877440,4.90503900,14.66019000,27.03999000,55.27999000,0,0,1,0,
	2.87435400,0.45877440,4.90503900,14.66019000,26.87998000,56.39998000,0,0,1,0,
	2.87968800,0.64537200,4.83003900,14.76343000,26.79998000,57.27999000,0,0,1,0,
	2.88551500,0.64537200,4.83003900,14.76343000,26.71998000,58.39999000,0,0,1,0,
	2.89134400,0.64537200,4.83003900,14.76343000,26.71999000,59.43999000,0,0,1,0,
	2.90128100,0.83788330,4.74863900,14.85669000,26.63998000,60.39999000,0,0,1,0,
	2.90936300,0.83788330,4.74863900,14.85669000,26.55998000,61.83998000,0,0,1,0,
	2.91382300,0.83788330,4.74863900,14.85669000,26.55999000,63.11998000,0,0,1,0,
	2.91954100,1.03640300,4.85923900,14.93827000,26.55998000,63.91998000,0,0,1,0,
	2.92744600,1.03640300,4.85923900,14.93827000,26.55998000,64.87998000,0,0,1,0,
	2.93268700,1.03640300,4.85923900,14.93827000,26.55999000,66.07997000,0,0,1,0,
	2.93990200,1.23921500,4.96343900,15.01029000,26.55998000,66.71998000,0,0,1,0,
	2.94636300,1.23921500,4.96343900,15.01029000,26.55998000,67.83998000,0,0,1,0,
	2.95360700,1.23921500,4.96343900,15.01029000,26.55998000,68.87998000,0,0,1,0,
	2.96154200,1.44616400,5.06123900,15.07168000,26.55998000,69.75998000,0,0,1,0,
	2.96865100,1.44616400,5.06123900,15.07168000,26.55998000,70.47998000,0,0,1,0,
	2.97383800,1.44616400,5.06123900,15.07168000,26.63998000,71.03998000,0,0,1,0,
	2.97851800,1.65499100,5.15263900,15.12766000,26.63998000,71.27998000,0,0,1,0,
	2.98363300,1.65499100,5.15263900,15.12766000,26.71998000,71.51997000,0,0,1,1,
	2.99019500,1.65499100,5.15263900,15.12766000,26.71998000,71.67998000,0,0,1,1,
	2.99424000,1.65499100,5.15263900,15.12766000,26.79998000,71.75997000,0,0,1,1,
	2.99680900,1.86410500,5.23763900,15.18279000,26.79998000,71.75997000,0,0,1,1,
	3.00137600,1.86410500,5.23763900,15.18279000,26.79998000,71.75997000,0,0,1,1,
	3.00394600,1.86410500,5.23763900,15.18279000,26.79998000,71.75997000,0,0,1,1,
	3.00869800,1.86410500,5.23763900,15.18279000,26.79998000,71.75997000,0,0,0,1,
	3.01487500,1.86410500,5.23763900,15.18279000,26.79998000,71.75997000,0,0,0,1,
	3.01843300,2.06637800,5.31623900,15.25868000,26.87998000,71.75998000,0,0,0,1,
	3.02372700,2.06637800,5.31623900,15.25868000,26.87998000,71.75998000,0,0,0,1,
	3.02866100,2.06637800,5.31623900,15.25868000,26.95998000,71.67998000,0,0,0,1,
	3.03339200,2.06637800,5.31623900,15.25868000,27.03998000,71.51997000,0,0,0,1,
	3.04017900,2.26662900,5.38843900,15.34068000,27.11999000,71.43997000,0,0,0,1,
	3.04549000,2.26662900,5.38843900,15.34068000,27.27998000,71.11997000,0,0,0,1,
	3.05168200,2.26662900,5.38843900,15.34068000,27.35998000,70.71997000,0,0,0,1,
	3.05834400,2.46538000,5.45423900,15.42695000,27.59998000,70.23997000,0,0,0,1,
	3.06500200,2.46538000,5.45423900,15.42695000,27.67998000,69.75996000,0,0,0,1,
	3.07349700,2.46538000,5.45423900,15.42695000,27.91998000,68.95996000,0,0,0,1,
	3.07957200,2.66082200,5.51363900,15.52167000,28.23998000,67.83995000,0,0,0,1,
	3.08587900,2.66082200,5.51363900,15.52167000,28.47998000,67.03996000,0,0,0,1,
	3.09190100,2.66082200,5.51363900,15.52167000,28.71998000,65.83996000,0,0,0,1,
	3.09625800,2.85181000,5.56663900,15.62634000,28.95998000,64.95996000,0,0,0,1,
	3.10328800,2.85181000,5.56663900,15.62634000,29.11998000,64.15996000,0,0,0,1,
	3.11218900,2.85181000,5.56663900,15.62634000,29.35998000,62.87996000,0,0,0,1,
	3.11942000,3.03508000,5.61323900,15.74551000,29.83998000,60.63996000,0,0,0,1,
	3.12650300,3.03508000,5.61323900,15.74551000,30.07998000,58.95996000,0,0,0,1,
	3.13383200,3.03508000,5.61323900,15.74551000,30.39998000,57.19996000,0,0,0,1,
	3.14345900,3.20759500,5.65343900,15.88134000,30.63998000,55.43996000,0,0,0,1,
	3.15073900,3.20759500,5.65343900,15.88134000,31.03998000,52.87996000,0,0,0,1,
	3.15657400,3.36935600,5.68723900,16.03094000,31.35998000,50.87996000,0,0,0,1,
	3.16276000,3.36935600,5.68723900,16.03094000,31.59998000,48.95996000,0,0,0,1,
	3.16857600,3.36935600,5.68723900,16.03094000,31.83998000,47.27996000,0,0,0,1,
	3.17626000,3.51736100,5.71463900,16.19547000,32.07998000,45.59996000,0,0,0,1,
	3.18438900,3.51736100,5.71463900,16.19547000,32.39998000,42.95996000,0,0,0,1,
	3.19175500,3.51736100,5.71463900,16.19547000,32.63998000,40.63996000,0,0,0,1,
	3.19968100,3.64405700,5.73563900,16.37836000,32.87999000,38.31996000,0,0,0,1,
	3.21174300,3.64405700,5.73563900,16.37836000,33.19998000,35.67996000,0,0,0,1,
	3.21853400,3.74947400,5.75023800,16.57524000,33.59999000,31.75996000,0,0,0,1,
	3.22541100,3.74947400,5.75023800,16.57524000,33.83999000,29.43996000,0,0,0,1,
	3.23167100,3.74947400,5.75023800,16.57524000,34.07999000,27.11996000,0,0,0,1,
	3.23780900,3.83218100,5.75843900,16.78389000,34.23999000,25.19996000,0,0,0,1,
	3.24740900,3.83218100,5.75843900,16.78389000,34.47999000,23.11996000,0,0,0,1,
	3.25417000,3.83218100,5.75843900,16.78389000,34.71999000,19.83996000,0,0,0,1,
	3.25952300,3.88661800,5.76023900,17.00283000,34.95999000,17.51996000,0,0,0,1,
	3.26736100,3.88661800,5.76023900,17.00283000,35.12000000,15.67996000,0,0,0,1,
	3.27302700,3.88661800,5.76023900,17.00283000,35.27999000,12.87996000,0,0,0,1,
	3.28092900,3.91526800,5.75563900,17.22774000,35.52000000,10.79996000,0,0,0,1,
	3.28826500,3.91526800,5.75563900,17.22774000,35.67999000,8.23996200,0,0,0,1,
	3.29466100,3.91526800,5.75563900,17.22774000,35.91999000,5.51996100,0,0,0,1,
	3.30168800,3.91398700,5.74463800,17.45564000,36.08000000,3.19996100,0,0,0,1,
	3.30968100,3.91398700,5.74463800,17.45564000,36.23999000,0.79996110,0,0,0,1,
	3.31589100,3.89266500,5.72723900,17.68333000,36.40000000,358.16000000,0,0,0,1,
	3.32589900,3.89266500,5.72723900,17.68333000,36.56000000,356.24000000,0,0,0,1,
	3.33203000,3.89266500,5.72723900,17.68333000,36.72000000,353.03990000,0,0,0,1,
	3.34277900,3.84279700,5.70343900,17.90767000,36.79999000,350.96000000,0,0,0,1,
	3.35036600,3.84279700,5.70343900,17.90767000,37.04000000,347.36000000,0,0,0,1,
	3.35674300,3.77015500,5.67323900,18.12654000,37.12001000,345.12000000,0,0,0,1,
	3.36352800,3.77015500,5.67323900,18.12654000,37.28001000,343.20000000,0,0,0,1,
	3.37148500,3.77015500,5.67323900,18.12654000,37.36001000,341.12000000,0,0,0,1,
	3.37867600,3.67377000,5.63663900,18.33722000,37.44000000,338.88000000,0,0,0,1,
	3.39009600,3.67377000,5.63663900,18.33722000,37.60000000,336.64000000,0,0,0,1,
	3.39466100,3.67377000,5.63663900,18.33722000,37.76000000,333.60000000,0,0,0,1,
	3.39967100,3.55318100,5.59363800,18.53627000,37.84000000,332.24000000,0,0,0,1,
	3.40716300,3.55318100,5.59363800,18.53627000,37.92001000,330.56000000,0,0,0,1,
	3.41378000,3.55318100,5.59363800,18.53627000,38.00001000,328.56000000,0,0,0,1,
	3.42086600,3.41292900,5.54423900,18.72324000,38.00001000,326.56000000,0,0,0,1,
	3.42667200,3.41292900,5.54423900,18.72324000,38.08001000,324.64000000,0,0,0,1,
	3.43291700,3.41292900,5.54423900,18.72324000,38.16002000,323.04000000,0,0,0,1,
	3.43949200,3.25596700,5.48843900,18.89768000,38.16001000,321.44000000,0,0,0,1,
	3.44520400,3.25596700,5.48843900,18.89768000,38.16002000,319.75990000,0,0,0,1,
	3.45006000,3.25596700,5.48843900,18.89768000,38.24002000,318.48000000,0,0,0,1,
	3.45940600,3.08574600,5.59903900,19.06042000,38.24002000,317.12000000,0,0,0,1,
	3.46898000,3.08574600,5.59903900,19.06042000,38.24001000,315.20000000,0,0,0,1,
	3.47595800,2.90279800,5.70323800,19.20985000,38.24002000,312.64000000,0,0,0,1,
	3.48282600,2.90279800,5.70323800,19.20985000,38.32002000,311.20000000,0,0,0,1,
	3.48872000,2.90279800,5.70323800,19.20985000,38.32002000,309.60000000,0,0,0,1,
	3.49454800,2.90279800,5.70323800,19.20985000,38.32002000,308.40000000,0,0,0,1,
	3.50020300,2.70585900,5.80103800,19.34217000,38.32002000,307.28000000,0,0,0,1,
	3.50494600,2.70585900,5.80103800,19.34217000,38.32002000,306.40000000,0,0,0,1,
	3.51082900,2.70585900,5.80103800,19.34217000,38.32001000,305.60000000,0,0,0,1,
	3.51824900,2.50294200,5.89243800,19.46616000,38.32002000,304.80000000,0,0,0,1,
	3.52461700,2.50294200,5.89243800,19.46616000,38.32002000,303.76000000,0,0,0,1,
	3.53054000,2.50294200,5.89243800,19.46616000,38.32002000,303.20000000,0,0,0,1,
	3.53649800,2.29510400,5.97743800,19.58265000,38.32002000,302.64000000,0,0,0,1,
	3.54137100,2.29510400,5.97743800,19.58265000,38.32002000,302.24000000,0,0,0,1,
	3.54791300,2.29510400,5.97743800,19.58265000,38.32002000,302.00000000,0,0,0,1,
	3.55244200,2.29510400,5.97743800,19.58265000,38.32002000,301.75990000,0,0,0,1,
	3.55742300,2.08515200,6.05603800,19.69577000,38.32002000,301.68000000,0,0,0,1,
	3.56114200,2.08515200,6.05603800,19.69577000,38.32002000,301.59990000,0,0,0,1,
	3.56506400,2.08515200,6.05603800,19.69577000,38.32002000,301.59990000,0,0,0,1,
	3.56788600,2.08515200,6.05603800,19.69577000,38.32002000,301.59990000,0,0,0,1,
	3.57192400,2.08515200,6.05603800,19.69577000,38.32002000,301.59990000,0,0,0,1,
	3.57644300,1.87502600,6.12823800,19.80860000,38.32002000,301.59990000,0,0,0,1,
	3.58216900,1.87502600,6.12823800,19.80860000,38.32002000,301.59990000,0,0,1,1,
	3.58996800,1.87502600,6.12823800,19.80860000,38.32002000,301.68000000,0,0,1,0,
	3.59633800,1.67312800,6.19403800,19.93468000,38.24002000,301.83990000,0,0,1,0,
	3.60153100,1.67312800,6.19403800,19.93468000,38.24002000,302.08000000,0,0,1,0,
	3.60781800,1.67312800,6.19403800,19.93468000,38.24001000,302.31990000,0,0,1,0,
	3.61353900,1.67312800,6.19403800,19.93468000,38.16001000,302.72000000,0,0,1,0,
	3.61972700,1.48177800,6.25343800,20.07743000,38.16002000,303.36000000,0,0,1,0,
	3.62603000,1.48177800,6.25343800,20.07743000,38.08001000,304.00000000,0,0,1,0,
	3.63085400,1.48177800,6.25343800,20.07743000,38.08001000,304.80000000,0,0,1,0,
	3.63641000,1.29595600,6.30643800,20.22809000,38.08001000,305.68000000,0,0,1,0,
	3.64315200,1.29595600,6.30643800,20.22809000,38.00000000,306.56000000,0,0,1,0,
	3.64897200,1.29595600,6.30643800,20.22809000,38.00001000,307.84000000,0,0,1,0,
	3.65582600,1.11832500,6.35303800,20.38930000,38.00001000,308.88000000,0,0,1,0,
	3.66239800,1.11832500,6.35303800,20.38930000,37.92001000,310.56000000,0,0,1,0,
	3.66962300,1.11832500,6.35303800,20.38930000,37.92001000,312.24000000,0,0,1,0,
	3.67605000,0.95560110,6.39323800,20.56684000,37.84000000,314.16000000,0,0,1,0,
	3.68209400,0.95560110,6.39323800,20.56684000,37.76000000,316.16000000,0,0,1,0,
	3.68730900,0.95560110,6.39323800,20.56684000,37.76000000,317.60000000,0,0,1,0,
	3.69223600,0.95560110,6.39323800,20.56684000,37.68000000,319.20000000,0,0,1,0,
	3.69896500,0.81507630,6.42703800,20.76396000,37.68000000,321.20000000,0,0,1,0,
	3.70720000,0.81507630,6.42703800,20.76396000,37.60000000,323.20000000,0,0,1,0,
	3.71568800,0.69199910,6.45443800,20.97328000,37.52000000,326.24000000,0,0,1,0,
	3.73371000,0.69199910,6.45443800,20.97328000,37.51999000,329.52000000,0,0,1,0,
	3.74938300,0.61324120,6.47543800,21.20288000,37.43999000,337.75990000,0,0,1,0,
	3.77477300,0.56290870,6.49003800,21.44024000,37.36000000,344.72000000,0,0,1,0,
	3.78622700,0.56329860,6.49823800,21.68001000,37.35999000,357.28000000,0,0,1,0,
	3.79694200,0.58657250,6.50003800,21.91875000,37.36000000,2.55996400,0,0,1,0,
	3.80893100,0.58657250,6.50003800,21.91875000,37.35999000,7.83996400,0,0,1,0,
	3.81695500,0.65438260,6.49543800,22.14894000,37.36000000,13.59997000,0,0,1,0,
	3.82597100,0.65438260,6.49543800,22.14894000,37.36000000,17.35997000,0,0,1,0,
	3.83603800,0.75428500,6.48443800,22.36772000,37.36000000,21.51997000,0,0,1,0,
	3.84618500,0.75428500,6.48443800,22.36772000,37.35999000,26.15997000,0,0,1,0,
	3.85679000,0.88873820,6.46703800,22.56790000,37.36000000,30.55996000,0,0,1,0,
	3.86564800,0.88873820,6.46703800,22.56790000,37.43999000,35.51996000,0,0,1,0,
	3.87382500,0.88873820,6.46703800,22.56790000,37.43999000,39.51997000,0,0,1,0,
	3.88504600,1.06402500,6.44323800,22.73509000,37.52000000,43.03997000,0,0,1,0,
	3.89474700,1.06402500,6.44323800,22.73509000,37.59999000,47.67997000,0,0,1,0,
	3.90161500,1.26223700,6.41303800,22.87563000,37.59999000,51.35996000,0,0,1,0,
	3.91292800,1.26223700,6.41303800,22.87563000,37.68000000,53.99997000,0,0,1,0,
	3.92065700,1.47602500,6.37643800,22.99271000,37.76001000,57.99997000,0,0,1,0,
	3.93013000,1.47602500,6.37643800,22.99271000,37.76001000,60.87997000,0,0,1,0,
	3.94214800,1.70146300,6.33343800,23.08747000,37.76001000,63.91997000,0,0,1,0,
	3.98201700,2.16579700,6.22823800,23.24340000,37.76001000,68.15997000,0,0,1,0,
	3.99275900,2.16579700,6.22823800,23.24340000,37.76000000,82.71996000,0,0,1,0,
	4.00387000,2.40677900,6.16603800,23.24520000,37.76000000,86.23996000,0,0,1,0,
	4.01729500,2.64784200,6.09743800,23.23255000,37.68000000,89.67995000,0,0,1,0,
	4.02626200,2.64784200,6.09743800,23.23255000,37.59999000,93.91996000,0,0,1,0,
	4.03422500,2.64784200,6.09743800,23.23255000,37.59999000,97.27996000,0,0,1,0,
	4.04256000,2.88425500,6.02243800,23.17837000,37.52000000,99.59996000,0,0,1,0,
	4.05051100,2.88425500,6.02243800,23.17837000,37.36000000,102.56000000,0,0,1,0,
	4.05870000,3.11511500,5.94103800,23.10149000,37.27999000,105.12000000,0,0,1,0,
	4.06588800,3.11511500,5.94103800,23.10149000,37.12000000,107.76000000,0,0,1,0,
	4.07297800,3.11511500,5.94103800,23.10149000,36.96000000,110.16000000,0,0,1,0,
	4.08052800,3.33583000,6.05163800,22.99648000,36.80000000,112.16000000,0,0,1,0,
	4.08865300,3.33583000,6.05163800,22.99648000,36.64000000,114.64000000,0,0,1,0,
	4.09382600,3.33583000,6.05163800,22.99648000,36.56000000,116.80000000,0,0,1,0,
	4.10036200,3.54540600,6.15583800,22.86880000,36.48000000,118.08000000,0,0,1,0,
	4.10589700,3.54540600,6.15583800,22.86880000,36.32000000,119.76000000,0,0,1,0,
	4.11180200,3.54540600,6.15583800,22.86880000,36.23999000,120.72000000,0,0,1,0,
	4.11573800,3.74715100,6.25363800,22.72785000,36.15999000,121.68000000,0,0,1,0,
	4.12371000,3.74715100,6.25363800,22.72785000,36.07999000,122.40000000,0,0,1,0,
	4.12865100,3.74715100,6.25363800,22.72785000,35.91999000,123.68000000,0,0,1,0,
	4.13448200,3.74715100,6.25363800,22.72785000,35.91999000,124.24000000,0,0,1,0,
	4.14002800,3.94126600,6.34503800,22.57547000,35.83998000,124.88000000,0,0,1,0,
	4.14431900,3.94126600,6.34503800,22.57547000,35.75999000,125.28000000,0,0,1,0,
	4.14950000,3.94126600,6.34503800,22.57547000,35.75999000,125.68000000,0,0,1,0,
	4.15474900,3.94126600,6.34503800,22.57547000,35.67998000,126.08000000,0,0,1,0,
	4.15942600,4.13175800,6.43003800,22.41806000,35.67998000,126.32000000,0,0,1,1,
	4.16571400,4.13175800,6.43003800,22.41806000,35.67998000,126.40000000,0,0,1,1,
	4.16966400,4.13175800,6.43003800,22.41806000,35.59999000,126.48000000,0,0,1,1,
	4.17240400,4.13175800,6.43003800,22.41806000,35.59999000,126.48000000,0,0,1,1,
	4.17755900,4.32224900,6.50863800,22.26065000,35.59999000,126.48000000,0,0,0,1,
	4.18529100,4.32224900,6.50863800,22.26065000,35.59998000,126.40000000,0,0,0,1,
	4.19064400,4.32224900,6.50863800,22.26065000,35.59998000,126.16000000,0,0,0,1,
	4.19631800,4.53049800,6.58083800,22.12751000,35.59999000,125.84000000,0,0,0,1,
	4.20085000,4.53049800,6.58083800,22.12751000,35.67998000,125.36000000,0,0,0,1,
	4.20556900,4.53049800,6.58083800,22.12751000,35.67998000,124.80000000,0,0,0,1,
	4.21132800,4.53049800,6.58083800,22.12751000,35.75998000,124.16000000,0,0,0,1,
	4.21723900,4.74513800,6.64663800,22.00378000,35.83998000,123.20000000,0,0,0,1,
	4.22195100,4.74513800,6.64663800,22.00378000,35.91999000,122.08000000,0,0,0,1,
	4.22777600,4.74513800,6.64663800,22.00378000,35.91999000,121.44000000,0,0,0,1,
	4.23344300,4.74513800,6.64663800,22.00378000,35.99999000,120.08000000,0,0,0,1,
	4.23969600,4.97004300,6.70603800,21.89770000,36.07999000,118.48000000,0,0,0,1,
	4.24572400,4.97004300,6.70603800,21.89770000,36.16000000,117.12000000,0,0,0,1,
	4.25182800,4.97004300,6.70603800,21.89770000,36.24000000,115.52000000,0,0,0,1,
	4.25944500,5.20371100,6.75903800,21.81013000,36.32000000,113.76000000,0,0,0,1,
	4.26633700,5.20371100,6.75903800,21.81013000,36.48000000,111.52000000,0,0,0,1,
	4.27182100,5.20371100,6.75903800,21.81013000,36.56001000,109.20000000,0,0,0,1,
	4.27638800,5.44648600,6.80563800,21.74817000,36.72001000,107.52000000,0,0,0,1,
	4.28287700,5.44648600,6.80563800,21.74817000,36.80000000,105.92000000,0,0,0,1,
	4.28827900,5.44648600,6.80563800,21.74817000,36.96000000,103.92000000,0,0,0,1,
	4.29337000,5.44648600,6.80563800,21.74817000,37.12001000,101.44000000,0,0,0,1,
	4.29718100,5.69683100,6.84583800,21.72038000,37.28000000,99.51997000,0,0,0,1,
	4.30317500,5.69683100,6.84583800,21.72038000,37.36000000,97.99997000,0,0,0,1,
	4.30867300,5.69683100,6.84583800,21.72038000,37.60000000,95.35997000,0,0,0,1,
	4.31513500,5.69683100,6.84583800,21.72038000,37.68000000,93.43997000,0,0,0,1,
	4.32068600,5.94973200,6.87963800,21.73213000,37.92000000,90.15997000,0,0,0,1,
	4.32565200,5.94973200,6.87963800,21.73213000,38.08001000,87.83997000,0,0,0,1,
	4.33149700,5.94973200,6.87963800,21.73213000,38.24001000,85.51998000,0,0,0,1,
	4.33776300,6.19995800,6.90703800,21.77647000,38.40001000,82.71997000,0,0,0,1,
	4.34334100,6.19995800,6.90703800,21.77647000,38.48001000,80.23997000,0,0,0,1,
	4.34818000,6.19995800,6.90703800,21.77647000,38.72001000,76.63997000,0,0,0,1,
	4.35807400,6.44291800,6.92803800,21.85335000,38.80001000,74.63997000,0,0,0,1,
	4.36454800,6.44291800,6.92803800,21.85335000,39.04001000,69.35997000,0,0,0,1,
	4.37066400,6.44291800,6.92803800,21.85335000,39.20001000,65.43997000,0,0,0,1,
	4.37736000,6.66780900,6.94263700,21.97134000,39.28001000,62.15997000,0,0,0,1,
	4.38415100,6.66780900,6.94263700,21.97134000,39.36002000,58.15998000,0,0,0,1,
	4.39162800,6.66780900,6.94263700,21.97134000,39.52002000,54.39997000,0,0,0,1,
	4.39786900,6.86821100,6.95083800,22.12328000,39.60002000,50.47997000,0,0,0,1,
	4.40536400,6.86821100,6.95083800,22.12328000,39.68002000,47.35997000,0,0,0,1,
	4.41200700,6.86821100,6.95083800,22.12328000,39.76003000,43.11997000,0,0,0,1,
	4.41572000,7.03906300,6.95263800,22.30322000,39.84002000,40.15998000,0,0,0,1,
	4.42143000,7.03906300,6.95263800,22.30322000,39.84002000,38.15998000,0,0,0,1,
	4.42746100,7.03906300,6.95263800,22.30322000,39.92003000,35.19997000,0,0,0,1,
	4.43342400,7.03906300,6.95263800,22.30322000,39.92002000,32.23997000,0,0,0,1,
	4.44090100,7.17417100,6.94803800,22.50666000,40.00003000,29.59997000,0,0,0,1,
	4.44717000,7.17417100,6.94803800,22.50666000,40.00003000,26.31997000,0,0,0,1,
	4.45361100,7.17417100,6.94803800,22.50666000,40.08003000,23.03997000,0,0,0,1,
	4.46042200,7.27226500,6.93703700,22.72613000,40.08003000,20.39997000,0,0,0,1,
	4.46493500,7.27226500,6.93703700,22.72613000,40.08003000,17.11997000,0,0,0,1,
	4.47012000,7.27226500,6.93703700,22.72613000,40.08003000,15.27997000,0,0,0,1,
	4.47684500,7.33851400,6.91963800,22.95425000,40.08003000,12.63997000,0,0,0,1,
	4.48386900,7.33851400,6.91963800,22.95425000,40.08004000,10.07997000,0,0,0,1,
	4.49094900,7.33851400,6.91963800,22.95425000,40.08003000,7.27997300,0,0,0,1,
	4.49737800,7.36346500,6.89583800,23.18753000,40.08003000,4.15997400,0,0,0,1,
	4.50364400,7.36346500,6.89583800,23.18753000,40.00003000,1.35997300,0,0,0,1,
	4.50962000,7.36346500,6.89583800,23.18753000,40.00003000,359.04000000,0,0,0,1,
	4.51486600,7.36346500,6.89583800,23.18753000,40.00003000,356.72000000,0,0,0,1,
	4.51979400,7.34064900,6.86563800,23.41928000,39.92003000,354.80000000,0,0,0,1,
	4.52558800,7.34064900,6.86563800,23.41928000,39.92003000,352.96000000,0,0,0,1,
	4.53149400,7.34064900,6.86563800,23.41928000,39.92003000,350.80000000,0,0,0,1,
	4.53740400,7.28502300,6.82903800,23.64568000,39.92003000,348.88000000,0,0,0,1,
	4.54386900,7.28502300,6.82903800,23.64568000,39.92003000,346.88000000,0,0,0,1,
	4.54805900,7.28502300,6.82903800,23.64568000,39.84002000,344.56000000,0,0,0,1,
	4.55354100,7.28502300,6.82903800,23.64568000,39.84002000,343.28000000,0,0,0,1,
	4.55952800,7.19602000,6.78603700,23.86267000,39.84002000,341.12000000,0,0,0,1,
	4.56588600,7.19602000,6.78603700,23.86267000,39.84002000,338.96000000,0,0,0,1,
	4.57259800,7.19602000,6.78603700,23.86267000,39.84002000,336.96000000,0,0,0,1,
	4.57938700,7.08147200,6.73663800,24.06859000,39.84003000,334.32000000,0,0,0,1,
	4.58562600,7.08147200,6.73663800,24.06859000,39.76002000,331.92000000,0,0,0,1,
	4.59000300,7.08147200,6.73663800,24.06859000,39.76003000,329.92000000,0,0,0,1,
	4.59543700,6.94659800,6.68083800,24.26299000,39.76003000,328.64000000,0,0,0,1,
	4.60136900,6.94659800,6.68083800,24.26299000,39.76003000,326.64000000,0,0,0,1,
	4.60786700,6.94659800,6.68083800,24.26299000,39.76003000,324.72000000,0,0,0,1,
	4.61387800,6.94659800,6.68083800,24.26299000,39.68002000,322.80000000,0,0,0,1,
	4.62043600,6.78686100,6.61863800,24.43932000,39.68002000,321.20000000,0,0,0,1,
	4.62771700,6.78686100,6.61863800,24.43932000,39.68002000,319.44000000,0,0,0,1,
	4.63433800,6.78686100,6.61863800,24.43932000,39.60002000,317.84000000,0,0,0,1,
	4.64170600,6.61255000,6.55003700,24.60255000,39.60002000,316.48000000,0,0,0,1,
	4.64789700,6.61255000,6.55003700,24.60255000,39.52002000,315.36000000,0,0,0,1,
	4.65290400,6.61255000,6.55003700,24.60255000,39.44001000,314.56000000,0,0,0,1,
	4.65766500,6.43073200,6.47503800,24.75820000,39.44001000,313.92000000,0,0,0,1,
	4.66359800,6.43073200,6.47503800,24.75820000,39.36001000,313.36000000,0,0,0,1,
	4.66961300,6.43073200,6.47503800,24.75820000,39.28001000,312.80000000,0,0,0,1,
	4.67448100,6.43073200,6.47503800,24.75820000,39.20002000,312.32000000,0,0,0,1,
	4.67954200,6.24370100,6.58563800,24.90822000,39.20001000,312.08000000,0,0,0,1,
	4.68472900,6.24370100,6.58563800,24.90822000,39.12001000,311.68000000,0,0,0,1,
	4.69102000,6.24370100,6.58563800,24.90822000,39.04000000,311.44000000,0,0,0,1,
	4.69421600,6.24370100,6.58563800,24.90822000,39.04000000,311.36000000,0,0,0,1,
	4.69859700,6.05467300,6.68983700,25.05598000,39.04000000,311.36000000,0,0,0,1,
	4.70241700,6.05467300,6.68983700,25.05598000,38.96000000,311.36000000,0,0,0,1,
	4.70601600,6.05467300,6.68983700,25.05598000,38.96000000,311.36000000,0,0,0,1,
	4.71067700,6.05467300,6.68983700,25.05598000,38.96000000,311.36000000,0,0,0,1,
	4.71486500,6.05467300,6.68983700,25.05598000,38.96000000,311.44000000,0,0,0,1,
	4.71925300,5.86564600,6.78763700,25.20374000,38.88000000,311.60000000,0,0,0,1,
	4.72764200,5.86564600,6.78763700,25.20374000,38.88000000,311.76000000,0,0,0,1,
	4.73279000,5.86564600,6.78763700,25.20374000,38.88000000,312.24000000,0,0,0,1,
	4.73942100,5.67661900,6.87903700,25.35151000,38.80000000,312.72000000,0,0,0,1,
	4.74832400,5.67661900,6.87903700,25.35151000,38.80000000,313.52000000,0,0,1,1,
	4.75633400,5.48759100,6.96403700,25.49927000,38.80000000,314.80000000,0,0,1,0,
	4.76410700,5.48759100,6.96403700,25.49927000,38.80001000,316.16000000,0,0,1,0,
	4.76929800,5.48759100,6.96403700,25.49927000,38.71999000,317.36000000,0,0,1,0,
	4.77466800,5.48759100,6.96403700,25.49927000,38.72001000,318.64000000,0,0,1,0,
	4.78071300,5.33752600,7.04263700,25.68248000,38.71999000,319.60000000,0,0,1,0,
	4.78699900,5.33752600,7.04263700,25.68248000,38.64000000,320.96000000,0,0,1,0,
	4.79071600,5.33752600,7.04263700,25.68248000,38.63999000,322.24000000,0,0,1,0,
	4.79584800,5.20691200,7.11483700,25.88100000,38.56000000,323.28000000,0,0,1,0,
	4.80172600,5.20691200,7.11483700,25.88100000,38.56000000,324.56000000,0,0,1,0,
	4.80863100,5.20691200,7.11483700,25.88100000,38.48000000,325.92000000,0,0,1,0,
	4.81483600,5.20691200,7.11483700,25.88100000,38.39999000,327.92000000,0,0,1,0,
	4.81886600,5.09806100,7.18063700,26.09354000,38.31999000,329.52000000,0,0,1,0,
	4.82424000,5.09806100,7.18063700,26.09354000,38.24000000,330.56000000,0,0,1,0,
	4.82988800,5.09806100,7.18063700,26.09354000,38.15998000,332.24000000,0,0,1,0,
	4.83639200,5.00395400,7.24003700,26.31385000,38.07999000,333.52000000,0,0,1,0,
	4.84309500,5.00395400,7.24003700,26.31385000,37.91998000,335.84000000,0,0,1,0,
	4.84815100,5.00395400,7.24003700,26.31385000,37.83998000,337.52000000,0,0,1,0,
	4.85259000,5.00395400,7.24003700,26.31385000,37.67998000,339.12000000,0,0,1,0,
	4.85755300,4.93810300,7.29303700,26.54552000,37.59998000,340.80000000,0,0,1,0,
	4.86457700,4.93810300,7.29303700,26.54552000,37.43998000,342.48000000,0,0,1,0,
	4.87092200,4.93810300,7.29303700,26.54552000,37.27998000,344.72000000,0,0,1,0,
	4.87785500,4.89593300,7.33963700,26.78366000,37.11998000,346.64000000,0,0,1,0,
	4.88482200,4.89593300,7.33963700,26.78366000,37.03999000,348.72000000,0,0,1,0,
	4.88922900,4.89593300,7.33963700,26.78366000,36.87998000,350.96000000,0,0,1,0,
	4.89434400,4.89593300,7.33963700,26.78366000,36.71998000,352.24000000,0,0,1,0,
	4.89951000,4.88279500,7.37983700,27.02639000,36.63998000,353.60000000,0,0,1,0,
	4.90561600,4.88279500,7.37983700,27.02639000,36.55998000,354.88000000,0,0,1,0,
	4.90983000,4.88279500,7.37983700,27.02639000,36.39997000,356.64000000,0,0,1,0,
	4.91482700,4.88279500,7.37983700,27.02639000,36.31998000,357.52000000,0,0,1,0,
	4.92042400,4.89202900,7.41363700,27.27030000,36.15998000,358.88000000,0,0,1,0,
	4.92665700,4.89202900,7.41363700,27.27030000,36.07998000,0.15997150,0,0,1,0,
	4.93343900,4.89202900,7.41363700,27.27030000,35.83997000,1.67997100,0,0,1,0,
	4.94003500,4.91931600,7.44103700,27.51368000,35.67997000,3.11997200,0,0,1,0,
	4.94582900,4.91931600,7.44103700,27.51368000,35.51998000,4.63997300,0,0,1,0,
	4.94989800,4.91931600,7.44103700,27.51368000,35.35998000,5.99997200,0,0,1,0,
	4.95592900,4.96327100,7.46203700,27.75538000,35.19997000,7.03997100,0,0,1,0,
	4.96213400,4.96327100,7.46203700,27.75538000,35.11997000,8.23997300,0,0,1,0,
	4.96883400,4.96327100,7.46203700,27.75538000,34.95997000,9.67997100,0,0,1,0,
	4.97389800,4.96327100,7.46203700,27.75538000,34.79997000,11.03997000,0,0,1,0,
	4.97842000,5.02782600,7.47663700,27.99341000,34.63997000,11.91997000,0,0,1,0,
	4.98437200,5.02782600,7.47663700,27.99341000,34.55997000,12.95997000,0,0,1,0,
	4.98980400,5.02782600,7.47663700,27.99341000,34.47997000,13.83997000,0,0,1,0,
	4.99570600,5.10374800,7.48483700,28.22866000,34.39997000,14.63997000,0,0,1,0,
	5.00315200,5.10374800,7.48483700,28.22866000,34.31997000,15.35998000,0,0,1,0,
	5.01011500,5.10374800,7.48483700,28.22866000,34.23996000,16.15997000,0,0,1,1,
	5.01750300,5.18597600,7.48663700,28.46212000,34.15996000,16.55997000,0,0,1,1,
	5.02130100,5.18597600,7.48663700,28.46212000,34.15996000,16.71997000,0,0,1,1,
	5.02548800,5.18597600,7.48663700,28.46212000,34.15996000,16.71997000,0,0,0,1,
	5.03096900,5.18597600,7.48663700,28.46212000,34.15996000,16.71997000,0,0,0,1,
	5.03382800,5.18597600,7.48663700,28.46212000,34.15996000,16.71997000,0,0,0,1,
	5.03763500,5.24420800,7.48203700,28.70280000,34.15996000,16.71997000,0,0,0,1,
	5.04188500,5.24420800,7.48203700,28.70280000,34.15996000,16.71997000,0,0,0,1,
	5.04693600,5.24420800,7.48203700,28.70280000,34.15996000,16.63997000,0,0,0,1,
	5.05137900,5.24420800,7.48203700,28.70280000,34.07996000,16.47997000,0,0,0,1,
	5.05500500,5.24420800,7.48203700,28.70280000,34.07996000,16.31997000,0,0,0,1,
	5.06013300,5.29961400,7.47103700,28.94430000,34.07995000,16.15997000,0,0,0,1,
	5.06596500,5.29961400,7.47103700,28.94430000,34.07996000,15.83997000,0,0,0,1,
	5.07198400,5.29961400,7.47103700,28.94430000,34.07997000,15.43997000,0,0,0,1,
	5.07684600,5.34968600,7.45363700,29.18727000,34.07996000,14.87997000,0,0,0,1,
	5.08181100,5.34968600,7.45363700,29.18727000,34.07996000,14.39997000,0,0,0,1,
	5.08731900,5.34968600,7.45363700,29.18727000,34.07997000,13.75997000,0,0,0,1,
	5.09202200,5.34968600,7.45363700,29.18727000,34.07996000,12.95997000,0,0,0,1,
	5.09661000,5.38931400,7.42983700,29.43270000,34.07996000,12.39997000,0,0,0,1,
	5.10267900,5.38931400,7.42983700,29.43270000,34.07996000,11.75997000,0,0,0,1,
	5.10866500,5.38931400,7.42983700,29.43270000,34.07996000,10.71997000,0,0,0,1,
	5.11433700,5.38931400,7.42983700,29.43270000,33.99996000,9.67997000,0,0,0,1,
	5.11910400,5.41253500,7.39963700,29.68103000,33.99995000,8.55996900,0,0,0,1,
	5.12443600,5.41253500,7.39963700,29.68103000,33.99996000,7.67997000,0,0,0,1,
	5.12971700,5.41253500,7.39963700,29.68103000,33.99996000,6.15996900,0,0,0,1,
	5.13552200,5.42052600,7.36303700,29.93101000,33.99995000,5.03996900,0,0,0,1,
	5.14284800,5.42052600,7.36303700,29.93101000,33.99996000,3.51997000,0,0,0,1,
	5.14888600,5.42052600,7.36303700,29.93101000,33.99997000,1.51997000,0,0,0,1,
	5.15536800,5.40582600,7.32003700,30.18160000,33.91996000,359.84000000,0,0,0,1,
	5.15986300,5.40582600,7.32003700,30.18160000,33.83995000,357.84000000,0,0,0,1,
	5.16479300,5.40582600,7.32003700,30.18160000,33.75995000,356.56000000,0,0,0,1,
	5.17067900,5.40582600,7.32003700,30.18160000,33.75994000,355.20000000,0,0,0,1,
	5.17661100,5.36315200,7.27063700,30.43014000,33.67995000,353.44000000,0,0,0,1,
	5.18349500,5.36315200,7.27063700,30.43014000,33.59995000,351.68000000,0,0,0,1,
	5.19063400,5.36315200,7.27063700,30.43014000,33.51994000,349.92000000,0,0,0,1,
	5.19460800,5.36315200,7.27063700,30.43014000,33.35994000,348.24000000,0,0,0,1,
	5.19992800,5.29483700,7.21483700,30.67402000,33.35994000,347.52000000,0,0,0,1,
	5.20640900,5.29483700,7.21483700,30.67402000,33.27995000,346.48000000,0,0,0,1,
	5.21175800,5.29483700,7.21483700,30.67402000,33.11994000,345.04000000,0,0,0,1,
	5.21940600,5.21284200,7.15263700,30.91431000,33.03994000,344.32000000,0,0,0,1,
	5.22585800,5.21284200,7.15263700,30.91431000,32.87994000,343.36000000,0,0,0,1,
	5.23157400,5.21284200,7.15263700,30.91431000,32.79993000,342.80000000,0,0,0,1,
	5.23536300,5.12305500,7.08403700,31.15223000,32.71994000,342.48000000,0,0,0,1,
	5.24057100,5.12305500,7.08403700,31.15223000,32.63993000,342.32000000,0,0,0,1,
	5.24418600,5.12305500,7.08403700,31.15223000,32.55994000,342.32000000,0,0,0,1,
	5.24873500,5.12305500,7.08403700,31.15223000,32.55994000,342.32000000,0,0,0,1,
	5.25487600,5.12305500,7.08403700,31.15223000,32.47993000,342.32000000,0,0,0,1,
	5.26206600,5.03259200,7.19463700,31.38993000,32.31993000,342.40000000,0,0,0,0,
	5.26967400,5.03259200,7.19463700,31.38993000,32.15993000,342.64000000,0,0,0,0,
	5.27483600,5.03259200,7.19463700,31.38993000,31.91994000,343.04000000,0,0,0,0,
	5.28089200,4.94212900,7.29883700,31.62763000,31.83994000,343.36000000,0,0,0,0,
	5.28505000,4.94212900,7.29883700,31.62763000,31.59993000,343.84000000,0,0,0,0,
	5.28991900,4.94212900,7.29883700,31.62763000,31.43994000,344.32000000,0,0,0,0,
	5.29862400,4.85166500,7.39663600,31.86533000,31.35994000,344.72000000,0,0,1,0,
	5.30616800,4.85166500,7.39663600,31.86533000,31.11993000,345.60000000,0,0,1,0,
	5.31186700,4.85166500,7.39663600,31.86533000,30.87993000,346.40000000,0,0,1,0,
	5.31773600,4.80383300,7.48803700,32.11348000,30.79994000,346.96000000,0,0,1,0,
	5.32392200,4.80383300,7.48803700,32.11348000,30.63993000,347.52000000,0,0,1,0,
	5.33047100,4.80383300,7.48803700,32.11348000,30.47993000,348.24000000,0,0,1,0,
	5.33593600,4.76844300,7.57303700,32.36429000,30.39994000,348.80000000,0,0,1,0,
	5.34290400,4.76844300,7.57303700,32.36429000,30.31993000,349.12000000,0,0,1,0,
	5.34683700,4.76844300,7.57303700,32.36429000,30.15994000,349.52000000,0,0,1,0,
	5.35186800,4.76844300,7.57303700,32.36429000,30.15994000,349.76000000,0,0,1,0,
	5.35792800,4.73826600,7.65163700,32.61606000,30.07994000,350.00000000,0,0,1,0,
	5.36331600,4.73826600,7.65163700,32.61606000,29.99994000,350.24000000,0,0,1,0,
	5.36756300,4.73826600,7.65163700,32.61606000,29.99993000,350.40000000,0,0,1,0,
	5.37389100,4.73826600,7.65163700,32.61606000,29.91994000,350.48000000,0,0,1,0,
	5.37891100,4.71087700,7.72383600,32.86830000,29.91994000,350.64000000,0,0,1,0,
	5.38359000,4.71087700,7.72383600,32.86830000,29.83993000,350.64000000,0,0,1,0,
	5.38774600,4.71087700,7.72383600,32.86830000,29.83994000,350.72000000,0,0,1,0,
	5.39203400,4.71087700,7.72383600,32.86830000,29.83994000,350.80000000,0,0,1,0,
	5.39454400,4.71087700,7.72383600,32.86830000,29.83994000,350.80000000,0,0,1,0,
	5.39896000,4.68418700,7.78963700,33.12066000,29.83994000,350.80000000,0,0,1,0,
	5.40344000,4.68418700,7.78963700,33.12066000,29.83994000,350.88000000,0,0,1,0,
	5.40798100,4.68418700,7.78963700,33.12066000,29.75994000,350.88000000,0,0,1,0,
	5.41178100,4.68418700,7.78963700,33.12066000,29.75994000,350.96000000,0,0,1,0,
	5.41460800,4.68418700,7.78963700,33.12066000,29.75994000,350.96000000,0,0,1,0,
	5.41750700,4.65819500,7.84903700,33.37312000,29.75994000,350.96000000,0,0,1,0,
	5.42234500,4.65819500,7.84903700,33.37312000,29.75994000,350.96000000,0,0,1,0,
	5.42716300,4.65819500,7.84903700,33.37312000,29.75994000,350.96000000,0,0,0,0,
	5.43191600,4.65819500,7.84903700,33.37312000,29.75994000,350.96000000,0,0,0,0,
	5.43534800,4.65819500,7.84903700,33.37312000,29.75994000,350.96000000,0,0,0,0,
	5.43851100,4.63220400,7.90203700,33.62558000,29.75994000,350.96000000,0,0,0,0,
	5.44253600,4.63220400,7.90203700,33.62558000,29.75994000,350.96000000,0,0,0,0,
	5.44535700,4.63220400,7.90203700,33.62558000,29.75994000,350.96000000,0,0,0,0,
	5.44897700,4.63220400,7.90203700,33.62558000,29.75994000,350.96000000,0,0,0,0,
	5.45156200,4.63220400,7.90203700,33.62558000,29.75994000,350.96000000,0,0,0,0,
	5.45535400,4.63220400,7.90203700,33.62558000,29.75994000,350.96000000,0,0,0,0,
	5.45778100,4.60621300,7.94863700,33.87805000,29.75994000,350.96000000,0,0,0,0,
	5.46197700,4.60621300,7.94863700,33.87805000,29.75994000,350.96000000,0,0,0,0,
	5.46447300,4.60621300,7.94863700,33.87805000,29.75994000,350.96000000,0,0,0,0,
	5.46825200,4.60621300,7.94863700,33.87805000,29.75994000,350.96000000,0,0,0,0,
	5.47070700,4.60621300,7.94863700,33.87805000,29.75994000,350.96000000,0,0,0,0,
	5.47409100,4.60621300,7.94863700,33.87805000,29.75994000,350.96000000,0,0,0,0,
	5.47704700,4.58022100,7.98883600,34.13051000,29.75994000,350.96000000,0,0,0,0,
	5.48138900,4.58022100,7.98883600,34.13051000,29.75994000,350.96000000,0,0,0,0,
	5.48448200,4.58022100,7.98883600,34.13051000,29.75994000,350.96000000,0,0,0,0,
end
