map
	ez_square2
end

values
	0.00507130,2.49917300,1.90000000,-2.98312600,15.60000000,25.52000000,0,0,0,0,
	0.01068820,2.49917300,1.90000000,-2.98312600,15.60000000,25.52000000,0,0,0,0,
	0.01541650,2.49917300,1.90000000,-2.98312600,15.60000000,25.52000000,0,0,0,0,
	0.01989680,2.49917300,1.90000000,-2.98312600,15.60000000,25.52000000,0,0,0,0,
	0.02343690,2.49917300,1.90000000,-2.98312600,15.60000000,25.52000000,0,0,0,0,
	0.02868670,2.49917300,1.90000000,-2.98312600,15.60000000,25.52000000,0,0,0,0,
	0.03335770,2.49917300,1.90000000,-2.98312600,15.60000000,25.52000000,0,0,0,0,
	0.03722040,2.49917300,1.90000000,-2.98312600,15.60000000,25.52000000,0,0,0,0,
	0.04187820,2.49917300,1.90000000,-2.98312600,15.60000000,25.52000000,0,0,0,0,
	0.04577690,2.49917300,1.90000000,-2.98312600,15.60000000,25.52000000,0,0,0,0,
	0.05081891,2.49917300,1.90000000,-2.98312600,15.60000000,25.52000000,0,0,0,0,
	0.05545631,2.49917300,1.90000000,-2.98312600,15.60000000,25.52000000,0,0,0,0,
	0.05869261,2.49917300,1.90000000,-2.98312600,15.60000000,25.52000000,0,0,0,0,
	0.06328041,2.49917300,1.90000000,-2.98312600,15.60000000,25.52000000,0,0,0,0,
	0.06831271,2.49917300,1.90000000,-2.98312600,15.60000000,25.52000000,0,0,0,0,
	0.07284731,2.49917300,1.90000000,-2.98312600,15.60000000,25.52000000,0,0,0,0,
	0.07784371,2.49917300,1.90000000,-2.98312600,15.68000000,25.52000000,0,0,0,0,
	0.08222801,2.49917300,1.90000000,-2.98312600,15.68000000,25.52000000,0,0,0,0,
	0.08636941,2.49917300,1.90000000,-2.98312600,15.68000000,25.52000000,0,0,0,0,
	0.09127301,2.49917300,1.90000000,-2.98312600,15.68000000,25.52000000,0,0,0,0,
	0.09532001,2.49917300,1.90000000,-2.98312600,15.68000000,25.52000000,0,0,0,0,
	0.10068040,2.49917300,1.90000000,-2.98312600,15.68000000,25.52000000,0,0,0,0,
	0.10606650,2.49917300,1.90000000,-2.98312600,15.76000000,25.52001000,0,0,0,0,
	0.11057100,2.49917300,1.90000000,-2.98312600,15.76000000,25.52001000,0,0,0,0,
	0.11514010,2.49917300,1.90000000,-2.98312600,15.76000000,25.52001000,0,0,0,0,
	0.11979710,2.49917300,1.90000000,-2.98312600,15.84000000,25.52000000,0,0,0,0,
	0.12516540,2.49917300,1.90000000,-2.98312600,15.84000000,25.52000000,0,0,0,0,
	0.13033060,2.49917300,1.90000000,-2.98312600,15.92000000,25.60001000,0,0,0,0,
	0.13485340,2.49917300,1.90000000,-2.98312600,15.92000000,25.60001000,0,0,0,0,
	0.14063950,2.49917300,1.90000000,-2.98312600,15.92000000,25.60001000,0,0,0,0,
	0.15209760,2.49917300,1.90000000,-2.98312600,16.00000000,25.60000000,0,0,0,0,
	0.16124770,2.49917300,1.90000000,-2.98312600,16.08000000,25.60001000,0,0,0,0,
	0.16628430,2.49917300,1.90000000,-2.98312600,16.16000000,25.60000000,0,0,0,0,
	0.17017710,2.49917300,1.90000000,-2.98312600,16.16000000,25.60000000,0,0,0,0,
	0.17463230,2.49917300,1.90000000,-2.98312600,16.24000000,25.60001000,0,0,0,0,
	0.17967050,2.49917300,1.90000000,-2.98312600,16.24000000,25.60001000,0,0,0,0,
	0.18562020,2.49917300,1.90000000,-2.98312600,16.32000000,25.60000000,0,0,0,0,
	0.19145670,2.49917300,1.90000000,-2.98312600,16.40000000,25.60000000,0,0,0,0,
	0.19717810,2.49917300,1.90000000,-2.98312600,16.48000000,25.60000000,0,0,0,0,
	0.20253400,2.49917300,1.90000000,-2.98312600,16.56000000,25.60000000,0,0,0,0,
	0.20846280,2.49917300,1.90000000,-2.98312600,16.64000000,25.60000000,0,0,0,0,
	0.21172450,2.49917300,1.90000000,-2.98312600,16.72000000,25.60001000,0,0,0,0,
	0.21694880,2.49917300,1.90000000,-2.98312600,16.72000000,25.60001000,0,0,0,0,
	0.22279670,2.49917300,1.90000000,-2.98312600,16.80000000,25.60000000,0,0,0,0,
	0.22871200,2.49917300,1.90000000,-2.98312600,16.96000000,25.60001000,0,0,0,0,
	0.23277480,2.49917300,1.90000000,-2.98312600,17.04000000,25.60000000,0,0,0,0,
	0.24016350,2.49917300,1.90000000,-2.98312600,17.12000000,25.60000000,1,0,0,0,
	0.24805320,2.49917300,1.90000000,-2.98312600,17.28000000,25.60001000,1,0,0,0,
	0.25308850,2.49917300,1.90000000,-2.98312600,17.44000000,25.60001000,1,0,0,0,
	0.25881960,2.49917300,1.90000000,-2.98312600,17.60000000,25.60000000,1,0,0,0,
	0.26524340,2.50591000,1.90000000,-2.96906700,17.76000000,25.60001000,1,0,0,0,
	0.27120720,2.50591000,1.90000000,-2.96906700,17.92000000,25.60000000,1,0,0,0,
	0.27615320,2.50591000,1.90000000,-2.96906700,18.08000000,25.60000000,1,0,0,0,
	0.28206330,2.51564200,1.90000000,-2.94875400,18.24000000,25.60000000,1,0,0,0,
	0.28803650,2.51564200,1.90000000,-2.94875400,18.40000000,25.60000000,1,0,0,0,
	0.29430430,2.51564200,1.90000000,-2.94875400,18.56000000,25.60000000,1,0,0,0,
	0.30090580,2.52851100,1.90000000,-2.92189400,18.72000000,25.60000000,1,0,0,0,
	0.30685400,2.52851100,1.90000000,-2.92189400,18.96000000,25.60001000,1,0,0,0,
	0.31255350,2.52851100,1.90000000,-2.92189400,19.12000000,25.60001000,1,0,0,0,
	0.31856990,2.52851100,1.90000000,-2.92189400,19.28000000,25.60000000,1,0,0,0,
	0.32296330,2.54557400,1.90000000,-2.88628100,19.51999000,25.60001000,1,0,0,0,
	0.32909350,2.54557400,1.90000000,-2.88628100,19.67999000,25.60000000,1,0,0,0,
	0.33538070,2.54557400,1.90000000,-2.88628100,19.83999000,25.60000000,1,0,0,0,
	0.34077250,2.56554200,1.90000000,-2.84460300,20.07999000,25.60000000,1,0,0,0,
	0.34646840,2.56554200,1.90000000,-2.84460300,20.24000000,25.60001000,1,0,0,0,
	0.35191830,2.56554200,1.90000000,-2.84460300,20.39999000,25.60000000,1,0,0,0,
	0.35713800,2.56554200,1.90000000,-2.84460300,20.63999000,25.60000000,1,0,0,0,
	0.36318400,2.58927200,1.90000000,-2.79507700,20.79999000,25.60001000,1,0,0,0,
	0.36973870,2.58927200,1.90000000,-2.79507700,21.04000000,25.52000000,1,0,0,0,
	0.37593790,2.58927200,1.90000000,-2.79507700,21.27999000,25.52000000,1,0,0,0,
	0.38227330,2.61622600,1.90000000,-2.73875700,21.51999000,25.52000000,1,0,0,0,
	0.38920890,2.61622600,1.90000000,-2.73875700,21.67999000,25.52000000,1,0,0,0,
	0.39356450,2.61622600,1.90000000,-2.73875700,21.99999000,25.44000000,1,0,0,0,
	0.39913970,2.61622600,1.90000000,-2.73875700,22.15999000,25.44000000,1,0,0,0,
	0.40493090,2.64714400,1.90000000,-2.67404600,22.31999000,25.44000000,1,0,0,0,
	0.41142970,2.64714400,1.90000000,-2.67404600,22.55999000,25.36000000,1,0,0,0,
	0.41724680,2.64714400,1.90000000,-2.67404600,22.79999000,25.36000000,1,0,0,0,
	0.42412040,2.68113200,1.90000000,-2.60277500,22.95999000,25.36000000,1,0,0,0,
	0.43167670,2.68113200,1.90000000,-2.60277500,23.27999000,25.36000000,1,0,0,0,
	0.43900820,2.68113200,1.90000000,-2.60277500,23.51999000,25.28000000,1,0,0,0,
	0.44551400,2.71879800,1.90000000,-2.52361400,23.75999000,25.28001000,1,0,0,0,
	0.45136440,2.71879800,1.90000000,-2.52361400,23.99999000,25.20001000,1,0,0,0,
	0.45533530,2.71879800,1.90000000,-2.52361400,24.23999000,25.20000000,1,0,0,0,
	0.46084240,2.75920400,1.90000000,-2.43852400,24.39999000,25.20001000,1,0,0,0,
	0.46719400,2.75920400,1.90000000,-2.43852400,24.55999000,25.12000000,1,0,0,0,
	0.47307260,2.75920400,1.90000000,-2.43852400,24.79999000,25.12001000,1,0,0,0,
	0.47821010,2.75920400,1.90000000,-2.43852400,25.03999000,25.12001000,1,0,0,0,
	0.48244710,2.80342200,1.90000000,-2.34511600,25.19999000,25.04000000,1,0,0,0,
	0.48882900,2.80342200,1.90000000,-2.34511600,25.35999000,25.04000000,1,0,0,0,
	0.49473640,2.80342200,1.90000000,-2.34511600,25.59999000,25.04001000,1,0,0,0,
	0.50098240,2.85037900,1.90000000,-2.24569200,25.83999000,24.96000000,1,0,0,0,
	0.50713630,2.85037900,1.90000000,-2.24569200,25.99999000,24.96001000,1,0,0,0,
	0.51202200,2.85037900,1.90000000,-2.24569200,26.23999000,24.88000000,1,0,0,0,
	0.51717930,2.85037900,1.90000000,-2.24569200,26.39999000,24.88000000,1,0,0,0,
	0.52298530,2.90102300,1.90000000,-2.13808000,26.55999000,24.80000000,1,0,0,0,
	0.52905060,2.90102300,1.90000000,-2.13808000,26.79999000,24.80000000,1,0,0,0,
	0.53670320,2.90102300,1.90000000,-2.13808000,26.95999000,24.72000000,1,0,0,0,
	0.54268210,2.95484100,1.90000000,-2.02333200,27.19999000,24.72001000,1,0,0,0,
	0.54828200,2.95484100,1.90000000,-2.02333200,27.43999000,24.64001000,1,0,0,0,
	0.55363310,2.95484100,1.90000000,-2.02333200,27.59999000,24.64001000,1,0,0,0,
	0.55838930,2.95484100,1.90000000,-2.02333200,27.75999000,24.56001000,1,0,0,0,
	0.56422520,3.01215200,1.90000000,-1.90064300,27.91999000,24.56000000,1,0,0,0,
	0.57030470,3.01215200,1.90000000,-1.90064300,28.07999000,24.56001000,1,0,0,0,
	0.57570930,3.01215200,1.90000000,-1.90064300,28.31999000,24.48001000,1,0,0,0,
	0.58078170,3.07224000,1.90000000,-1.77160500,28.47999000,24.48001000,1,0,0,0,
	0.58611540,3.07224000,1.90000000,-1.77160500,28.63999000,24.40000000,1,0,0,0,
	0.59168410,3.07224000,1.90000000,-1.77160500,28.79999000,24.40001000,1,0,0,0,
	0.59781840,3.07224000,1.90000000,-1.77160500,28.95999000,24.40001000,1,0,0,0,
	0.60399790,3.13584100,1.90000000,-1.63444900,29.11999000,24.32001000,1,0,0,0,
	0.60975830,3.13584100,1.90000000,-1.63444900,29.43999000,24.32001000,1,0,0,0,
	0.61494330,3.13584100,1.90000000,-1.63444900,29.59999000,24.32000000,1,0,0,0,
	0.62101790,3.20049800,1.90000000,-1.49467100,29.75999000,24.24000000,1,0,0,0,
	0.62787770,3.20049800,1.90000000,-1.49467100,29.99998000,24.24001000,1,0,0,0,
	0.63358010,3.20049800,1.90000000,-1.49467100,30.23998000,24.16000000,1,0,0,0,
	0.63865610,3.20049800,1.90000000,-1.49467100,30.39998000,24.16000000,1,0,0,0,
	0.64284360,3.26499200,1.90000000,-1.35481700,30.55998000,24.16000000,1,0,0,0,
	0.64844910,3.26499200,1.90000000,-1.35481700,30.71999000,24.08001000,1,0,0,0,
	0.65345250,3.26499200,1.90000000,-1.35481700,30.87999000,24.08001000,1,0,0,0,
	0.65733030,3.26499200,1.90000000,-1.35481700,31.03999000,24.00001000,1,0,0,0,
	0.66270820,3.32934400,1.90000000,-1.21489400,31.19999000,24.00001000,1,0,0,0,
	0.66859070,3.32934400,1.90000000,-1.21489400,31.35998000,23.92000000,1,0,0,0,
	0.67419950,3.32934400,1.90000000,-1.21489400,31.59999000,23.84001000,1,0,0,0,
	0.67816170,3.32934400,1.90000000,-1.21489400,31.75999000,23.84001000,1,0,0,0,
	0.68324450,3.39350800,1.90000000,-1.07487900,31.83999000,23.76001000,1,0,0,0,
	0.68894480,3.39350800,1.90000000,-1.07487900,31.99998000,23.76001000,1,0,0,0,
	0.69410590,3.39350800,1.90000000,-1.07487900,32.15999000,23.68001000,1,0,0,0,
	0.69841150,3.39350800,1.90000000,-1.07487900,32.31999000,23.60001000,1,0,0,0,
	0.70497550,3.45746400,1.90000000,-0.93476490,32.47998000,23.60001000,1,0,0,0,
	0.71112760,3.45746400,1.90000000,-0.93476490,32.63999000,23.52001000,1,0,0,0,
	0.71729220,3.45746400,1.90000000,-0.93476490,32.71999000,23.44001000,1,0,0,0,
	0.72284780,3.52120000,1.90000000,-0.79454280,32.87999000,23.36000000,1,0,0,0,
	0.72760890,3.52120000,1.90000000,-0.79454280,33.03999000,23.36001000,1,0,0,0,
	0.73254250,3.52120000,1.90000000,-0.79454280,33.11999000,23.28001000,1,0,0,0,
	0.73832800,3.52120000,1.90000000,-0.79454280,33.19999000,23.28001000,1,0,0,0,
	0.74338570,3.58467400,1.90000000,-0.65419890,33.35999000,23.20000000,1,0,0,0,
	0.74726300,3.58467400,1.90000000,-0.65419890,33.44000000,23.20001000,1,0,0,0,
	0.75507870,3.58467400,1.90000000,-0.65419890,33.44000000,23.20001000,1,0,0,0,
	0.75980650,3.58467400,1.90000000,-0.65419890,33.60000000,23.12001000,1,0,0,0,
	0.76614150,3.64787400,1.90000000,-0.51373330,33.68000000,23.12001000,1,0,0,0,
	0.77189200,3.64787400,1.90000000,-0.51373330,33.75999000,23.04001000,1,0,0,0,
	0.77760700,3.64787400,1.90000000,-0.51373330,33.84000000,23.04001000,1,0,0,0,
	0.78137380,3.71084100,1.90000000,-0.37315950,33.92000000,22.96001000,1,0,0,0,
	0.78800370,3.71084100,1.90000000,-0.37315950,33.92000000,22.96001000,1,0,0,0,
	0.79347500,3.71084100,1.90000000,-0.37315950,34.00001000,22.96000000,1,0,0,0,
	0.79728840,3.71084100,1.90000000,-0.37315950,34.08001000,22.88001000,1,0,0,0,
	0.80180630,3.77355100,1.90000000,-0.23247220,34.08001000,22.88001000,1,0,0,0,
	0.80745660,3.77355100,1.90000000,-0.23247220,34.16000000,22.88001000,1,0,0,0,
	0.81163570,3.77355100,1.90000000,-0.23247220,34.24001000,22.80001000,1,0,0,0,
	0.81765960,3.77355100,1.90000000,-0.23247220,34.24001000,22.80001000,1,0,0,0,
	0.82223050,3.83599500,1.90000000,-0.09166843,34.32001000,22.80000000,1,0,0,0,
	0.82838460,3.83599500,1.90000000,-0.09166843,34.32001000,22.80000000,1,0,0,0,
	0.83225570,3.83599500,1.90000000,-0.09166843,34.40002000,22.72001000,1,0,0,0,
	0.83649220,3.83599500,1.90000000,-0.09166843,34.40002000,22.72001000,1,0,0,0,
	0.84110860,3.89819900,1.90000000,0.04924077,34.48001000,22.72001000,1,0,0,0,
	0.84860740,3.89819900,1.90000000,0.04924077,34.48001000,22.72001000,1,0,0,0,
	0.85203180,3.89819900,1.90000000,0.04924077,34.56001000,22.64001000,1,0,0,0,
	0.85726770,3.89819900,1.90000000,0.04924077,34.56001000,22.64001000,1,0,0,0,
	0.86458500,3.96014200,1.90000000,0.19026360,34.64001000,22.64001000,1,0,0,0,
	0.87129730,3.96014200,1.90000000,0.19026360,34.72002000,22.56001000,1,0,0,0,
	0.87715400,3.96014200,1.90000000,0.19026360,34.80002000,22.48001000,1,0,0,0,
	0.88125850,4.02208500,2.01060000,0.33128640,34.80002000,22.48001000,1,0,0,0,
	0.88544310,4.02208500,2.01060000,0.33128640,34.80002000,22.48001000,1,0,0,0,
	0.89038640,4.02208500,2.01060000,0.33128640,34.80002000,22.48001000,1,0,0,0,
	0.89358510,4.02208500,2.01060000,0.33128640,34.80002000,22.48001000,1,0,0,0,
	0.89794630,4.02208500,2.01060000,0.33128640,34.80002000,22.48001000,1,0,0,0,
	0.90181400,4.08402700,2.11480000,0.47230920,34.80002000,22.48001000,1,0,0,0,
	0.90767320,4.08402700,2.11480000,0.47230920,34.80002000,22.48001000,1,0,0,0,
	0.91786310,4.08402700,2.11480000,0.47230920,34.80002000,22.48001000,1,0,0,0,
	0.92628940,4.14597000,2.21260000,0.61333200,34.80002000,22.48001000,1,0,0,0,
	0.93158600,4.14597000,2.21260000,0.61333200,34.80002000,22.48001000,1,0,0,0,
	0.93440870,4.14597000,2.21260000,0.61333200,34.80002000,22.48001000,1,0,0,0,
	0.94002590,4.14597000,2.21260000,0.61333200,34.80002000,22.48001000,1,0,0,0,
	0.94373860,4.20791200,2.30400000,0.75435480,34.80002000,22.48001000,1,0,0,0,
	0.94914040,4.20791200,2.30400000,0.75435480,34.80002000,22.48001000,1,0,1,0,
	0.95532080,4.20791200,2.30400000,0.75435480,34.80002000,22.48001000,1,0,1,0,
	0.96023790,4.26985500,2.38900000,0.89537760,34.80002000,22.48001000,1,0,1,0,
	0.96572210,4.26985500,2.38900000,0.89537760,34.80002000,22.48001000,1,0,1,0,
	0.96885630,4.26985500,2.38900000,0.89537760,34.80002000,22.48001000,1,0,1,0,
	0.97307780,4.26985500,2.38900000,0.89537760,34.80002000,22.48001000,1,0,1,0,
	0.97595570,4.26985500,2.38900000,0.89537760,34.80002000,22.48001000,1,0,1,0,
	0.98017280,4.33179800,2.46760000,1.03640000,34.80002000,22.48001000,1,0,1,0,
	0.98558830,4.33179800,2.46760000,1.03640000,34.80002000,22.48001000,0,0,1,0,
	0.99266120,4.33179800,2.46760000,1.03640000,34.80002000,22.48001000,0,0,1,0,
	0.99710010,4.33179800,2.46760000,1.03640000,34.88002000,22.48000000,0,0,1,0,
	1.00214900,4.40361400,2.53980000,1.17333700,34.88002000,22.48000000,0,0,1,0,
	1.00868800,4.40361400,2.53980000,1.17333700,34.96003000,22.56001000,0,0,1,0,
	1.01467300,4.40361400,2.53980000,1.17333700,34.96003000,22.80001000,0,0,1,0,
	1.02187200,4.47662000,2.60560000,1.30977400,35.04002000,22.96001000,0,0,1,0,
	1.02989400,4.47662000,2.60560000,1.30977400,35.12003000,23.52001000,0,0,1,0,
	1.03590000,4.47662000,2.60560000,1.30977400,35.12003000,24.08001000,0,0,1,0,
	1.04139100,4.55375700,2.66500000,1.44436400,35.12003000,24.64001000,0,0,1,0,
	1.05059100,4.55375700,2.66500000,1.44436400,35.12003000,25.28000000,0,0,1,0,
	1.05675300,4.55375700,2.66500000,1.44436400,35.12003000,26.32001000,0,0,1,0,
	1.06324500,4.63689800,2.71800000,1.57598600,35.12003000,27.12000000,0,0,1,0,
	1.06865900,4.63689800,2.71800000,1.57598600,35.12003000,28.00000000,0,0,1,0,
	1.07824100,4.63689800,2.71800000,1.57598600,35.12003000,28.80000000,0,0,1,1,
	1.08951000,4.72404400,2.76460000,1.70544400,35.12003000,30.08001000,0,0,0,1,
	1.09908700,4.72404400,2.76460000,1.70544400,35.12003000,31.68001000,0,0,0,1,
	1.10531000,4.79402400,2.80480000,1.84549600,35.04002000,33.20001000,0,0,0,1,
	1.11142700,4.79402400,2.80480000,1.84549600,35.04003000,34.00001000,0,0,0,1,
	1.11988400,4.79402400,2.80480000,1.84549600,34.96003000,34.88001000,0,0,0,1,
	1.12677500,4.86400300,2.83860000,1.98554800,34.96003000,36.08001000,0,0,0,1,
	1.13290700,4.86400300,2.83860000,1.98554800,34.88002000,36.88000000,0,0,0,1,
	1.13841500,4.86400300,2.83860000,1.98554800,34.88002000,37.52000000,0,0,0,1,
	1.14384800,4.93398200,2.86600000,2.12560000,34.80002000,37.92001000,0,0,0,1,
	1.15032700,4.93398200,2.86600000,2.12560000,34.80002000,38.40001000,0,0,0,1,
	1.15623700,4.93398200,2.86600000,2.12560000,34.80002000,38.72001000,0,0,0,1,
	1.16126500,5.00396100,2.88700000,2.26565200,34.72002000,38.88000000,0,0,0,1,
	1.16599000,5.00396100,2.88700000,2.26565200,34.72002000,38.88000000,0,0,0,1,
	1.17032200,5.00396100,2.88700000,2.26565200,34.72002000,38.88000000,0,0,0,1,
	1.17474100,5.00396100,2.88700000,2.26565200,34.72002000,38.88000000,0,0,0,1,
	1.17966200,5.00396100,2.88700000,2.26565200,34.72002000,38.88000000,0,0,0,1,
	1.18562300,5.07394000,2.90160000,2.40570400,34.72003000,38.72001000,0,0,0,1,
	1.19765300,5.07394000,2.90160000,2.40570400,34.72002000,38.48001000,0,0,0,1,
	1.21048600,5.14391900,2.90980000,2.54575600,34.64001000,37.36000000,0,0,0,1,
	1.21943600,5.14391900,2.90980000,2.54575600,34.64001000,35.84001000,0,0,0,1,
	1.22749900,5.21389900,2.91160000,2.68580800,34.56001000,34.24001000,0,0,0,1,
	1.24865000,5.28387800,2.90700000,2.82586100,34.56001000,32.72000000,0,0,0,1,
	1.25968500,5.28387800,2.90700000,2.82586100,34.32001000,28.00000000,0,0,0,1,
	1.26894200,5.33785800,2.89600000,2.97397100,34.16002000,25.12000000,0,0,0,1,
	1.27918300,5.33785800,2.89600000,2.97397100,34.16001000,23.04000000,0,0,0,1,
	1.28790400,5.38145000,2.87860000,3.12629000,34.08001000,21.04000000,0,0,0,1,
	1.29515400,5.38145000,2.87860000,3.12629000,34.00001000,18.80000000,0,0,0,1,
	1.30289800,5.41581900,2.85480000,3.28166700,34.00002000,17.52000000,0,0,0,1,
	1.30959100,5.41581900,2.85480000,3.28166700,34.00002000,16.00000000,0,0,0,1,
	1.31613900,5.41581900,2.85480000,3.28166700,33.92001000,14.88000000,0,0,0,1,
	1.32291300,5.44098200,2.82460000,3.43954200,33.92001000,14.08000000,0,0,0,1,
	1.33121500,5.44098200,2.82460000,3.43954200,33.84001000,13.28000000,0,0,0,1,
	1.34037100,5.46224100,2.78800000,3.59831800,33.76000000,12.64000000,0,0,0,1,
	1.34758400,5.46224100,2.78800000,3.59831800,33.76001000,12.24000000,0,0,0,1,
	1.35307400,5.46224100,2.78800000,3.59831800,33.68000000,12.08000000,0,0,1,1,
	1.36351500,5.48197600,2.74500000,3.75742300,33.68000000,12.08000000,0,0,1,0,
	1.37217700,5.48197600,2.74500000,3.75742300,33.68000000,12.08000000,0,0,1,0,
	1.38402100,5.52909000,2.69560000,3.91066900,33.68000000,12.08000000,0,0,1,0,
	1.39489200,5.52909000,2.69560000,3.91066900,33.60000000,12.48000000,0,0,1,0,
	1.40005100,5.57881500,2.63980000,4.06332200,33.52000000,13.04000000,0,0,1,0,
	1.40714200,5.57881500,2.63980000,4.06332200,33.52000000,13.44000000,0,0,1,0,
	1.41335000,5.57881500,2.63980000,4.06332200,33.44000000,14.00000000,0,0,1,0,
	1.41979600,5.57881500,2.63980000,4.06332200,33.36000000,14.56000000,0,0,1,0,
	1.42556600,5.63439000,2.57760000,4.21447200,33.36000000,15.20000000,0,0,1,0,
	1.43219600,5.63439000,2.57760000,4.21447200,33.27999000,15.92000000,0,0,1,0,
	1.43842500,5.63439000,2.57760000,4.21447200,33.19999000,16.56000000,0,0,1,0,
	1.44339400,5.69555400,2.68820000,4.36395800,33.11999000,17.28000000,0,0,1,0,
	1.45249800,5.69555400,2.68820000,4.36395800,33.03999000,17.92000000,0,0,1,0,
	1.46165600,5.76204100,2.79240000,4.51162700,32.95999000,19.28000000,0,0,1,0,
	1.47134000,5.76204100,2.79240000,4.51162700,32.79999000,20.96000000,0,0,1,0,
	1.47814100,5.76204100,2.79240000,4.51162700,32.71998000,22.80000000,0,0,1,0,
	1.48374900,5.84146000,2.89020000,4.65391300,32.63998000,24.24000000,0,0,1,0,
	1.48979900,5.84146000,2.89020000,4.65391300,32.55999000,25.60001000,0,0,1,0,
	1.49608200,5.84146000,2.89020000,4.65391300,32.47998000,26.88001000,0,0,1,0,
	1.50421100,5.93061400,2.98160000,4.79128200,32.39997000,28.08001000,0,0,1,0,
	1.51156200,5.93061400,2.98160000,4.79128200,32.23998000,29.84001000,0,0,1,0,
	1.51759100,5.93061400,2.98160000,4.79128200,32.15998000,31.60001000,0,0,1,0,
	1.52527500,6.03148100,3.06660000,4.92153000,32.07997000,32.88000000,0,0,1,0,
	1.53349100,6.03148100,3.06660000,4.92153000,31.99997000,34.48000000,0,0,1,0,
	1.54204900,6.14002800,3.14520000,5.04633100,31.91997000,36.16000000,0,0,1,0,
	1.54705900,6.14002800,3.14520000,5.04633100,31.83998000,37.76000000,0,0,1,0,
	1.55278400,6.14002800,3.14520000,5.04633100,31.83998000,38.80000000,0,0,1,0,
	1.55996600,6.14002800,3.14520000,5.04633100,31.83997000,39.84000000,0,0,1,0,
	1.56710500,6.25930800,3.21740000,5.16238400,31.75997000,40.96001000,0,0,1,0,
	1.57378100,6.25930800,3.21740000,5.16238400,31.75997000,42.08000000,0,0,1,0,
	1.57975100,6.25930800,3.21740000,5.16238400,31.67998000,43.04000000,0,0,1,0,
	1.58587300,6.38487200,3.28320000,5.27258900,31.67998000,43.92000000,0,0,1,0,
	1.59202300,6.38487200,3.28320000,5.27258900,31.59997000,44.56000000,0,0,1,0,
	1.59751700,6.38487200,3.28320000,5.27258900,31.59998000,45.20000000,0,0,1,0,
	1.60457100,6.51388800,3.34260000,5.37933600,31.51997000,45.60001000,0,0,1,0,
	1.61044400,6.51388800,3.34260000,5.37933600,31.51998000,46.16001000,0,0,1,0,
	1.61534700,6.51388800,3.34260000,5.37933600,31.43998000,46.48001000,0,0,1,0,
	1.62115700,6.64515600,3.39560000,5.48372000,31.43998000,46.72000000,0,0,1,0,
	1.62891000,6.64515600,3.39560000,5.48372000,31.43998000,46.88000000,0,0,0,1,
	1.63544000,6.64515600,3.39560000,5.48372000,31.43998000,47.04000000,0,0,0,1,
	1.63938200,6.64515600,3.39560000,5.48372000,31.43998000,47.04000000,0,0,0,1,
	1.64305800,6.75798000,3.44220000,5.60791300,31.43998000,47.04000000,0,0,0,1,
	1.64801300,6.75798000,3.44220000,5.60791300,31.43998000,47.04000000,0,0,0,1,
	1.65059700,6.75798000,3.44220000,5.60791300,31.43998000,47.04000000,0,0,0,1,
	1.65575000,6.75798000,3.44220000,5.60791300,31.43998000,47.04000000,0,0,0,1,
	1.66154700,6.87064500,3.48240000,5.73227600,31.43998000,46.96000000,0,0,0,1,
	1.66768600,6.87064500,3.48240000,5.73227600,31.43998000,46.88000000,0,0,0,1,
	1.67214600,6.87064500,3.48240000,5.73227600,31.43998000,46.71999000,0,0,0,1,
	1.67792600,6.87064500,3.48240000,5.73227600,31.43998000,46.56001000,0,0,0,1,
	1.68493900,6.98202400,3.51620000,5.85799600,31.43998000,46.32000000,0,0,0,1,
	1.69115100,6.98202400,3.51620000,5.85799600,31.51997000,46.00000000,0,0,0,1,
	1.69781000,6.98202400,3.51620000,5.85799600,31.51997000,45.68000000,0,0,0,1,
	1.70391200,7.09127700,3.54360000,5.98588900,31.51998000,45.28000000,0,0,0,1,
	1.71111900,7.09127700,3.54360000,5.98588900,31.59998000,44.88000000,0,0,0,1,
	1.71815100,7.09127700,3.54360000,5.98588900,31.59997000,44.40000000,0,0,0,1,
	1.72443600,7.19751300,3.56460000,6.11672900,31.59998000,43.84000000,0,0,0,1,
	1.73207300,7.19751300,3.56460000,6.11672900,31.59997000,43.36000000,0,0,0,1,
	1.73914000,7.19751300,3.56460000,6.11672900,31.59997000,42.64000000,0,0,0,1,
	1.74776400,7.29959700,3.57920000,6.25137900,31.59997000,41.91999000,0,0,0,1,
	1.75765900,7.29959700,3.57920000,6.25137900,31.59997000,40.88000000,0,0,0,1,
	1.76793700,7.39683200,3.58739900,6.39014100,31.59997000,39.75999000,0,0,0,1,
	1.77409500,7.39683200,3.58739900,6.39014100,31.59998000,38.16000000,0,0,0,1,
	1.77992900,7.39683200,3.58739900,6.39014100,31.59998000,37.20000000,0,0,0,1,
	1.78544500,7.48580700,3.58920000,6.53521300,31.59997000,36.24000000,0,0,0,1,
	1.79296000,7.48580700,3.58920000,6.53521300,31.59998000,35.52000000,0,0,0,1,
	1.79957100,7.48580700,3.58920000,6.53521300,31.51998000,34.08000000,0,0,0,1,
	1.80552300,7.56732100,3.58459900,6.68534800,31.51997000,33.20000000,0,0,0,1,
	1.81262600,7.56732100,3.58459900,6.68534800,31.43998000,32.00000000,0,0,0,1,
	1.81791200,7.56732100,3.58459900,6.68534800,31.43998000,30.79999000,0,0,0,1,
	1.82362600,7.64025600,3.57360000,6.84062900,31.35998000,29.83999000,0,0,0,1,
	1.83024300,7.64025600,3.57360000,6.84062900,31.27997000,28.72000000,0,0,0,1,
	1.83677000,7.64025600,3.57360000,6.84062900,31.27997000,27.76000000,0,0,0,1,
	1.84294900,7.70450300,3.55620000,7.00046100,31.19997000,26.55999000,0,0,0,1,
	1.84965500,7.70450300,3.55620000,7.00046100,31.19998000,25.51999000,0,0,0,1,
	1.85572000,7.70450300,3.55620000,7.00046100,31.11997000,24.31999000,0,0,0,1,
	1.86333900,7.75977800,3.53240000,7.16435600,31.11997000,23.27999000,0,0,0,1,
	1.87059600,7.75977800,3.53240000,7.16435600,31.03998000,22.23999000,0,0,0,1,
	1.87667200,7.75977800,3.53240000,7.16435600,31.03998000,20.87999000,0,0,0,1,
	1.88380600,7.80559900,3.50220000,7.33188600,31.03997000,19.91999000,0,0,0,1,
	1.88995500,7.80559900,3.50220000,7.33188600,31.03997000,18.71999000,0,0,0,1,
	1.89430800,7.80559900,3.50220000,7.33188600,31.03997000,17.75999000,0,0,0,1,
	1.90082700,7.84382500,3.50044000,7.50190000,31.03998000,17.27999000,0,0,0,1,
	1.90688900,7.84382500,3.50044000,7.50190000,31.03998000,16.31999000,0,0,0,1,
	1.91406000,7.84382500,3.50044000,7.50190000,31.03998000,15.59999000,0,0,0,1,
	1.92353500,7.87480000,3.61104000,7.67394100,31.03997000,14.79999000,0,0,0,1,
	1.93254600,7.87480000,3.61104000,7.67394100,31.03998000,14.07999000,0,0,0,1,
	1.94035400,7.90222900,3.71524000,7.84685900,31.03998000,13.59999000,0,0,0,1,
	1.94726800,7.90222900,3.71524000,7.84685900,31.11997000,13.51999000,0,0,0,1,
	1.95341400,7.90222900,3.71524000,7.84685900,31.11997000,13.51999000,0,0,0,1,
	1.96326500,7.92942100,3.81304000,8.01983400,31.11997000,13.51999000,0,0,1,1,
	1.98332800,7.95661400,3.90444000,8.19280800,31.19998000,13.67999000,0,0,1,0,
	1.99821000,7.95661400,3.90444000,8.19280800,31.35997000,14.95999000,0,0,1,0,
	2.00603200,8.02045000,3.98944000,8.35580500,31.51997000,16.79999000,0,0,1,0,
	2.01560800,8.02045000,3.98944000,8.35580500,31.67998000,17.99999000,0,0,1,0,
	2.02418600,8.09236500,4.06804000,8.51603400,31.91997000,19.59999000,0,0,1,0,
	2.03543500,8.09236500,4.06804000,8.51603400,32.23997000,21.35999000,0,0,1,0,
	2.04515400,8.17625000,4.14024000,8.67122800,32.55997000,23.83999000,0,0,1,0,
	2.05555900,8.17625000,4.14024000,8.67122800,32.87997000,26.47999000,0,0,1,0,
	2.06575300,8.27492400,4.20604000,8.81858400,33.19997000,29.27999000,0,0,1,0,
	2.07759200,8.27492400,4.20604000,8.81858400,33.51997000,32.55999000,0,0,1,0,
	2.08636000,8.39153700,4.26544000,8.95358000,33.75998000,36.31999000,0,0,1,0,
	2.09902600,8.39153700,4.26544000,8.95358000,33.99997000,39.43999000,0,0,1,0,
	2.10771500,8.52537100,4.31844000,9.07309400,34.23998000,43.75999000,0,0,1,0,
	2.11768700,8.52537100,4.31844000,9.07309400,34.47998000,47.75999000,0,0,1,0,
	2.12674700,8.67524200,4.36504000,9.17369700,34.71998000,51.67999000,0,0,1,0,
	2.13751000,8.67524200,4.36504000,9.17369700,35.03998000,55.67999000,0,0,1,0,
	2.14715300,8.83880800,4.40524000,9.25254900,35.35998000,59.83999000,0,0,1,0,
	2.15704300,8.83880800,4.40524000,9.25254900,35.75998000,64.23999000,0,0,1,0,
	2.16586100,9.01329000,4.43904000,9.30657400,36.15998000,68.39998000,0,0,1,0,
	2.17425000,9.01329000,4.43904000,9.30657400,36.47998000,72.16000000,0,0,1,0,
	2.18378400,9.19407400,4.46644000,9.33906600,36.79997000,75.43999000,0,0,1,0,
	2.19245400,9.19407400,4.46644000,9.33906600,37.19999000,79.67999000,0,0,1,0,
	2.20505800,9.37858000,4.48744000,9.34774500,37.43999000,82.95999000,0,0,1,0,
	2.21652500,9.37858000,4.48744000,9.34774500,37.83999000,88.23999000,0,0,1,0,
	2.22565200,9.56256200,4.50203900,9.32240100,38.31998000,93.51999000,0,0,1,0,
	2.23381800,9.56256200,4.50203900,9.32240100,38.55999000,97.20000000,0,0,1,0,
	2.24115800,9.74305200,4.51024000,9.27451200,38.79999000,100.56000000,0,0,1,0,
	2.25299700,9.74305200,4.51024000,9.27451200,38.95999000,103.44000000,0,0,1,0,
	2.26064900,9.91666100,4.51204000,9.20310800,39.11999000,108.08000000,0,0,1,0,
	2.26814400,9.91666100,4.51204000,9.20310800,39.19999000,111.12000000,0,0,1,0,
	2.27470200,9.91666100,4.51204000,9.20310800,39.27999000,113.60000000,0,0,1,0,
	2.28125900,10.08010000,4.50744000,9.10811100,39.36000000,115.92000000,0,0,1,0,
	2.28868000,10.08010000,4.50744000,9.10811100,39.36000000,117.92000000,0,0,1,0,
	2.29476800,10.08010000,4.50744000,9.10811100,39.36000000,120.56000000,0,0,1,0,
	2.30091200,10.23200000,4.49643900,8.99356000,39.43999000,122.80000000,0,0,1,0,
	2.30786900,10.23200000,4.49643900,8.99356000,39.43999000,124.56000000,0,0,1,0,
	2.31420000,10.23200000,4.49643900,8.99356000,39.44000000,126.96000000,0,0,1,0,
	2.32001400,10.23200000,4.49643900,8.99356000,39.43999000,128.72000000,0,0,1,0,
	2.32514500,10.36833000,4.47904000,8.85880000,39.52000000,130.48000000,0,0,1,0,
	2.33572400,10.36833000,4.47904000,8.85880000,39.52000000,131.84000000,0,0,1,0,
	2.34013100,10.49505000,4.45524000,8.71399000,39.52000000,134.64000000,0,0,1,0,
	2.34575200,10.49505000,4.45524000,8.71399000,39.52000000,135.68000000,0,0,1,0,
	2.35169600,10.49505000,4.45524000,8.71399000,39.52000000,136.96000000,0,0,1,0,
	2.35765800,10.49505000,4.45524000,8.71399000,39.52000000,138.08000000,0,0,1,0,
	2.36360500,10.61027000,4.42504000,8.55866500,39.51999000,139.28000000,0,0,1,0,
	2.37062600,10.61027000,4.42504000,8.55866500,39.51999000,140.40000000,0,0,1,0,
	2.37807600,10.61027000,4.42504000,8.55866500,39.52000000,141.44000000,0,0,1,0,
	2.38454900,10.71728000,4.38844000,8.39677100,39.52000000,142.40000000,0,0,1,0,
	2.39049200,10.71728000,4.38844000,8.39677100,39.52000000,143.28000000,0,0,1,0,
	2.39528100,10.71728000,4.38844000,8.39677100,39.43999000,143.84000000,0,0,1,0,
	2.40085700,10.81927000,4.34543900,8.23119000,39.43999000,144.24000000,0,0,1,0,
	2.40699200,10.81927000,4.34543900,8.23119000,39.43999000,144.72000000,0,0,1,0,
	2.41244900,10.81927000,4.34543900,8.23119000,39.44000000,145.04000000,0,0,1,0,
	2.41567500,10.81927000,4.34543900,8.23119000,39.43999000,145.20000000,0,0,1,0,
	2.41987500,10.81927000,4.34543900,8.23119000,39.43999000,145.20000000,0,0,1,0,
	2.42335000,10.91860000,4.29604000,8.06373900,39.43999000,145.20000000,0,0,1,0,
	2.42822600,10.91860000,4.29604000,8.06373900,39.43999000,145.20000000,0,0,1,0,
	2.43222000,10.91860000,4.29604000,8.06373900,39.43999000,145.20000000,0,0,1,0,
	2.43539000,10.91860000,4.29604000,8.06373900,39.43999000,145.20000000,0,0,1,0,
	2.44033500,11.01793000,4.40664000,7.89628800,39.43999000,145.20000000,0,0,1,0,
	2.44553700,11.01793000,4.40664000,7.89628800,39.43999000,145.12000000,0,0,1,0,
	2.44986100,11.01793000,4.40664000,7.89628800,39.44000000,145.04000000,0,0,1,0,
	2.45697700,11.01793000,4.40664000,7.89628800,39.44001000,144.80000000,0,0,1,0,
	2.46313800,11.11726000,4.51083900,7.72883700,39.43999000,144.40000000,0,0,1,0,
	2.47509500,11.11726000,4.51083900,7.72883700,39.52000000,144.00000000,0,0,1,1,
	2.48464900,11.21660000,4.60863900,7.56138600,39.60000000,142.88000000,0,0,0,1,
	2.49519800,11.21660000,4.60863900,7.56138600,39.68000000,141.68000000,0,0,0,1,
	2.50339500,11.34714000,4.70003900,7.41927800,39.76000000,140.24000000,0,0,0,1,
	2.51171400,11.34714000,4.70003900,7.41927800,39.76000000,138.96000000,0,0,0,1,
	2.51811000,11.34714000,4.70003900,7.41927800,39.84000000,137.28000000,0,0,0,1,
	2.52410500,11.49124000,4.78503900,7.28943500,39.84001000,136.16000000,0,0,0,1,
	2.53127100,11.49124000,4.78503900,7.28943500,39.84000000,134.88000000,0,0,0,1,
	2.53812700,11.49124000,4.78503900,7.28943500,39.84000000,133.28000000,0,0,0,1,
	2.54554800,11.64536000,4.86363900,7.17023500,39.84000000,131.84000000,0,0,0,1,
	2.55178100,11.64536000,4.86363900,7.17023500,39.84000000,129.84000000,0,0,0,1,
	2.55865800,11.64536000,4.86363900,7.17023500,39.92000000,128.24000000,0,0,0,1,
	2.56612000,11.81107000,4.93583900,7.06579400,39.92001000,126.32000000,0,0,0,1,
	2.57266500,11.81107000,4.93583900,7.06579400,40.00001000,124.56000000,0,0,0,1,
	2.57971000,11.81107000,4.93583900,7.06579400,40.08002000,122.56000000,0,0,0,1,
	2.58532700,11.98787000,5.00163900,6.97893200,40.16002000,120.24000000,0,0,0,1,
	2.59068000,11.98787000,5.00163900,6.97893200,40.16001000,118.88000000,0,0,0,1,
	2.59692900,11.98787000,5.00163900,6.97893200,40.24002000,117.04000000,0,0,0,1,
	2.60265400,12.17325000,5.06103900,6.90930400,40.24001000,114.64000000,0,0,0,1,
	2.60999600,12.17325000,5.06103900,6.90930400,40.32002000,112.48000000,0,0,0,1,
	2.61731900,12.17325000,5.06103900,6.90930400,40.32001000,110.16000000,0,0,0,1,
	2.62286100,12.36700000,5.11403900,6.86282200,40.32001000,107.52000000,0,0,0,1,
	2.63015000,12.36700000,5.11403900,6.86282200,40.32001000,105.28000000,0,0,0,1,
	2.63564600,12.36700000,5.11403900,6.86282200,40.32002000,102.96000000,0,0,0,1,
	2.64192400,12.56607000,5.16063900,6.83938500,40.32001000,100.72000000,0,0,0,1,
	2.64792500,12.56607000,5.16063900,6.83938500,40.32001000,98.71998000,0,0,0,1,
	2.65261600,12.56607000,5.16063900,6.83938500,40.32002000,96.79997000,0,0,0,1,
	2.65776700,12.56607000,5.16063900,6.83938500,40.32001000,95.03998000,0,0,0,1,
	2.66461900,12.76785000,5.20083900,6.84099900,40.32002000,93.51998000,0,0,0,1,
	2.67067300,12.76785000,5.20083900,6.84099900,40.32002000,91.11998000,0,0,0,1,
	2.67666600,12.76785000,5.20083900,6.84099900,40.32001000,89.11998000,0,0,0,1,
	2.68369700,12.96941000,5.23463900,6.86430800,40.32001000,87.35998000,0,0,0,1,
	2.69137600,12.96941000,5.23463900,6.86430800,40.32001000,84.95998000,0,0,0,1,
	2.69770200,12.96941000,5.23463900,6.86430800,40.32001000,82.55997000,0,0,0,1,
	2.70467900,13.16796000,5.26203900,6.91151200,40.32002000,80.55997000,0,0,0,1,
	2.71084000,13.16796000,5.26203900,6.91151200,40.32001000,78.31998000,0,0,0,1,
	2.71815200,13.16796000,5.26203900,6.91151200,40.24002000,76.39998000,0,0,0,1,
	2.72333800,13.36092000,5.28303900,6.98140700,40.24001000,73.99998000,0,0,0,1,
	2.72890400,13.36092000,5.28303900,6.98140700,40.16002000,72.39999000,0,0,0,1,
	2.73640000,13.36092000,5.28303900,6.98140700,40.08001000,70.47998000,0,0,0,1,
	2.74358000,13.54711000,5.29763900,7.07018100,40.00001000,68.39999000,0,0,0,1,
	2.74987000,13.54711000,5.29763900,7.07018100,39.92001000,66.07998000,0,0,0,1,
	2.75610600,13.54711000,5.29763900,7.07018100,39.84000000,64.39998000,0,0,0,1,
	2.76291200,13.72424000,5.30583900,7.17792800,39.76000000,62.55998000,0,0,0,1,
	2.77255500,13.72424000,5.30583900,7.17792800,39.68000000,60.71999000,0,0,0,1,
	2.77730700,13.72424000,5.30583900,7.17792800,39.60001000,58.55998000,0,0,0,1,
	2.78364300,13.89153000,5.30763900,7.30205000,39.60000000,57.27998000,0,0,0,1,
	2.78968600,13.89153000,5.30763900,7.30205000,39.43999000,55.43998000,0,0,0,1,
	2.79716400,13.89153000,5.30763900,7.30205000,39.35999000,53.99998000,0,0,0,1,
	2.80366500,14.04858000,5.30303900,7.44030000,39.36000000,52.47998000,0,0,0,1,
	2.81024200,14.04858000,5.30303900,7.44030000,39.20000000,50.79998000,0,0,0,1,
	2.81684900,14.04858000,5.30303900,7.44030000,39.12000000,49.27998000,0,0,0,1,
	2.82262400,14.19400000,5.29203900,7.59204100,38.96000000,47.59998000,0,0,0,1,
	2.83094600,14.19400000,5.29203900,7.59204100,38.88000000,46.31998000,0,0,0,1,
	2.83694200,14.19400000,5.29203900,7.59204100,38.79999000,44.55999000,0,0,0,1,
	2.84363300,14.32837000,5.27463900,7.75472900,38.71999000,43.35999000,0,0,0,1,
	2.85082900,14.32837000,5.27463900,7.75472900,38.55999000,41.91998000,0,0,0,1,
	2.85659500,14.32837000,5.27463900,7.75472900,38.47998000,40.63998000,0,0,0,1,
	2.86364200,14.45228000,5.25083900,7.92646700,38.39999000,39.59998000,0,0,0,1,
	2.87097400,14.45228000,5.25083900,7.92646700,38.23999000,38.15999000,0,0,0,1,
	2.87840100,14.45228000,5.25083900,7.92646700,38.16000000,36.95998000,0,0,0,1,
	2.88412000,14.56412000,5.22063900,8.10725100,38.07999000,35.51999000,0,0,0,1,
	2.89266200,14.56412000,5.22063900,8.10725100,37.99999000,34.63998000,0,0,0,1,
	2.89971200,14.56412000,5.22063900,8.10725100,37.83998000,33.03999000,0,0,0,1,
	2.90610300,14.66453000,5.18403900,8.29547400,37.75998000,31.83999000,0,0,0,1,
	2.91330100,14.66453000,5.18403900,8.29547400,37.67998000,30.71999000,0,0,0,1,
	2.92025400,14.75694000,5.14103900,8.48830500,37.59998000,29.35999000,0,0,0,1,
	2.92725500,14.75694000,5.14103900,8.48830500,37.43998000,28.07998000,0,0,0,1,
	2.93428000,14.75694000,5.14103900,8.48830500,37.35997000,26.71998000,0,0,0,1,
	2.94062600,14.83548000,5.09163900,8.68808100,37.19998000,25.19998000,0,0,0,1,
	2.94805800,14.83548000,5.09163900,8.68808100,37.03998000,23.91998000,0,0,0,1,
	2.95388000,14.83548000,5.09163900,8.68808100,36.87998000,22.63998000,0,0,0,1,
	2.96044300,14.90046000,5.03583900,8.89349500,36.79998000,21.27998000,0,0,0,1,
	2.96679500,14.90046000,5.03583900,8.89349500,36.63998000,20.15998000,0,0,0,1,
	2.97599400,14.90046000,5.03583900,8.89349500,36.47997000,18.87998000,0,0,0,1,
	2.98440700,14.94973000,4.97363900,9.10410000,36.31998000,16.87998000,0,0,0,1,
	2.99082000,14.94973000,4.97363900,9.10410000,36.15998000,15.03998000,0,0,0,1,
	2.99664300,14.94973000,4.97363900,9.10410000,35.99997000,13.59998000,0,0,0,1,
	3.00324000,14.98200000,4.90503900,9.31887500,35.83997000,12.23998000,0,0,0,1,
	3.00940000,14.98200000,4.90503900,9.31887500,35.67998000,10.63998000,0,0,0,1,
	3.01608400,14.98200000,4.90503900,9.31887500,35.51998000,9.27997800,0,0,0,1,
	3.02207700,14.99721000,4.83003900,9.53641100,35.35998000,7.67997800,0,0,0,1,
	3.02971300,14.99721000,4.83003900,9.53641100,35.19998000,5.99997800,0,0,0,1,
	3.03704500,14.99721000,4.83003900,9.53641100,34.95998000,3.91997700,0,0,0,1,
	3.04177800,14.98963000,4.74863900,9.75540600,34.71997000,1.67997700,0,0,0,1,
	3.05140300,14.98963000,4.74863900,9.75540600,34.55997000,0.39997730,0,0,0,1,
	3.05745800,14.98963000,4.74863900,9.75540600,34.23997000,357.76000000,0,0,0,1,
	3.06181600,14.96064000,4.85923900,9.97360100,34.07998000,356.08000000,0,0,0,1,
	3.06850300,14.96064000,4.85923900,9.97360100,33.91998000,354.48000000,0,0,0,1,
	3.07478600,14.96064000,4.85923900,9.97360100,33.67997000,352.48000000,0,0,0,1,
	3.08078400,14.91064000,4.96343900,10.18899000,33.51997000,350.56000000,0,0,0,1,
	3.08722900,14.91064000,4.96343900,10.18899000,33.27997000,348.80000000,0,0,0,1,
	3.09502100,14.91064000,4.96343900,10.18899000,33.11997000,346.88000000,0,0,0,1,
	3.10169800,14.83841000,5.06123900,10.39908000,32.87997000,344.64000000,0,0,0,1,
	3.10816000,14.83841000,5.06123900,10.39908000,32.63997000,342.64000000,0,0,0,1,
	3.11471200,14.83841000,5.06123900,10.39908000,32.47997000,341.12000000,0,0,0,1,
	3.12119600,14.74796000,5.15263900,10.60301000,32.23997000,339.68000000,0,0,0,1,
	3.12978600,14.74796000,5.15263900,10.60301000,32.07996000,338.40000000,0,0,0,1,
	3.13761000,14.74796000,5.15263900,10.60301000,31.83997000,336.72000000,0,0,0,1,
	3.14357700,14.64347000,5.23763900,10.80099000,31.59996000,335.76000000,0,0,0,1,
	3.14992200,14.64347000,5.23763900,10.80099000,31.51996000,335.12000000,0,0,0,1,
	3.15602900,14.64347000,5.23763900,10.80099000,31.35997000,334.72000000,0,0,0,1,
	3.15924800,14.64347000,5.23763900,10.80099000,31.27997000,334.56000000,0,0,0,1,
	3.16459600,14.53473000,5.31623900,10.99698000,31.27997000,334.56000000,0,0,0,1,
	3.17264100,14.53473000,5.31623900,10.99698000,31.19996000,334.56000000,0,0,0,1,
	3.17915100,14.53473000,5.31623900,10.99698000,31.03997000,334.88000000,0,0,0,1,
	3.19298400,14.42600000,5.38843900,11.19297000,30.87996000,335.28000000,0,0,1,0,
	3.20580000,14.34269000,5.45423900,11.39986000,30.47997000,336.80000000,0,0,1,0,
	3.21352400,14.34269000,5.45423900,11.39986000,30.23996000,338.80000000,0,0,1,0,
	3.22007300,14.27978000,5.51363900,11.61454000,30.15996000,340.08000000,0,0,1,0,
	3.22620200,14.27978000,5.51363900,11.61454000,29.99997000,341.28000000,0,0,1,0,
	3.23377600,14.27978000,5.51363900,11.61454000,29.91997000,342.40000000,0,0,1,0,
	3.23960600,14.27978000,5.51363900,11.61454000,29.83997000,344.08000000,0,0,1,0,
	3.24673500,14.23633000,5.56663900,11.83504000,29.83997000,345.28000000,0,0,1,0,
	3.25387700,14.23633000,5.56663900,11.83504000,29.75997000,346.72000000,0,0,1,0,
	3.26015800,14.20482000,5.61323900,12.05816000,29.67997000,348.40000000,0,0,1,0,
	3.26770100,14.20482000,5.61323900,12.05816000,29.67997000,350.00000000,0,0,1,0,
	3.27334100,14.20482000,5.61323900,12.05816000,29.67997000,352.00000000,0,0,1,0,
	3.28070100,14.19230000,5.65343900,12.28406000,29.67997000,353.28000000,0,0,1,0,
	3.28669800,14.19230000,5.65343900,12.28406000,29.67997000,355.36000000,0,0,1,0,
	3.29176900,14.19230000,5.65343900,12.28406000,29.67997000,356.64000000,0,0,1,0,
	3.29965800,14.19230000,5.65343900,12.28406000,29.67997000,358.32000000,0,0,1,0,
	3.30634700,14.20725000,5.68723900,12.51108000,29.67997000,0.23998010,0,0,1,0,
	3.31180300,14.20725000,5.68723900,12.51108000,29.67997000,2.15998100,0,0,1,0,
	3.31769900,14.20725000,5.68723900,12.51108000,29.75997000,3.99998000,0,0,1,0,
	3.32371800,14.24344000,5.71463900,12.73669000,29.83997000,5.59998000,0,0,1,0,
	3.33073300,14.24344000,5.71463900,12.73669000,29.99997000,7.27997900,0,0,1,0,
	3.33707300,14.24344000,5.71463900,12.73669000,30.15997000,9.59998200,0,0,1,0,
	3.34403100,14.30166000,5.73563900,12.95866000,30.31997000,11.19998000,0,0,1,0,
	3.35074100,14.30166000,5.73563900,12.95866000,30.55997000,13.19998000,0,0,1,0,
	3.35740200,14.30166000,5.73563900,12.95866000,30.71997000,15.43998000,0,0,1,0,
	3.36412600,14.38308000,5.75023800,13.17432000,30.79997000,17.19998000,0,0,1,0,
	3.37167000,14.38308000,5.75023800,13.17432000,30.95997000,18.87998000,0,0,1,0,
	3.38049300,14.47929000,5.75843900,13.38455000,31.03997000,21.11998000,0,0,1,0,
	3.38693600,14.47929000,5.75843900,13.38455000,31.11997000,23.11998000,0,0,1,0,
	3.39467300,14.47929000,5.75843900,13.38455000,31.19996000,24.87998000,0,0,1,0,
	3.40046000,14.59629000,5.76023900,13.58512000,31.35997000,26.79998000,0,0,1,0,
	3.40692100,14.59629000,5.76023900,13.58512000,31.43997000,28.31998000,0,0,1,0,
	3.41311000,14.59629000,5.76023900,13.58512000,31.43997000,29.67998000,0,0,1,0,
	3.41889500,14.59629000,5.76023900,13.58512000,31.59996000,31.19998000,0,0,1,0,
	3.42381400,14.73316000,5.75563900,13.77406000,31.67997000,32.47998000,0,0,1,0,
	3.43139400,14.73316000,5.75563900,13.77406000,31.67996000,33.59999000,0,0,1,0,
	3.43805200,14.73316000,5.75563900,13.77406000,31.75997000,34.87998000,0,0,1,0,
	3.44382300,14.88257000,5.74463800,13.95423000,31.91997000,36.23998000,0,0,1,0,
	3.45105400,14.88257000,5.74463800,13.95423000,31.99996000,37.27999000,0,0,1,0,
	3.45796900,14.88257000,5.74463800,13.95423000,31.99996000,38.31998000,0,0,1,0,
	3.46510000,15.04148000,5.72723900,14.12691000,32.07997000,39.19999000,0,0,1,0,
	3.47188500,15.04148000,5.72723900,14.12691000,32.15997000,39.83999000,0,0,1,0,
	3.47831500,15.04148000,5.72723900,14.12691000,32.15996000,40.39998000,0,0,1,0,
	3.48402400,15.20513000,5.70343900,14.29558000,32.23997000,40.71999000,0,0,1,0,
	3.48958400,15.20513000,5.70343900,14.29558000,32.23997000,40.87999000,0,0,1,0,
	3.49266500,15.20513000,5.70343900,14.29558000,32.23997000,40.95999000,0,0,1,0,
	3.49795100,15.20513000,5.70343900,14.29558000,32.23997000,40.95999000,0,0,1,0,
	3.50304800,15.36952000,5.67323900,14.46361000,32.31997000,40.95999000,0,0,1,0,
	3.50661800,15.36952000,5.67323900,14.46361000,32.31997000,40.95999000,0,0,1,0,
	3.51108000,15.36952000,5.67323900,14.46361000,32.31997000,40.95999000,0,0,1,0,
	3.51378800,15.36952000,5.67323900,14.46361000,32.31997000,40.95999000,0,0,1,0,
	3.51831300,15.36952000,5.67323900,14.46361000,32.31997000,40.95999000,0,0,1,0,
	3.52241600,15.53392000,5.63663900,14.63163000,32.31997000,40.95999000,0,0,1,0,
	3.52703400,15.53392000,5.63663900,14.63163000,32.31997000,40.95999000,0,0,1,0,
	3.53187500,15.53392000,5.63663900,14.63163000,32.31997000,40.95999000,0,0,1,0,
	3.53591300,15.53392000,5.63663900,14.63163000,32.31997000,40.95999000,0,0,1,0,
	3.54099800,15.69832000,5.59363800,14.79966000,32.31997000,40.95999000,0,0,1,0,
	3.54712500,15.69832000,5.59363800,14.79966000,32.31997000,40.95999000,0,0,1,0,
	3.55171700,15.69832000,5.59363800,14.79966000,32.39997000,40.95999000,0,0,1,0,
	3.55459500,15.69832000,5.59363800,14.79966000,32.39997000,40.95999000,0,0,1,0,
	3.55914100,15.69832000,5.59363800,14.79966000,32.39997000,40.95999000,0,0,1,0,
	3.56222100,15.86271000,5.70423800,14.96768000,32.39997000,40.95999000,0,0,1,0,
	3.56744100,15.86271000,5.70423800,14.96768000,32.39997000,40.95999000,0,0,1,0,
	3.57262000,15.86271000,5.70423800,14.96768000,32.39997000,40.95999000,0,0,1,0,
	3.57564400,15.86271000,5.70423800,14.96768000,32.39997000,40.87999000,0,0,1,0,
	3.57977100,15.86271000,5.70423800,14.96768000,32.39997000,40.87999000,0,0,1,0,
	3.58266600,16.02711000,5.80843800,15.13571000,32.39997000,40.87999000,0,0,1,0,
	3.58758100,16.02711000,5.80843800,15.13571000,32.39997000,40.87999000,0,0,1,0,
	3.59052300,16.02711000,5.80843800,15.13571000,32.39997000,40.87999000,0,0,1,0,
	3.59510400,16.02711000,5.80843800,15.13571000,32.39997000,40.87999000,0,0,1,0,
	3.60078600,16.19150000,5.90623800,15.30373000,32.39997000,40.87999000,0,0,1,0,
	3.60415000,16.19150000,5.90623800,15.30373000,32.47997000,40.79999000,0,0,1,0,
	3.60875500,16.19150000,5.90623800,15.30373000,32.47997000,40.79999000,0,0,1,0,
	3.61416800,16.19150000,5.90623800,15.30373000,32.47997000,40.71998000,0,0,1,0,
	3.61739000,16.19150000,5.90623800,15.30373000,32.55998000,40.63998000,0,0,1,0,
	3.62204600,16.35590000,5.99763800,15.47176000,32.55998000,40.63998000,0,0,1,0,
	3.62699100,16.35590000,5.99763800,15.47176000,32.55998000,40.55998000,0,0,1,0,
	3.63184100,16.35590000,5.99763800,15.47176000,32.63998000,40.47997000,0,0,1,0,
	3.63718900,16.35590000,5.99763800,15.47176000,32.63998000,40.39997000,0,0,1,0,
	3.64238300,16.52029000,6.08263800,15.63978000,32.71997000,40.31997000,0,0,1,0,
	3.64742700,16.52029000,6.08263800,15.63978000,32.71997000,40.23997000,0,0,1,0,
	3.65212100,16.52029000,6.08263800,15.63978000,32.71998000,40.15998000,0,0,1,0,
	3.65817400,16.52029000,6.08263800,15.63978000,32.79998000,40.07996000,0,0,1,0,
	3.66412700,16.68468000,6.16123800,15.80781000,32.87999000,39.91997000,0,0,1,0,
	3.66999000,16.68468000,6.16123800,15.80781000,32.95998000,39.67996000,0,0,1,0,
	3.67551200,16.68468000,6.16123800,15.80781000,33.03999000,39.43997000,0,0,1,0,
	3.68013000,16.84908000,6.23343800,15.97583000,33.03999000,39.19997000,0,0,1,0,
	3.68622800,16.84908000,6.23343800,15.97583000,33.11999000,38.95996000,0,0,1,0,
	3.69196300,16.84908000,6.23343800,15.97583000,33.19999000,38.63996000,0,0,1,0,
	3.70046800,17.01347000,6.29923800,16.14386000,33.27999000,38.23996000,0,0,1,0,
	3.70695100,17.01347000,6.29923800,16.14386000,33.35999000,37.59996000,0,0,1,0,
	3.71255600,17.01347000,6.29923800,16.14386000,33.44000000,37.03996000,0,0,1,0,
	3.72110000,17.17787000,6.35863800,16.31188000,33.52000000,36.39996000,0,0,1,1,
	3.73096600,17.17787000,6.35863800,16.31188000,33.60000000,35.51996000,0,0,1,1,
	3.73850300,17.17787000,6.35863800,16.31188000,33.68000000,34.15996000,0,0,0,1,
	3.74769200,17.32961000,6.41163800,16.48809000,33.76000000,32.87996000,0,0,0,1,
	3.75471900,17.32961000,6.41163800,16.48809000,33.84001000,31.03996000,0,0,0,1,
	3.76086300,17.45339000,6.45823800,16.68073000,33.84001000,29.67996000,0,0,0,1,
	3.76826700,17.45339000,6.45823800,16.68073000,33.84001000,28.55996000,0,0,0,1,
	3.77505300,17.45339000,6.45823800,16.68073000,33.84001000,27.03996000,0,0,0,1,
	3.78106000,17.54094000,6.49843800,16.89183000,33.84001000,25.51996000,0,0,0,1,
	3.78720400,17.54094000,6.49843800,16.89183000,33.84001000,23.99996000,0,0,0,1,
	3.79221400,17.54094000,6.49843800,16.89183000,33.84001000,22.55996000,0,0,0,1,
	3.80005700,17.61220000,6.53223800,17.10985000,33.84001000,21.59996000,0,0,0,1,
	3.80713200,17.61220000,6.53223800,17.10985000,33.76000000,19.59996000,0,0,0,1,
	3.81293400,17.61220000,6.53223800,17.10985000,33.68000000,17.99996000,0,0,0,1,
	3.81865700,17.61220000,6.53223800,17.10985000,33.68000000,16.31996000,0,0,0,1,
	3.82507600,17.65715000,6.55963800,17.33605000,33.60000000,14.71996000,0,0,0,1,
	3.83214500,17.65715000,6.55963800,17.33605000,33.52000000,13.35996000,0,0,0,1,
	3.83797300,17.65715000,6.55963800,17.33605000,33.44000000,11.35996000,0,0,0,1,
	3.84508000,17.68221000,6.58063800,17.56624000,33.44000000,9.67995700,0,0,0,1,
	3.85170800,17.68221000,6.58063800,17.56624000,33.35999000,7.75995600,0,0,0,1,
	3.85863500,17.68221000,6.58063800,17.56624000,33.27999000,5.75995600,0,0,0,1,
	3.86473400,17.68217000,6.59523800,17.79886000,33.19999000,3.43995500,0,0,0,1,
	3.87210200,17.68217000,6.59523800,17.79886000,33.11999000,1.51995500,0,0,0,1,
	3.87874200,17.68217000,6.59523800,17.79886000,32.95999000,359.28000000,0,0,0,1,
	3.88571100,17.65549000,6.60343800,18.03103000,32.87999000,356.87990000,0,0,0,1,
	3.89226700,17.65549000,6.60343800,18.03103000,32.71999000,354.64000000,0,0,0,1,
	3.90011500,17.61163000,6.60523800,18.26131000,32.55999000,352.64000000,0,0,0,1,
	3.90598300,17.61163000,6.60523800,18.26131000,32.31999000,349.68000000,0,0,0,1,
	3.91216300,17.61163000,6.60523800,18.26131000,32.07999000,347.68000000,0,0,0,1,
	3.91674700,17.61163000,6.60523800,18.26131000,31.91998000,345.59990000,0,0,0,1,
	3.92296100,17.53235000,6.60063800,18.48344000,31.75999000,343.75990000,0,0,0,1,
	3.92948500,17.53235000,6.60063800,18.48344000,31.59998000,341.84000000,0,0,0,1,
	3.93769600,17.53235000,6.60063800,18.48344000,31.35998000,339.52000000,0,0,0,1,
	3.94973900,17.42481000,6.58963800,18.69461000,31.11998000,336.40000000,0,0,0,1,
	3.95691800,17.42481000,6.58963800,18.69461000,30.71999000,332.31990000,0,0,0,1,
	3.96313400,17.29290000,6.57223800,18.89243000,30.47999000,329.68000000,0,0,0,1,
	3.96996200,17.29290000,6.57223800,18.89243000,30.31998000,327.52000000,0,0,0,1,
	3.97601500,17.29290000,6.57223800,18.89243000,29.99998000,324.80000000,0,0,0,1,
	3.98310800,17.13759000,6.54843800,19.07389000,29.75998000,322.80000000,0,0,0,1,
	3.98879200,17.13759000,6.54843800,19.07389000,29.51999000,320.15990000,0,0,0,1,
	3.99443100,17.13759000,6.54843800,19.07389000,29.27999000,318.08000000,0,0,0,1,
	4.00017700,16.96276000,6.51823800,19.23815000,29.11999000,316.55990000,0,0,0,1,
	4.00603200,16.96276000,6.51823800,19.23815000,28.87999000,314.80000000,0,0,0,1,
	4.01177100,16.96276000,6.51823800,19.23815000,28.63999000,312.87990000,0,0,0,1,
	4.01865100,16.96276000,6.51823800,19.23815000,28.47999000,311.20000000,0,0,0,1,
	4.02501300,16.76752000,6.48163800,19.37975000,28.23999000,309.28000000,0,0,0,1,
	4.03129400,16.76752000,6.48163800,19.37975000,27.99999000,307.92000000,0,0,0,1,
	4.03604500,16.76752000,6.48163800,19.37975000,27.83998000,306.24000000,0,0,0,1,
	4.04182300,16.56169000,6.43863800,19.50699000,27.67999000,305.03990000,0,0,0,1,
	4.04815100,16.56169000,6.43863800,19.50699000,27.43999000,303.68000000,0,0,0,1,
	4.05407000,16.56169000,6.43863800,19.50699000,27.27999000,302.47990000,0,0,0,1,
	4.06063300,16.34749000,6.38923800,19.62114000,27.11999000,301.36000000,0,0,0,1,
	4.06768200,16.34749000,6.38923800,19.62114000,26.87999000,300.08000000,0,0,0,1,
	4.07412800,16.34749000,6.38923800,19.62114000,26.71999000,298.80000000,0,0,0,1,
	4.08091500,16.12637000,6.33343800,19.72285000,26.55999000,297.99990000,0,0,0,1,
	4.08778600,16.12637000,6.33343800,19.72285000,26.39999000,297.12000000,0,0,0,1,
	4.09307400,16.12637000,6.33343800,19.72285000,26.23999000,296.47990000,0,0,0,1,
	4.09892800,16.12637000,6.33343800,19.72285000,26.15999000,296.15990000,0,0,0,1,
	4.10352800,15.90129000,6.44403800,19.81668000,26.07999000,295.92000000,0,0,0,1,
	4.10926700,15.90129000,6.44403800,19.81668000,26.07999000,295.84000000,0,0,0,1,
	4.11333800,15.90129000,6.44403800,19.81668000,26.07999000,295.75990000,0,0,0,1,
	4.11695600,15.90129000,6.44403800,19.81668000,26.07999000,295.75990000,0,0,0,1,
	4.12131600,15.67591000,6.54823800,19.90989000,26.07999000,295.75990000,0,0,0,1,
	4.12594300,15.67591000,6.54823800,19.90989000,26.07999000,295.75990000,0,0,0,1,
	4.13104400,15.67591000,6.54823800,19.90989000,26.07999000,295.84000000,0,0,0,1,
	4.13671000,15.67591000,6.54823800,19.90989000,26.07999000,295.92000000,0,0,0,1,
	4.14229200,15.45054000,6.64603800,20.00310000,25.99999000,295.99990000,0,0,0,1,
	4.14894700,15.45054000,6.64603800,20.00310000,25.99999000,296.15990000,0,0,0,1,
	4.15407600,15.45054000,6.64603800,20.00310000,25.91999000,296.40000000,0,0,0,1,
	4.15927900,15.45054000,6.64603800,20.00310000,25.91999000,296.64000000,0,0,0,1,
	4.16590200,15.22517000,6.73743800,20.09631000,25.83999000,296.88000000,0,0,0,1,
	4.17411300,15.22517000,6.73743800,20.09631000,25.83999000,297.28000000,0,0,1,1,
	4.18596400,14.99979000,6.82243800,20.18952000,25.75999000,297.92000000,0,0,1,0,
	4.19487200,14.99979000,6.82243800,20.18952000,25.59999000,298.87990000,0,0,1,0,
	4.20110400,14.79475000,6.90103800,20.31893000,25.59999000,299.92000000,0,0,1,0,
	4.21047600,14.79475000,6.90103800,20.31893000,25.51999000,300.56000000,0,0,1,0,
	4.21765000,14.79475000,6.90103800,20.31893000,25.51999000,301.83990000,0,0,1,0,
	4.22823800,14.59900000,6.97323800,20.46335000,25.43999000,303.12000000,0,0,1,0,
	4.23723600,14.59900000,6.97323800,20.46335000,25.43999000,305.20000000,0,0,1,0,
	4.24393300,14.41347000,7.03903800,20.62175000,25.43999000,307.20000000,0,0,1,0,
	4.25290000,14.41347000,7.03903800,20.62175000,25.43999000,308.72000000,0,0,1,0,
	4.26219900,14.23824000,7.09843800,20.79240000,25.43999000,310.96000000,0,0,1,0,
	4.27006400,14.23824000,7.09843800,20.79240000,25.43999000,313.59990000,0,0,1,0,
	4.28251500,14.07738000,7.15143800,20.97765000,25.43999000,315.75990000,0,0,1,0,
	4.30928000,13.92822000,7.19803800,21.17293000,25.51999000,319.36000000,0,0,1,0,
	4.32584800,13.81013000,7.23823700,21.38768000,25.91999000,327.92000000,0,0,1,0,
	4.33348600,13.81013000,7.23823700,21.38768000,26.15999000,333.52000000,0,0,1,0,
	4.33992500,13.81013000,7.23823700,21.38768000,26.23999000,336.08000000,0,0,1,0,
	4.34711600,13.73144000,7.27203800,21.62075000,26.31999000,338.08000000,0,0,1,0,
	4.35397100,13.73144000,7.27203800,21.62075000,26.39999000,340.40000000,0,0,1,0,
	4.36011200,13.67164000,7.29943800,21.86012000,26.47999000,342.72000000,0,0,1,0,
	4.36711800,13.67164000,7.29943800,21.86012000,26.55999000,344.64000000,0,0,1,0,
	4.37310500,13.67164000,7.29943800,21.86012000,26.63999000,347.28000000,0,0,1,0,
	4.37962500,13.67164000,7.29943800,21.86012000,26.71999000,349.28000000,0,0,1,0,
	4.38687400,13.65067000,7.32043700,22.10740000,26.79999000,351.92000000,0,0,1,0,
	4.39491200,13.65067000,7.32043700,22.10740000,26.87999000,354.56000000,0,0,1,0,
	4.40106000,13.65251000,7.33503700,22.35631000,26.95999000,357.20000000,0,0,1,0,
	4.40718000,13.65251000,7.33503700,22.35631000,26.95999000,359.20000000,0,0,1,0,
	4.41270600,13.65251000,7.33503700,22.35631000,27.03999000,1.11996100,0,0,1,0,
	4.41946800,13.65251000,7.33503700,22.35631000,27.03999000,3.11996100,0,0,1,0,
	4.42435200,13.68876000,7.34323700,22.60393000,27.11999000,5.11996100,0,0,1,0,
	4.43065900,13.68876000,7.34323700,22.60393000,27.19999000,7.03996100,0,0,1,0,
	4.43689600,13.68876000,7.34323700,22.60393000,27.19999000,9.03996100,0,0,1,0,
	4.44297000,13.75054000,7.34503700,22.84748000,27.27999000,11.03996000,0,0,1,0,
	4.44927000,13.75054000,7.34503700,22.84748000,27.35999000,13.03996000,0,0,1,0,
	4.45451200,13.75054000,7.34503700,22.84748000,27.43999000,14.95996000,0,0,1,0,
	4.45916100,13.75054000,7.34503700,22.84748000,27.43999000,16.63997000,0,0,1,0,
	4.46573800,13.84275000,7.34043700,23.08255000,27.51999000,18.23996000,0,0,1,0,
	4.47265300,13.84275000,7.34043700,23.08255000,27.59999000,20.23996000,0,0,1,0,
	4.47863800,13.84275000,7.34043700,23.08255000,27.67999000,22.55996000,0,0,1,0,
	4.48571800,13.95912000,7.32943700,23.30777000,27.75999000,24.15996000,0,0,1,0,
	4.49182900,13.95912000,7.32943700,23.30777000,27.75999000,26.15996000,0,0,1,0,
	4.49933800,13.95912000,7.32943700,23.30777000,27.83999000,27.75996000,0,0,1,0,
	4.50613300,14.09709000,7.31203700,23.52157000,27.83999000,29.67997000,0,0,1,0,
	4.51309300,14.09709000,7.31203700,23.52157000,27.91999000,31.75996000,0,0,1,0,
	4.52618700,14.24971000,7.28823800,23.72599000,27.91999000,33.59996000,0,0,1,0,
	4.53359600,14.24971000,7.28823800,23.72599000,27.91999000,36.87996000,0,0,1,0,
	4.53995200,14.24971000,7.28823800,23.72599000,27.91999000,39.11996000,0,0,1,0,
	4.54716900,14.42690000,7.25803800,23.91094000,27.91999000,40.63996000,0,0,1,0,
	4.55495500,14.42690000,7.25803800,23.91094000,27.91999000,42.39996000,0,0,1,0,
	4.56227800,14.61629000,7.22143700,24.08432000,27.91999000,44.39996000,0,0,1,0,
	4.56996300,14.61629000,7.22143700,24.08432000,27.83999000,46.07996000,0,0,1,0,
	4.57591700,14.61629000,7.22143700,24.08432000,27.75999000,47.83996000,0,0,1,0,
	4.58324400,14.82018000,7.17843700,24.24182000,27.75999000,49.19996000,0,0,1,0,
	4.59084600,14.82018000,7.17843700,24.24182000,27.67999000,50.47996000,0,0,1,0,
	4.59798400,14.82018000,7.17843700,24.24182000,27.59999000,51.91996000,0,0,1,0,
	4.60493000,15.03475000,7.12903700,24.38576000,27.51999000,53.03996000,0,0,1,0,
	4.61251200,15.03475000,7.12903700,24.38576000,27.43999000,53.91996000,0,0,1,0,
	4.62030000,15.25374000,7.07323700,24.52355000,27.35999000,54.71995000,0,0,1,0,
	4.62861600,15.25374000,7.07323700,24.52355000,27.27999000,55.51995000,0,0,1,0,
	4.63328600,15.25374000,7.07323700,24.52355000,27.27999000,56.07996000,0,0,1,0,
	4.63903500,15.25374000,7.07323700,24.52355000,27.27999000,56.31995000,0,0,1,0,
	4.64501900,15.47758000,7.01103700,24.65416000,27.27999000,56.63996000,0,0,1,0,
	4.65007800,15.47758000,7.01103700,24.65416000,27.19999000,56.79996000,0,0,1,0,
	4.65501500,15.47758000,7.01103700,24.65416000,27.19999000,56.79996000,0,0,1,0,
	4.65885700,15.47758000,7.01103700,24.65416000,27.19999000,56.87996000,0,0,1,0,
	4.66326100,15.70201000,6.94243700,24.78386000,27.19999000,56.87996000,0,0,1,0,
	4.66753400,15.70201000,6.94243700,24.78386000,27.19999000,56.87996000,0,0,1,0,
	4.67166300,15.70201000,6.94243700,24.78386000,27.19999000,56.87996000,0,0,1,0,
	4.67459400,15.70201000,6.94243700,24.78386000,27.19999000,56.87996000,0,0,1,0,
	4.67849200,15.70201000,6.94243700,24.78386000,27.19999000,56.87996000,0,0,1,0,
	4.68121800,15.92644000,6.86743700,24.91356000,27.19999000,56.87996000,0,0,1,0,
	4.68649400,15.92644000,6.86743700,24.91356000,27.19999000,56.87996000,0,0,1,0,
	4.69268000,15.92644000,6.86743700,24.91356000,27.19999000,56.87996000,0,0,1,0,
	4.69726900,15.92644000,6.86743700,24.91356000,27.19999000,56.79996000,0,0,1,0,
	4.70152700,16.15088000,6.97803700,25.04326000,27.19999000,56.71995000,0,0,1,0,
	4.70690800,16.15088000,6.97803700,25.04326000,27.19999000,56.63995000,0,0,1,0,
	4.71180400,16.15088000,6.97803700,25.04326000,27.19999000,56.55995000,0,0,1,0,
	4.71553100,16.15088000,6.97803700,25.04326000,27.19999000,56.39995000,0,0,1,0,
	4.72229800,16.37531000,7.08223700,25.17296000,27.19999000,56.23995000,0,0,1,0,
	4.72783900,16.37531000,7.08223700,25.17296000,27.20000000,55.99995000,0,0,1,0,
	4.73407100,16.37531000,7.08223700,25.17296000,27.19999000,55.75994000,0,0,1,0,
	4.73833100,16.37531000,7.08223700,25.17296000,27.19999000,55.43995000,0,0,1,0,
	4.74286800,16.59974000,7.18003700,25.30267000,27.19999000,55.19994000,0,0,1,0,
	4.75125700,16.59974000,7.18003700,25.30267000,27.27999000,54.95995000,0,0,1,0,
	4.75674900,16.59974000,7.18003700,25.30267000,27.35999000,54.31994000,0,0,1,0,
	4.76215300,16.82417000,7.27143700,25.43237000,27.35999000,53.67995000,0,0,1,0,
	4.76861000,16.82417000,7.27143700,25.43237000,27.43999000,53.19994000,0,0,1,0,
	4.77325700,16.82417000,7.27143700,25.43237000,27.51999000,52.47995000,0,0,1,0,
	4.77794700,16.82417000,7.27143700,25.43237000,27.59999000,51.91994000,0,0,1,0,
	4.78368100,17.04860000,7.35643700,25.56207000,27.67999000,51.27994000,0,0,1,0,
	4.78976200,17.04860000,7.35643700,25.56207000,27.75999000,50.55994000,0,0,1,0,
	4.79441700,17.04860000,7.35643700,25.56207000,27.83998000,49.59995000,0,0,1,0,
	4.80237700,17.27304000,7.43503700,25.69177000,27.91999000,48.87995000,0,0,1,1,
	4.80966200,17.27304000,7.43503700,25.69177000,28.07999000,47.51995000,0,0,1,1,
	4.81544100,17.27304000,7.43503700,25.69177000,28.23999000,46.07994000,0,0,1,1,
	4.81973500,17.27304000,7.43503700,25.69177000,28.31999000,45.19994000,0,0,1,1,
	4.82573400,17.49747000,7.50723700,25.82147000,28.39999000,44.15994000,0,0,0,1,
	4.83526500,17.49747000,7.50723700,25.82147000,28.47999000,43.03994000,0,0,0,1,
	4.84066200,17.69877000,7.57303700,25.97190000,28.55999000,41.11995000,0,0,0,1,
	4.84690700,17.69877000,7.57303700,25.97190000,28.63999000,39.75994000,0,0,0,1,
	4.85309400,17.69877000,7.57303700,25.97190000,28.79999000,38.39994000,0,0,0,1,
	4.86008600,17.87212000,7.63243700,26.14445000,28.87999000,37.11994000,0,0,0,1,
	4.86676200,17.87212000,7.63243700,26.14445000,28.95999000,35.51994000,0,0,0,1,
	4.87273600,17.87212000,7.63243700,26.14445000,29.11999000,33.91995000,0,0,0,1,
	4.87904500,17.87212000,7.63243700,26.14445000,29.19998000,32.63994000,0,0,0,1,
	4.88437800,18.00216000,7.68543700,26.34558000,29.35999000,31.27994000,0,0,0,1,
	4.88987900,18.00216000,7.68543700,26.34558000,29.43999000,30.15994000,0,0,0,1,
	4.89570800,18.00216000,7.68543700,26.34558000,29.51999000,28.87994000,0,0,0,1,
	4.90876900,18.10302000,7.73203700,26.56277000,29.59999000,27.51995000,0,0,0,1,
	4.92095000,18.19106000,7.77223700,26.78589000,29.75998000,24.87995000,0,0,0,1,
	4.92730100,18.19106000,7.77223700,26.78589000,29.83999000,22.23994000,0,0,0,1,
	4.93233900,18.19106000,7.77223700,26.78589000,29.83999000,20.63994000,0,0,0,1,
	4.93809600,18.19106000,7.77223700,26.78589000,29.83998000,19.59994000,0,0,0,1,
	4.94367600,18.25308000,7.80603700,27.01881000,29.91999000,18.23994000,0,0,0,1,
	4.95114200,18.25308000,7.80603700,27.01881000,29.91998000,16.63994000,0,0,0,1,
	4.95688000,18.25308000,7.80603700,27.01881000,29.91999000,14.95994000,0,0,0,1,
	4.96327200,18.29527000,7.83343700,27.25703000,29.91999000,13.35994000,0,0,0,1,
	4.97025100,18.29527000,7.83343700,27.25703000,29.91999000,11.99994000,0,0,0,1,
	4.97570500,18.29527000,7.83343700,27.25703000,29.91999000,9.99994300,0,0,0,1,
	4.98009600,18.31818000,7.85443700,27.49874000,29.91999000,8.71994200,0,0,0,1,
	4.98634400,18.31818000,7.85443700,27.49874000,29.91998000,7.67994200,0,0,0,1,
	4.99180400,18.31818000,7.85443700,27.49874000,29.83998000,6.07994200,0,0,0,1,
	4.99800000,18.31818000,7.85443700,27.49874000,29.83998000,4.79994200,0,0,0,1,
	5.00497300,18.31881000,7.86903700,27.74255000,29.75998000,3.43994200,0,0,0,1,
	5.01075000,18.31881000,7.86903700,27.74255000,29.75998000,1.91994200,0,0,0,1,
	5.01497500,18.31881000,7.86903700,27.74255000,29.75998000,0.63994180,0,0,0,1,
	5.02053000,18.30412000,7.87723700,27.98663000,29.67999000,359.83990000,0,0,0,1,
	5.02637600,18.30412000,7.87723700,27.98663000,29.67999000,358.71990000,0,0,0,1,
	5.03214600,18.30412000,7.87723700,27.98663000,29.67999000,357.59990000,0,0,0,1,
	5.03790600,18.30412000,7.87723700,27.98663000,29.59999000,356.55990000,0,0,0,1,
	5.04186900,18.27069000,7.87903700,28.22976000,29.59999000,355.43990000,0,0,0,1,
	5.04801200,18.27069000,7.87903700,28.22976000,29.59999000,354.55990000,0,0,0,1,
	5.05383200,18.27069000,7.87903700,28.22976000,29.59999000,353.43990000,0,0,0,1,
	5.05906000,18.27069000,7.87903700,28.22976000,29.51999000,352.08000000,0,0,0,1,
	5.06359400,18.21822000,7.87443700,28.47042000,29.51999000,350.95990000,0,0,0,1,
	5.06970700,18.21822000,7.87443700,28.47042000,29.51999000,349.92000000,0,0,0,1,
	5.07506400,18.21822000,7.87443700,28.47042000,29.51999000,348.64000000,0,0,0,1,
	5.08038500,18.15193000,7.86343700,28.70834000,29.43999000,347.67990000,0,0,0,1,
	5.08603000,18.15193000,7.86343700,28.70834000,29.43999000,346.39990000,0,0,0,1,
	5.09086300,18.15193000,7.86343700,28.70834000,29.43999000,345.36000000,0,0,0,1,
	5.09690600,18.15193000,7.86343700,28.70834000,29.35999000,344.15990000,0,0,0,1,
	5.10275900,18.06568000,7.84603700,28.94078000,29.35999000,342.87990000,0,0,0,1,
	5.10863100,18.06568000,7.84603700,28.94078000,29.35999000,341.75990000,0,0,0,1,
	5.11569100,18.06568000,7.84603700,28.94078000,29.27999000,340.71990000,0,0,0,1,
	5.11971200,18.06568000,7.84603700,28.94078000,29.27999000,339.43990000,0,0,0,1,
	5.12507200,17.96249000,7.82223700,29.16715000,29.27999000,338.71990000,0,0,0,1,
	5.13078000,17.96249000,7.82223700,29.16715000,29.19998000,337.92000000,0,0,0,1,
	5.13690300,17.96249000,7.82223700,29.16715000,29.19998000,336.95990000,0,0,0,1,
	5.14095800,17.84813000,7.79203700,29.38874000,29.19999000,335.91990000,0,0,0,1,
	5.14578000,17.84813000,7.79203700,29.38874000,29.11999000,335.36000000,0,0,0,1,
	5.15141800,17.84813000,7.79203700,29.38874000,29.11999000,334.47990000,0,0,0,1,
	5.15718400,17.84813000,7.79203700,29.38874000,29.03999000,333.83990000,0,0,0,1,
	5.16192200,17.72188000,7.75543700,29.60453000,29.03999000,332.87990000,0,0,0,1,
	5.16767400,17.72188000,7.75543700,29.60453000,28.95999000,332.08000000,0,0,0,1,
	5.17294400,17.72188000,7.75543700,29.60453000,28.87999000,331.27990000,0,0,0,1,
	5.17846000,17.72188000,7.75543700,29.60453000,28.79999000,330.47990000,0,0,0,1,
	5.18436000,17.58313000,7.71243700,29.81335000,28.71999000,329.59990000,0,0,0,1,
	5.18915600,17.58313000,7.71243700,29.81335000,28.63999000,328.96000000,0,0,0,1,
	5.19482500,17.58313000,7.71243700,29.81335000,28.55999000,328.24000000,0,0,0,1,
	5.20074900,17.43607000,7.66303700,30.01699000,28.47999000,327.36000000,0,0,0,1,
	5.20708200,17.43607000,7.66303700,30.01699000,28.39999000,326.64000000,0,0,0,1,
	5.21300300,17.43607000,7.66303700,30.01699000,28.31999000,325.99990000,0,0,0,1,
	5.21952900,17.43607000,7.66303700,30.01699000,28.23999000,325.36000000,0,0,0,1,
	5.22475500,17.27945000,7.60723700,30.21412000,28.15999000,324.71990000,0,0,0,1,
	5.23063100,17.27945000,7.60723700,30.21412000,28.07999000,324.31990000,0,0,0,1,
	5.23653200,17.27945000,7.60723700,30.21412000,27.99999000,323.92000000,0,0,0,1,
	5.24130900,17.11886000,7.54503700,30.40835000,27.91999000,323.59990000,0,0,0,1,
	5.24717000,17.11886000,7.54503700,30.40835000,27.91999000,323.43990000,0,0,0,1,
	5.25070700,17.11886000,7.54503700,30.40835000,27.83999000,323.27990000,0,0,0,1,
	5.25614100,17.11886000,7.54503700,30.40835000,27.83998000,323.11990000,0,0,0,1,
	5.25954600,17.11886000,7.54503700,30.40835000,27.83999000,323.03990000,0,0,0,1,
	5.26388900,16.95629000,7.47643700,30.60111000,27.83999000,323.03990000,0,0,0,1,
	5.26956400,16.95629000,7.47643700,30.60111000,27.75999000,322.96000000,0,0,0,1,
	5.27242600,16.95629000,7.47643700,30.60111000,27.75999000,322.87990000,0,0,0,1,
	5.27640500,16.95629000,7.47643700,30.60111000,27.75999000,322.87990000,0,0,0,1,
	5.28141500,16.79317000,7.40143700,30.79345000,27.75999000,322.87990000,0,0,0,1,
	5.28499400,16.79317000,7.40143700,30.79345000,27.75999000,322.79990000,0,0,0,1,
	5.28937200,16.79317000,7.40143700,30.79345000,27.75999000,322.79990000,0,0,0,1,
	5.29240900,16.79317000,7.40143700,30.79345000,27.75999000,322.79990000,0,0,0,1,
	5.29638100,16.79317000,7.40143700,30.79345000,27.75999000,322.79990000,0,0,0,1,
	5.29929800,16.79317000,7.40143700,30.79345000,27.75999000,322.79990000,0,0,0,1,
	5.30347600,16.62976000,7.32003700,30.98557000,27.75999000,322.79990000,0,0,0,1,
	5.30688000,16.62976000,7.32003700,30.98557000,27.75999000,322.79990000,0,0,0,1,
	5.31110300,16.62976000,7.32003700,30.98557000,27.75999000,322.79990000,0,0,0,1,
	5.31400100,16.62976000,7.32003700,30.98557000,27.75999000,322.79990000,0,0,0,1,
	5.31832500,16.62976000,7.32003700,30.98557000,27.75999000,322.79990000,0,0,0,1,
	5.32106000,16.46635000,7.23223700,31.17769000,27.75999000,322.79990000,0,0,0,1,
	5.32690000,16.46635000,7.23223700,31.17769000,27.75999000,322.79990000,0,0,0,1,
	5.33145300,16.46635000,7.23223700,31.17769000,27.75999000,322.79990000,0,0,0,1,
	5.33651500,16.46635000,7.23223700,31.17769000,27.75999000,322.79990000,0,0,0,1,
	5.34002700,16.30295000,7.13803700,31.36982000,27.67999000,322.87990000,0,0,0,1,
	5.34437500,16.30295000,7.13803700,31.36982000,27.67999000,322.87990000,0,0,0,1,
	5.34734400,16.30295000,7.13803700,31.36982000,27.67999000,322.87990000,0,0,0,1,
	5.35152700,16.30295000,7.13803700,31.36982000,27.67999000,322.87990000,0,0,0,1,
	5.36043400,16.13954000,7.03743600,31.56194000,27.67999000,322.87990000,0,0,0,1,
	5.37253000,16.13954000,7.03743600,31.56194000,27.67999000,322.87990000,0,0,0,1,
	5.37576500,16.13954000,7.03743600,31.56194000,27.67999000,322.87990000,0,0,0,1,
	5.38034100,15.97614000,7.14803600,31.75406000,27.59999000,322.79990000,0,0,0,1,
	5.38494400,15.97614000,7.14803600,31.75406000,27.59999000,322.71990000,0,0,0,1,
	5.38986300,15.97614000,7.14803600,31.75406000,27.59999000,322.63990000,0,0,0,1,
	5.39507200,15.97614000,7.14803600,31.75406000,27.51999000,322.47990000,0,0,0,1,
	5.40179300,15.81106000,7.25223600,31.94490000,27.51999000,322.31990000,0,0,0,1,
	5.40909300,15.81106000,7.25223600,31.94490000,27.43999000,322.07990000,0,0,0,1,
	5.41520800,15.81106000,7.25223600,31.94490000,27.35999000,321.83990000,0,0,0,1,
	5.41912800,15.81106000,7.25223600,31.94490000,27.27999000,321.59990000,0,0,0,1,
	5.42355000,15.64293000,7.35003600,32.13334000,27.27999000,321.43990000,0,0,0,1,
	5.42902500,15.64293000,7.35003600,32.13334000,27.27999000,321.27990000,0,0,0,1,
	5.43554900,15.64293000,7.35003600,32.13334000,27.19999000,321.03990000,0,0,0,1,
	5.43973900,15.64293000,7.35003600,32.13334000,27.19999000,320.71990000,0,0,0,1,
	5.44432200,15.47154000,7.44143600,32.31911000,27.11999000,320.47990000,0,0,0,1,
	5.45005300,15.47154000,7.44143600,32.31911000,27.11999000,320.31990000,0,0,0,1,
	5.45402600,15.47154000,7.44143600,32.31911000,27.11998000,320.15990000,0,0,0,1,
	5.45848800,15.47154000,7.44143600,32.31911000,27.11999000,320.07990000,0,0,0,1,
	5.46371700,15.29851000,7.52643600,32.50353000,27.11999000,319.99990000,0,0,0,1,
	5.46750500,15.29851000,7.52643600,32.50353000,27.11999000,319.99990000,0,0,0,1,
	5.47131700,15.29851000,7.52643600,32.50353000,27.11999000,319.99990000,0,0,0,1,
	5.47398300,15.29851000,7.52643600,32.50353000,27.11999000,319.99990000,0,0,0,1,
	5.47830800,15.29851000,7.52643600,32.50353000,27.11999000,319.99990000,0,0,0,1,
	5.48087400,15.12549000,7.60503600,32.68795000,27.11999000,319.99990000,0,0,0,1,
	5.48534500,15.12549000,7.60503600,32.68795000,27.11999000,319.99990000,0,0,0,1,
	5.48787300,15.12549000,7.60503600,32.68795000,27.11999000,319.99990000,0,0,0,1,
	5.49215000,15.12549000,7.60503600,32.68795000,27.11999000,319.99990000,0,0,0,1,
	5.49618200,15.12549000,7.60503600,32.68795000,27.11999000,319.99990000,0,0,0,1,
	5.50070800,14.95247000,7.67723600,32.87237000,27.11999000,319.99990000,0,0,0,1,
	5.50508700,14.95247000,7.67723600,32.87237000,27.03999000,319.99990000,0,0,0,1,
	5.50780700,14.95247000,7.67723600,32.87237000,27.03999000,319.99990000,0,0,0,1,
	5.51168600,14.95247000,7.67723600,32.87237000,27.03999000,319.99990000,0,0,0,1,
	5.51420200,14.95247000,7.67723600,32.87237000,27.03999000,319.99990000,0,0,0,1,
	5.51839200,14.95247000,7.67723600,32.87237000,27.03999000,319.99990000,0,0,0,1,
	5.52316600,14.77945000,7.74303600,33.05679000,27.03999000,319.99990000,0,0,0,0,
	5.52936000,14.77945000,7.74303600,33.05679000,27.03999000,319.99990000,0,0,0,0,
	5.53346300,14.77945000,7.74303600,33.05679000,27.03999000,319.99990000,0,0,0,0,
	5.53587400,14.77945000,7.74303600,33.05679000,27.03999000,319.99990000,0,0,0,0,
	5.53944800,14.77945000,7.74303600,33.05679000,27.03999000,319.99990000,0,0,0,0,
	5.54204000,14.60642000,7.80243600,33.24120000,27.03999000,319.99990000,0,0,0,0,
	5.54634800,14.60642000,7.80243600,33.24120000,27.03999000,319.99990000,0,0,0,0,
	5.54892500,14.60642000,7.80243600,33.24120000,27.03999000,319.99990000,0,0,0,0,
	5.55201600,14.60642000,7.80243600,33.24120000,27.03999000,319.99990000,0,0,0,0,
	5.55564400,14.60642000,7.80243600,33.24120000,27.03999000,319.99990000,0,0,0,0,
	5.55890700,14.60642000,7.80243600,33.24120000,27.03999000,319.99990000,0,0,0,0,
	5.56229400,14.43340000,7.85543600,33.42562000,27.03999000,319.99990000,0,0,0,0,
	5.56709600,14.43340000,7.85543600,33.42562000,27.03999000,319.99990000,0,0,0,0,
	5.56980900,14.43340000,7.85543600,33.42562000,27.03999000,319.99990000,0,0,0,0,
	5.57316900,14.43340000,7.85543600,33.42562000,27.03999000,319.99990000,0,0,0,0,
	5.57611600,14.43340000,7.85543600,33.42562000,27.03999000,319.99990000,0,0,0,0,
	5.57877900,14.43340000,7.85543600,33.42562000,27.03999000,319.99990000,0,0,0,0,
	5.58245600,14.26038000,7.90203600,33.61004000,27.03999000,319.99990000,0,0,0,0,
	5.58652200,14.26038000,7.90203600,33.61004000,27.03999000,319.99990000,0,0,0,0,
	5.58995100,14.26038000,7.90203600,33.61004000,27.03999000,319.99990000,0,0,0,0,
	5.59313800,14.26038000,7.90203600,33.61004000,27.03999000,319.99990000,0,0,0,0,
	5.59716700,14.26038000,7.90203600,33.61004000,27.03999000,319.99990000,0,0,0,0,
	5.60054400,14.08736000,7.94223600,33.79446000,27.03999000,319.99990000,0,0,0,0,
	5.60496900,14.08736000,7.94223600,33.79446000,27.03999000,319.99990000,0,0,0,0,
	5.60916500,14.08736000,7.94223600,33.79446000,27.03999000,319.99990000,0,0,0,0,
	5.61205000,14.08736000,7.94223600,33.79446000,27.03999000,319.99990000,0,0,0,0,
	5.61627600,14.08736000,7.94223600,33.79446000,27.03999000,319.99990000,0,0,0,0,
	5.61903800,14.08736000,7.94223600,33.79446000,27.03999000,319.99990000,0,0,0,0,
	5.62297900,13.91434000,7.97603600,33.97887000,27.03999000,319.99990000,0,0,0,0,
	5.62673900,13.91434000,7.97603600,33.97887000,27.03999000,319.99990000,0,0,0,0,
	5.63179800,13.91434000,7.97603600,33.97887000,27.03999000,319.99990000,0,0,0,0,
	5.63613500,13.91434000,7.97603600,33.97887000,27.03999000,319.99990000,0,0,0,0,
	5.64094900,13.74131000,8.00343600,34.16329000,27.03999000,319.99990000,0,0,0,0,
	5.64535700,13.74131000,8.00343600,34.16329000,27.03999000,319.99990000,0,0,0,0,
end
