map
	ez_square2
end

values
	0.00655930,2.35172000,1.90000000,-4.52601700,10.96001000,16.32000000,0,0,0,0,
	0.01263370,2.35172000,1.90000000,-4.52601700,10.96001000,16.32000000,0,0,0,0,
	0.01672110,2.35172000,1.90000000,-4.52601700,10.96001000,16.32000000,0,0,0,0,
	0.02210640,2.35172000,1.90000000,-4.52601700,10.96001000,16.32000000,0,0,0,0,
	0.02836010,2.35172000,1.90000000,-4.52601700,10.96001000,16.32000000,0,0,0,0,
	0.03512270,2.35172000,1.90000000,-4.52601700,10.96001000,16.32000000,0,0,0,0,
	0.04044890,2.35172000,1.90000000,-4.52601700,10.96001000,16.32000000,0,0,0,0,
	0.04501680,2.35172000,1.90000000,-4.52601700,10.96001000,16.32000000,0,0,0,0,
	0.04985730,2.35172000,1.90000000,-4.52601700,10.96001000,16.32000000,0,0,0,0,
	0.05583730,2.35172000,1.90000000,-4.52601700,10.96001000,16.32000000,0,0,0,0,
	0.06165290,2.35172000,1.90000000,-4.52601700,10.96001000,16.32000000,0,0,0,0,
	0.06648620,2.35172000,1.90000000,-4.52601700,10.96001000,16.32000000,0,0,0,0,
	0.07166770,2.35172000,1.90000000,-4.52601700,10.96001000,16.32000000,0,0,0,0,
	0.07691140,2.35172000,1.90000000,-4.52601700,10.96001000,16.32000000,0,0,0,0,
	0.08200780,2.35172000,1.90000000,-4.52601700,10.96001000,16.32000000,0,0,0,0,
	0.08637960,2.35172000,1.90000000,-4.52601700,10.96001000,16.32000000,0,0,0,0,
	0.09558320,2.35172000,1.90000000,-4.52601700,10.96001000,16.32000000,0,0,0,0,
	0.10340340,2.35172000,1.90000000,-4.52601700,11.04001000,16.32000000,1,0,0,0,
	0.11294690,2.35413700,1.90000000,-4.51776200,11.12001000,16.32000000,1,0,0,0,
	0.11915620,2.35413700,1.90000000,-4.51776200,11.20001000,16.32000000,1,0,0,0,
	0.12677960,2.35832500,1.90000000,-4.50345900,11.20001000,16.32000000,1,0,0,0,
	0.13998260,2.35832500,1.90000000,-4.50345900,11.36001000,16.32001000,1,0,0,0,
	0.14735200,2.36485400,1.90000000,-4.48116100,11.52001000,16.32000000,1,0,0,0,
	0.15526930,2.36485400,1.90000000,-4.48116100,11.68001000,16.40000000,1,0,0,0,
	0.16200180,2.36485400,1.90000000,-4.48116100,11.84001000,16.40000000,1,0,0,0,
	0.16963840,2.37388500,1.90000000,-4.45041800,12.00001000,16.40000000,1,0,0,0,
	0.17662030,2.37388500,1.90000000,-4.45041800,12.16001000,16.48000000,1,0,0,0,
	0.18348680,2.37388500,1.90000000,-4.45041800,12.40001000,16.48000000,1,0,0,0,
	0.19010930,2.38538600,1.90000000,-4.41144400,12.64001000,16.56000000,1,0,0,0,
	0.19797200,2.38538600,1.90000000,-4.41144400,12.88001000,16.56000000,1,0,0,0,
	0.20756730,2.39857900,1.90000000,-4.36692900,13.20001000,16.72001000,1,0,0,0,
	0.21543110,2.39857900,1.90000000,-4.36692900,13.68001000,16.80000000,1,0,0,0,
	0.22230910,2.39857900,1.90000000,-4.36692900,14.00001000,16.88000000,1,0,0,0,
	0.23078180,2.41469700,1.90000000,-4.31312700,14.32001000,17.04000000,1,0,0,0,
	0.24087170,2.41469700,1.90000000,-4.31312700,14.88001000,17.20000000,1,0,0,0,
	0.24912040,2.43314300,1.90000000,-4.25227300,15.44001000,17.36000000,1,0,0,0,
	0.25584540,2.43314300,1.90000000,-4.25227300,16.00001000,17.52000000,1,0,0,0,
	0.26036760,2.43314300,1.90000000,-4.25227300,16.40001000,17.76000000,1,0,0,0,
	0.26583650,2.43314300,1.90000000,-4.25227300,16.56001000,17.84000000,1,0,0,0,
	0.27193150,2.45486000,1.90000000,-4.18198000,16.96001000,18.00000000,1,0,0,0,
	0.27792400,2.45486000,1.90000000,-4.18198000,17.20001000,18.16000000,1,0,0,0,
	0.28326960,2.45486000,1.90000000,-4.18198000,17.60001000,18.32000000,1,0,0,0,
	0.28729150,2.47897600,1.90000000,-4.10513300,17.84001000,18.40000000,1,0,0,0,
	0.29308820,2.47897600,1.90000000,-4.10513300,18.08001000,18.56000000,1,0,0,0,
	0.29879530,2.47897600,1.90000000,-4.10513300,18.40001000,18.72000000,1,0,0,0,
	0.30433290,2.47897600,1.90000000,-4.10513300,18.80001000,18.88000000,1,0,0,0,
	0.30844310,2.50611900,1.90000000,-4.02041200,19.12000000,19.04000000,1,0,0,0,
	0.31380340,2.50611900,1.90000000,-4.02041200,19.44001000,19.20000000,1,0,0,0,
	0.31883150,2.50611900,1.90000000,-4.02041200,19.76000000,19.28000000,1,0,0,0,
	0.32387990,2.50611900,1.90000000,-4.02041200,20.08001000,19.44000000,1,0,0,0,
	0.32864610,2.53619600,1.90000000,-3.92843100,20.48001000,19.60000000,1,0,0,0,
	0.33422250,2.53619600,1.90000000,-3.92843100,20.80001000,19.68000000,1,0,0,0,
	0.33976910,2.53619600,1.90000000,-3.92843100,21.04001000,19.84000000,1,0,0,0,
	0.34641270,2.56873400,1.90000000,-3.83057600,21.44001000,20.00000000,1,0,0,0,
	0.35158300,2.56873400,1.90000000,-3.83057600,21.84001000,20.16000000,1,0,0,0,
	0.35605880,2.56873400,1.90000000,-3.83057600,22.08001000,20.24000000,1,0,0,0,
	0.36167680,2.56873400,1.90000000,-3.83057600,22.32001000,20.32000000,1,0,0,0,
	0.36726720,2.60475300,1.90000000,-3.72465800,22.64001000,20.48000000,1,0,0,0,
	0.37372750,2.60475300,1.90000000,-3.72465800,22.88000000,20.56000000,1,0,0,0,
	0.37846670,2.60475300,1.90000000,-3.72465800,23.20000000,20.64000000,1,0,0,0,
	0.38268390,2.60475300,1.90000000,-3.72465800,23.44000000,20.64000000,1,0,0,0,
	0.38805500,2.64415000,1.90000000,-3.61102500,23.60000000,20.72000000,1,0,0,0,
	0.39275520,2.64415000,1.90000000,-3.61102500,23.84001000,20.80000000,1,0,0,0,
	0.39821540,2.64415000,1.90000000,-3.61102500,24.00000000,20.88000000,1,0,0,0,
	0.40381570,2.64415000,1.90000000,-3.61102500,24.24001000,20.96000000,1,0,0,0,
	0.40910690,2.68697400,1.90000000,-3.48964600,24.56001000,21.04000000,1,0,0,0,
	0.41404490,2.68697400,1.90000000,-3.48964600,24.72000000,21.12000000,1,0,0,0,
	0.41970600,2.68697400,1.90000000,-3.48964600,24.96000000,21.20000000,1,0,0,0,
	0.42490660,2.68697400,1.90000000,-3.48964600,25.12000000,21.20000000,1,0,0,0,
	0.43014620,2.73324800,1.90000000,-3.36055100,25.36000000,21.28000000,1,0,0,0,
	0.43555170,2.73324800,1.90000000,-3.36055100,25.52000000,21.28000000,1,0,0,0,
	0.43946440,2.73324800,1.90000000,-3.36055100,25.68000000,21.36000000,1,0,0,0,
	0.44460170,2.73324800,1.90000000,-3.36055100,25.76000000,21.36000000,1,0,0,0,
	0.44931830,2.78273300,1.90000000,-3.22424700,25.92000000,21.36000000,1,0,0,0,
	0.45443980,2.78273300,1.90000000,-3.22424700,26.08000000,21.36000000,1,0,0,0,
	0.45931040,2.78273300,1.90000000,-3.22424700,26.16000000,21.36000000,1,0,0,0,
	0.46439530,2.78273300,1.90000000,-3.22424700,26.32000000,21.44000000,1,0,0,0,
	0.46868910,2.83541700,1.90000000,-3.08068800,26.48000000,21.44000000,1,0,0,0,
	0.47338440,2.83541700,1.90000000,-3.08068800,26.56000000,21.44000000,1,0,0,0,
	0.47840750,2.83541700,1.90000000,-3.08068800,26.72000000,21.44000000,1,0,0,0,
	0.48215090,2.83541700,1.90000000,-3.08068800,26.88000000,21.44000000,1,0,0,0,
	0.48697720,2.88876100,1.90000000,-2.93618800,27.04000000,21.44000000,1,0,0,0,
	0.49279130,2.88876100,1.90000000,-2.93618800,27.20000000,21.44000000,1,0,0,0,
	0.49781340,2.88876100,1.90000000,-2.93618800,27.36000000,21.44000000,1,0,0,0,
	0.50196840,2.88876100,1.90000000,-2.93618800,27.44000000,21.44000000,1,0,0,0,
	0.50718800,2.94236100,1.90000000,-2.79178800,27.60000000,21.44000000,1,0,0,0,
	0.51309220,2.94236100,1.90000000,-2.79178800,27.76000000,21.44000000,1,0,0,0,
	0.51733950,2.94236100,1.90000000,-2.79178800,27.92000000,21.44000000,1,0,0,0,
	0.52171740,2.94236100,1.90000000,-2.79178800,28.00000000,21.44000000,1,0,0,0,
	0.52748650,2.99619500,1.90000000,-2.64747900,28.08000000,21.44000000,1,0,0,0,
	0.53271210,2.99619500,1.90000000,-2.64747900,28.24000000,21.44000000,1,0,0,0,
	0.53701580,2.99619500,1.90000000,-2.64747900,28.32000000,21.36000000,1,0,0,0,
	0.54208960,2.99619500,1.90000000,-2.64747900,28.48000000,21.36000000,1,0,0,0,
	0.54715560,3.05023500,1.90000000,-2.50325500,28.56000000,21.36000000,1,0,0,0,
	0.55098330,3.05023500,1.90000000,-2.50325500,28.64000000,21.28000000,1,0,0,0,
	0.55591180,3.05023500,1.90000000,-2.50325500,28.72000000,21.28000000,1,0,0,0,
	0.56146140,3.05023500,1.90000000,-2.50325500,28.80000000,21.28000000,1,0,0,0,
	0.56446520,3.05023500,1.90000000,-2.50325500,28.96000000,21.20000000,1,0,0,0,
	0.56927930,3.10444600,1.90000000,-2.35910300,28.96000000,21.20000000,1,0,0,0,
	0.57412530,3.10444600,1.90000000,-2.35910300,29.04000000,21.20000000,1,0,0,0,
	0.57867350,3.10444600,1.90000000,-2.35910300,29.12000000,21.12000000,1,0,0,0,
	0.58339570,3.10444600,1.90000000,-2.35910300,29.27999000,21.12000000,1,0,0,0,
	0.58645830,3.15876200,1.90000000,-2.21499600,29.35999000,21.04000000,1,0,0,0,
	0.59200050,3.15876200,1.90000000,-2.21499600,29.35999000,21.04000000,1,0,0,0,
	0.59690860,3.15876200,1.90000000,-2.21499600,29.52000000,20.96000000,1,0,0,0,
	0.59982900,3.15876200,1.90000000,-2.21499600,29.60000000,20.96000000,1,0,0,0,
	0.60447570,3.15876200,1.90000000,-2.21499600,29.60000000,20.96000000,1,0,0,0,
	0.61019340,3.21314600,1.90000000,-2.07091800,29.68000000,20.88000000,1,0,0,0,
	0.61429640,3.21314600,1.90000000,-2.07091800,29.76000000,20.88000000,1,0,0,0,
	0.61881140,3.21314600,1.90000000,-2.07091800,29.84000000,20.80000000,1,0,0,0,
	0.62407570,3.21314600,1.90000000,-2.07091800,29.92000000,20.80000000,1,0,0,0,
	0.62707090,3.26755700,1.90000000,-1.92685000,30.00000000,20.72000000,1,0,0,0,
	0.63209130,3.26755700,1.90000000,-1.92685000,30.00000000,20.72000000,1,0,0,0,
	0.63541250,3.26755700,1.90000000,-1.92685000,30.08000000,20.72000000,1,0,0,0,
	0.64101800,3.26755700,1.90000000,-1.92685000,30.08000000,20.72000000,1,0,0,0,
	0.64575090,3.26755700,1.90000000,-1.92685000,30.15999000,20.64000000,1,0,0,0,
	0.64962970,3.32196500,1.90000000,-1.78278200,30.24000000,20.64000000,1,0,0,0,
	0.65435610,3.32196500,1.90000000,-1.78278200,30.24000000,20.56000000,1,0,0,0,
	0.65863260,3.32196500,1.90000000,-1.78278200,30.32000000,20.56000000,1,0,0,0,
	0.66125230,3.32196500,1.90000000,-1.78278200,30.32000000,20.56000000,1,0,0,0,
	0.66556970,3.32196500,1.90000000,-1.78278200,30.32000000,20.56000000,1,0,0,0,
	0.66973190,3.37634100,1.90000000,-1.63870000,30.40000000,20.48000000,1,0,0,0,
	0.67389600,3.37634100,1.90000000,-1.63870000,30.40000000,20.48000000,1,0,0,0,
	0.67764820,3.37634100,1.90000000,-1.63870000,30.40000000,20.48000000,1,0,0,0,
	0.68194400,3.37634100,1.90000000,-1.63870000,30.48000000,20.48000000,1,0,0,0,
	0.68619020,3.37634100,1.90000000,-1.63870000,30.48000000,20.40000000,1,0,0,0,
	0.68963040,3.43066500,1.90000000,-1.49459800,30.48000000,20.40000000,1,0,0,0,
	0.69401990,3.43066500,1.90000000,-1.49459800,30.56000000,20.40000000,1,0,0,0,
	0.69663230,3.43066500,1.90000000,-1.49459800,30.56000000,20.40000000,1,0,0,0,
	0.70297480,3.43066500,1.90000000,-1.49459800,30.56000000,20.40000000,1,0,0,0,
	0.70816780,3.48493600,1.90000000,-1.35047600,30.56000000,20.32000000,1,0,0,0,
	0.71195040,3.48493600,1.90000000,-1.35047600,30.63999000,20.32000000,1,0,0,0,
	0.71690770,3.48493600,1.90000000,-1.35047600,30.63999000,20.32000000,1,0,0,0,
	0.72162570,3.48493600,1.90000000,-1.35047600,30.64000000,20.24000000,1,0,0,0,
	0.72453280,3.48493600,1.90000000,-1.35047600,30.64000000,20.24000000,1,0,0,0,
	0.72911130,3.53912200,1.90000000,-1.20632000,30.64000000,20.24000000,1,0,0,0,
	0.73307470,3.53912200,1.90000000,-1.20632000,30.72000000,20.24000000,1,0,0,0,
	0.73775450,3.53912200,1.90000000,-1.20632000,30.72000000,20.24000000,1,0,0,0,
	0.74191820,3.53912200,1.90000000,-1.20632000,30.72000000,20.16000000,1,0,0,0,
	0.74475600,3.53912200,1.90000000,-1.20632000,30.72000000,20.16000000,1,0,0,0,
	0.74971370,3.59321700,1.90000000,-1.06212900,30.72000000,20.16000000,1,0,0,0,
	0.75353970,3.59321700,1.90000000,-1.06212900,30.72000000,20.16000000,1,0,0,0,
	0.75827340,3.59321700,1.90000000,-1.06212900,30.72000000,20.16000000,1,0,0,0,
	0.76394810,3.59321700,1.90000000,-1.06212900,30.79999000,20.16000000,1,0,0,0,
	0.77135280,3.64722100,1.90000000,-0.91790370,30.79999000,20.08000000,1,0,0,0,
	0.78366880,3.64722100,1.90000000,-0.91790370,30.79999000,20.08000000,1,0,0,0,
	0.78666960,3.70112500,1.90000000,-0.77364190,30.79999000,20.08000000,1,0,0,0,
	0.79186760,3.70112500,1.90000000,-0.77364190,30.79999000,20.08000000,1,0,0,0,
	0.79569700,3.70112500,1.90000000,-0.77364190,30.79999000,20.08000000,1,0,0,0,
	0.80004770,3.70112500,1.90000000,-0.77364190,30.79999000,20.08000000,1,0,0,0,
	0.80451860,3.70112500,1.90000000,-0.77364190,30.79999000,20.08000000,1,0,0,0,
	0.80975500,3.75493600,1.90000000,-0.62934570,30.79999000,20.08000000,1,0,0,0,
	0.81430520,3.75493600,1.90000000,-0.62934570,30.79999000,20.08000000,1,0,0,0,
	0.81897910,3.75493600,1.90000000,-0.62934570,30.79999000,20.08000000,1,0,0,0,
	0.82245830,3.75493600,1.90000000,-0.62934570,30.79999000,20.08000000,1,0,0,0,
	0.82733940,3.80867200,1.90000000,-0.48502230,30.79999000,20.08000000,1,0,0,0,
	0.83199440,3.80867200,1.90000000,-0.48502230,30.79999000,20.08000000,1,0,0,0,
	0.83502840,3.80867200,1.90000000,-0.48502230,30.79999000,20.08000000,1,0,0,0,
	0.84039680,3.80867200,1.90000000,-0.48502230,30.79999000,20.08000000,1,0,0,0,
	0.84327120,3.80867200,1.90000000,-0.48502230,30.79999000,20.08000000,1,0,0,0,
	0.84707260,3.86233000,1.90000000,-0.34067020,30.79999000,20.08000000,1,0,0,0,
	0.85068200,3.86233000,1.90000000,-0.34067020,30.79999000,20.08000000,1,0,0,0,
	0.85512910,3.86233000,1.90000000,-0.34067020,30.79999000,20.08000000,1,0,0,0,
	0.85835610,3.86233000,1.90000000,-0.34067020,30.79999000,20.08000000,1,0,0,0,
	0.86207860,3.86233000,1.90000000,-0.34067020,30.79999000,20.08000000,1,0,0,0,
	0.86518540,3.86233000,1.90000000,-0.34067020,30.79999000,20.08000000,1,0,0,0,
	0.87042220,3.91591300,1.90000000,-0.19629060,30.79999000,20.08000000,1,0,0,0,
	0.87636510,3.91591300,1.90000000,-0.19629060,30.79999000,20.08000000,1,0,0,0,
	0.88092740,3.91591300,1.90000000,-0.19629060,30.79999000,20.00000000,1,0,0,0,
	0.88389350,3.91591300,1.90000000,-0.19629060,30.79999000,20.00000000,1,0,0,0,
	0.88791070,3.96942500,1.90000000,-0.05188420,30.79999000,20.00000000,1,0,0,0,
	0.89463570,3.96942500,1.90000000,-0.05188420,30.79999000,20.00000000,1,0,0,0,
	0.89788500,3.96942500,1.90000000,-0.05188420,30.79999000,20.00000000,1,0,0,0,
	0.90339340,3.96942500,1.90000000,-0.05188420,30.79999000,20.00000000,1,0,0,0,
	0.90818510,4.02292300,2.01060000,0.09252779,30.79999000,20.00000000,1,0,0,0,
	0.91217860,4.02292300,2.01060000,0.09252779,30.79999000,19.92000000,1,0,0,0,
	0.91666170,4.02292300,2.01060000,0.09252779,30.79999000,19.92000000,1,0,0,0,
	0.92032800,4.02292300,2.01060000,0.09252779,30.79999000,19.92000000,1,0,0,0,
	0.92437520,4.02292300,2.01060000,0.09252779,30.79999000,19.92000000,1,0,0,0,
	0.92802170,4.07642000,2.11480000,0.23693980,30.79999000,19.92000000,1,0,0,0,
	0.93297730,4.07642000,2.11480000,0.23693980,30.79999000,19.92000000,1,0,0,0,
	0.93713120,4.07642000,2.11480000,0.23693980,30.79999000,19.92000000,1,0,0,0,
	0.94013610,4.07642000,2.11480000,0.23693980,30.79999000,19.92000000,1,0,0,0,
	0.94438450,4.07642000,2.11480000,0.23693980,30.79999000,19.92000000,1,0,0,0,
	0.94823740,4.12991700,2.21260000,0.38135180,30.79999000,19.92000000,1,0,0,0,
	0.95333990,4.12991700,2.21260000,0.38135180,30.79999000,19.92000000,1,0,0,0,
	0.95801690,4.12991700,2.21260000,0.38135180,30.79999000,19.92000000,1,0,0,0,
	0.96107880,4.12991700,2.21260000,0.38135180,30.79999000,19.92000000,1,0,0,0,
	0.96761850,4.18341400,2.30400000,0.52576380,30.79999000,19.92000000,1,0,1,0,
	0.97499330,4.18341400,2.30400000,0.52576380,30.79999000,19.92000000,1,0,1,0,
	0.98485630,4.18341400,2.30400000,0.52576380,30.79999000,19.92000000,1,0,1,0,
	0.99401020,4.23691200,2.38900000,0.67017570,30.79999000,19.92000000,0,0,1,0,
	1.00197000,4.23691200,2.38900000,0.67017570,30.79999000,19.92000000,0,0,1,0,
	1.00899800,4.30294700,2.46760000,0.81004290,30.79999000,20.08000000,0,0,1,0,
	1.01598700,4.30294700,2.46760000,0.81004290,30.80000000,20.40000000,0,0,1,0,
	1.02222400,4.30294700,2.46760000,0.81004290,30.80000000,21.04000000,0,0,1,0,
	1.03734500,4.37259800,2.53980000,0.94851760,30.80000000,21.52000000,0,0,1,0,
	1.04426000,4.37259800,2.53980000,0.94851760,30.96000000,23.52000000,0,0,1,0,
	1.05123800,4.44995000,2.60560000,1.08357600,30.96000000,24.64000000,0,0,1,0,
	1.05824300,4.44995000,2.60560000,1.08357600,31.04000000,25.84000000,0,0,1,0,
	1.06580900,4.44995000,2.60560000,1.08357600,31.04000000,26.88000000,0,0,1,0,
	1.07284400,4.53618500,2.66500000,1.21408800,31.04000000,28.32000000,0,0,1,0,
	1.07996400,4.53618500,2.66500000,1.21408800,31.04000000,29.36000000,0,0,1,0,
	1.08585000,4.53618500,2.66500000,1.21408800,31.04001000,30.64000000,0,0,1,0,
	1.09448300,4.63030500,2.71800000,1.33994300,31.12000000,31.68001000,0,0,1,1,
	1.10588000,4.63030500,2.71800000,1.33994300,31.12000000,33.12000000,0,0,0,1,
	1.11796200,4.70883700,2.76460000,1.47669700,31.12000000,34.96000000,0,0,0,1,
	1.12533500,4.70883700,2.76460000,1.47669700,31.20000000,36.64000000,0,0,0,1,
	1.13251400,4.78736800,2.80480000,1.61345100,31.20000000,37.36000000,0,0,0,1,
	1.13965200,4.78736800,2.80480000,1.61345100,31.28000000,37.92000000,0,0,0,1,
	1.14538400,4.78736800,2.80480000,1.61345100,31.27999000,38.24001000,0,0,0,1,
	1.14868500,4.86589900,2.83860000,1.75020400,31.28000000,38.32001000,0,0,0,1,
	1.15297200,4.86589900,2.83860000,1.75020400,31.28000000,38.32001000,0,0,0,1,
	1.15571300,4.86589900,2.83860000,1.75020400,31.28000000,38.32001000,0,0,0,1,
	1.15981800,4.86589900,2.83860000,1.75020400,31.28000000,38.32001000,0,0,0,1,
	1.16248800,4.86589900,2.83860000,1.75020400,31.28000000,38.32001000,0,0,0,1,
	1.16857900,4.94443000,2.86600000,1.88695800,31.28000000,38.32001000,0,0,0,1,
	1.17435500,4.94443000,2.86600000,1.88695800,31.28000000,38.16000000,0,0,0,1,
	1.18202100,4.94443000,2.86600000,1.88695800,31.28000000,38.00001000,0,0,0,1,
	1.18915800,5.02296200,2.88700000,2.02371200,31.28000000,37.52001000,0,0,0,1,
	1.19707600,5.02296200,2.88700000,2.02371200,31.28000000,36.96001000,0,0,0,1,
	1.20295300,5.02296200,2.88700000,2.02371200,31.28000000,35.92001000,0,0,0,1,
	1.20912000,5.10149300,2.90160000,2.16046600,31.28000000,34.96001000,0,0,0,1,
	1.21805600,5.10149300,2.90160000,2.16046600,31.20000000,34.00001000,0,0,0,1,
	1.22454400,5.10149300,2.90160000,2.16046600,31.04000000,32.32001000,0,0,0,1,
	1.23185300,5.17072700,2.90980000,2.30308800,30.88000000,30.96001000,0,0,0,1,
	1.24023500,5.17072700,2.90980000,2.30308800,30.72000000,29.36000000,0,0,0,1,
	1.24616800,5.17072700,2.90980000,2.30308800,30.48000000,27.36001000,0,0,0,1,
	1.25404700,5.22740900,2.91160000,2.45225300,30.32000000,25.84001000,0,0,0,1,
	1.26002900,5.22740900,2.91160000,2.45225300,30.08000000,23.92001000,0,0,0,1,
	1.26612200,5.22740900,2.91160000,2.45225300,29.92000000,22.40001000,0,0,0,1,
	1.27427100,5.27176400,2.90700000,2.60655500,29.75999000,21.04000000,0,0,0,1,
	1.28539300,5.27176400,2.90700000,2.60655500,29.60000000,19.12000000,0,0,0,1,
	1.29100900,5.30482400,2.89600000,2.76449300,29.35999000,16.80001000,0,0,0,1,
	1.29913200,5.30482400,2.89600000,2.76449300,29.28000000,15.76000000,0,0,0,1,
	1.30515300,5.30482400,2.89600000,2.76449300,29.20000000,14.40001000,0,0,0,1,
	1.31087700,5.32918000,2.87860000,2.92470600,29.04000000,13.60001000,0,0,0,1,
	1.32039500,5.32918000,2.87860000,2.92470600,28.95999000,12.96000000,0,0,0,1,
	1.32738400,5.34934900,2.85480000,3.08584200,28.88000000,12.08000000,0,0,0,1,
	1.33435000,5.34934900,2.85480000,3.08584200,28.80000000,11.68000000,0,0,1,1,
	1.34096100,5.34934900,2.85480000,3.08584200,28.80000000,11.60001000,0,0,1,0,
	1.34687500,5.38136300,2.82460000,3.24455000,28.80000000,11.60001000,0,0,1,0,
	1.35130700,5.38136300,2.82460000,3.24455000,28.80000000,11.60001000,0,0,1,0,
	1.35572300,5.38136300,2.82460000,3.24455000,28.80000000,11.60001000,0,0,1,0,
	1.36120600,5.38136300,2.82460000,3.24455000,28.80000000,11.60001000,0,0,1,0,
	1.36659600,5.42785400,2.78800000,3.40028500,28.72000000,11.68000000,0,0,1,0,
	1.37220100,5.42785400,2.78800000,3.40028500,28.72000000,11.84000000,0,0,1,0,
	1.37747000,5.42785400,2.78800000,3.40028500,28.64000000,12.00000000,0,0,1,0,
	1.38330600,5.42785400,2.78800000,3.40028500,28.64000000,12.16000000,0,0,1,0,
	1.38897100,5.47655500,2.74500000,3.55554200,28.56000000,12.48000000,0,0,1,0,
	1.39376000,5.47655500,2.74500000,3.55554200,28.56000000,12.80000000,0,0,1,0,
	1.39863300,5.47655500,2.74500000,3.55554200,28.56000000,13.20000000,0,0,1,0,
	1.40594600,5.47655500,2.74500000,3.55554200,28.56000000,13.60000000,0,0,1,0,
	1.41198600,5.53010300,2.69560000,3.70962800,28.56000000,14.24000000,0,0,1,0,
	1.43253200,5.58518700,2.63980000,3.86330700,28.56000000,14.80000000,0,0,1,0,
	1.43951800,5.58518700,2.63980000,3.86330700,28.56000000,17.12000000,0,0,1,0,
	1.45112300,5.64874300,2.57760000,4.01434400,28.56000000,17.92000000,0,0,1,0,
	1.46137100,5.64874300,2.57760000,4.01434400,28.56000000,19.52001000,0,0,1,0,
	1.46868400,5.72044400,2.68820000,4.16238300,28.56000000,20.96001000,0,0,1,0,
	1.47650000,5.72044400,2.68820000,4.16238300,28.56000000,22.16001000,0,0,1,0,
	1.48412400,5.72044400,2.68820000,4.16238300,28.64000000,23.20001000,0,0,1,0,
	1.49390400,5.80120400,2.79240000,4.30652900,28.64000000,24.40001000,0,0,1,0,
	1.50201500,5.80120400,2.79240000,4.30652900,28.64000000,25.84001000,0,0,1,0,
	1.50869300,5.88938000,2.89020000,4.44696800,28.64000000,27.28001000,0,0,1,0,
	1.51478600,5.88938000,2.89020000,4.44696800,28.72000000,28.32001000,0,0,1,0,
	1.52110300,5.88938000,2.89020000,4.44696800,28.72000000,29.36001000,0,0,1,0,
	1.52986800,5.98541300,2.98160000,4.58298600,28.80000000,30.40001000,0,0,1,0,
	1.53623000,5.98541300,2.98160000,4.58298600,28.88000000,32.08001000,0,0,1,0,
	1.54283500,5.98541300,2.98160000,4.58298600,28.96000000,33.04001000,0,0,1,0,
	1.54970800,6.09098300,3.06660000,4.71280000,29.04000000,34.32001000,0,0,1,0,
	1.55692500,6.09098300,3.06660000,4.71280000,29.12000000,35.60001000,0,0,1,0,
	1.56513600,6.09098300,3.06660000,4.71280000,29.12000000,36.64001000,0,0,1,0,
	1.57172500,6.20533100,3.14520000,4.83603800,29.20000000,38.08001000,0,0,1,0,
	1.57763800,6.20533100,3.14520000,4.83603800,29.28000000,39.28001000,0,0,1,0,
	1.58344400,6.20533100,3.14520000,4.83603800,29.35999000,40.40000000,0,0,1,0,
	1.58833100,6.32666300,3.21740000,4.95338000,29.36000000,41.20001000,0,0,1,0,
	1.59831300,6.32666300,3.21740000,4.95338000,29.44000000,42.08001000,0,0,1,0,
	1.60399400,6.32666300,3.21740000,4.95338000,29.52000000,43.76001000,0,0,1,0,
	1.61015700,6.45549300,3.28320000,5.06357900,29.52000000,44.72001000,0,0,1,0,
	1.61784800,6.45549300,3.28320000,5.06357900,29.60000000,45.76001000,0,0,1,0,
	1.62228000,6.45549300,3.28320000,5.06357900,29.75999000,47.04000000,0,0,1,0,
	1.62934200,6.59047500,3.34260000,5.16723400,29.76000000,47.76001000,0,0,1,0,
	1.63503100,6.59047500,3.34260000,5.16723400,29.92000000,48.80001000,0,0,1,0,
	1.64306100,6.59047500,3.34260000,5.16723400,30.00000000,49.76001000,0,0,1,0,
	1.64890300,6.73157000,3.39560000,5.26362900,30.15999000,50.96001000,0,0,1,0,
	1.65674700,6.73157000,3.39560000,5.26362900,30.24000000,51.92001000,0,0,1,0,
	1.66387900,6.73157000,3.39560000,5.26362900,30.40000000,53.04000000,0,0,1,0,
	1.67408000,6.87811500,3.44220000,5.35279600,30.56000000,54.00001000,0,0,1,0,
	1.68029500,6.87811500,3.44220000,5.35279600,30.88000000,55.36001000,0,0,1,0,
	1.68657500,7.02817000,3.48240000,5.43683300,31.04000000,56.08000000,0,0,1,0,
	1.69117400,7.02817000,3.48240000,5.43683300,31.20000000,56.88001000,0,0,1,0,
	1.69932600,7.02817000,3.48240000,5.43683300,31.36000000,57.52000000,0,0,1,0,
	1.70512600,7.02817000,3.48240000,5.43683300,31.60000000,58.56001000,0,0,1,0,
	1.71365600,7.18341500,3.51620000,5.51251900,31.75999000,59.36001000,0,0,1,0,
	1.72186300,7.18341500,3.51620000,5.51251900,32.07999000,60.32000000,0,0,1,0,
	1.72595500,7.18341500,3.51620000,5.51251900,32.39999000,61.60000000,0,0,1,0,
	1.73270100,7.34271000,3.54360000,5.58081600,32.56000000,62.16000000,0,0,1,0,
	1.73892100,7.34271000,3.54360000,5.58081600,32.80000000,63.12001000,0,0,1,0,
	1.74488100,7.34271000,3.54360000,5.58081600,33.04000000,64.00000000,0,0,1,0,
	1.75138800,7.50561000,3.56460000,5.64173000,33.36000000,64.88000000,0,0,1,0,
	1.75786000,7.50561000,3.56460000,5.64173000,33.52000000,65.75999000,0,0,1,0,
	1.76376900,7.50561000,3.56460000,5.64173000,33.84000000,66.80000000,0,0,1,0,
	1.76855100,7.67177000,3.57920000,5.69507400,34.08000000,67.60001000,0,0,1,0,
	1.77483900,7.67177000,3.57920000,5.69507400,34.24000000,68.31999000,0,0,1,0,
	1.78032600,7.67177000,3.57920000,5.69507400,34.48000000,69.19999000,0,0,1,0,
	1.78742100,7.84035900,3.58739900,5.74205500,34.72001000,69.84000000,0,0,1,0,
	1.79497000,7.84035900,3.58739900,5.74205500,34.96001000,70.79999000,0,0,1,0,
	1.80204100,7.84035900,3.58739900,5.74205500,35.20000000,71.75999000,0,0,1,0,
	1.80881000,8.01148800,3.58920000,5.78139700,35.44001000,72.48000000,0,0,1,0,
	1.81481200,8.01148800,3.58920000,5.78139700,35.68001000,73.36000000,0,0,1,0,
	1.82128600,8.01148800,3.58920000,5.78139700,35.84001000,74.00000000,0,0,1,0,
	1.82812200,8.18438400,3.58459900,5.81462600,36.00001000,74.55999000,0,0,1,0,
	1.83493200,8.18438400,3.58459900,5.81462600,36.16001000,75.35999000,0,0,1,0,
	1.84247200,8.18438400,3.58459900,5.81462600,36.32000000,76.07999000,0,0,1,0,
	1.85484800,8.35898900,3.57360000,5.84094700,36.48001000,76.88000000,0,0,1,0,
	1.86187500,8.35898900,3.57360000,5.84094700,36.80001000,78.24001000,0,0,1,0,
	1.86833300,8.53487000,3.55620000,5.86099900,36.88001000,78.96000000,0,0,1,0,
	1.88026200,8.53487000,3.55620000,5.86099900,37.04001000,79.60000000,0,0,1,0,
	1.88630400,8.53487000,3.55620000,5.86099900,37.36001000,81.04000000,0,0,1,0,
	1.89224500,8.71208600,3.53240000,5.87276600,37.44001000,81.68000000,0,0,1,0,
	1.89885700,8.71208600,3.53240000,5.87276600,37.60001000,82.32001000,0,0,1,0,
	1.90529000,8.71208600,3.53240000,5.87276600,37.76001000,83.03999000,0,0,1,0,
	1.91258800,8.89005400,3.50220000,5.87839100,37.84002000,83.67999000,0,0,1,0,
	1.91806000,8.89005400,3.50220000,5.87839100,38.00001000,84.48000000,0,0,1,0,
	1.92419400,8.89005400,3.50220000,5.87839100,38.16002000,84.96001000,0,0,1,0,
	1.93050900,9.06852700,3.46560000,5.87833200,38.24002000,85.52000000,0,0,1,0,
	1.94082400,9.06852700,3.46560000,5.87833200,38.32002000,86.16000000,0,0,1,0,
	1.94588500,9.06852700,3.46560000,5.87833200,38.48001000,87.04000000,0,0,1,0,
	1.95279000,9.24733100,3.42260000,5.87231200,38.56002000,87.44001000,0,0,1,0,
	1.95989200,9.24733100,3.42260000,5.87231200,38.56002000,88.00000000,0,0,1,0,
	1.96623800,9.24733100,3.42260000,5.87231200,38.64002000,88.64000000,0,0,1,0,
	1.97601300,9.42626300,3.37319900,5.86130900,38.64002000,89.04000000,0,0,1,0,
	1.98183400,9.42626300,3.37319900,5.86130900,38.72002000,89.84000000,0,0,1,0,
	1.98868200,9.60519700,3.31740000,5.84655900,38.72002000,90.24001000,0,0,1,0,
	1.99428900,9.60519700,3.31740000,5.84655900,38.72002000,90.72000000,0,0,1,0,
	2.00317700,9.60519700,3.31740000,5.84655900,38.72002000,90.96001000,0,0,1,0,
	2.00834900,9.78406100,3.30348000,5.82805800,38.72002000,91.44001000,0,0,1,0,
	2.01494700,9.78406100,3.30348000,5.82805800,38.72002000,91.68001000,0,0,1,1,
	2.02150500,9.78406100,3.30348000,5.82805800,38.72002000,91.92001000,0,0,1,1,
	2.02610800,9.78406100,3.30348000,5.82805800,38.72002000,92.08001000,0,0,0,1,
	2.03196100,9.96325100,3.30069600,5.81800700,38.72002000,92.16001000,0,0,0,1,
	2.03650000,9.96325100,3.30069600,5.81800700,38.72002000,92.24001000,0,0,0,1,
	2.03934100,9.96325100,3.30069600,5.81800700,38.72002000,92.24001000,0,0,0,1,
	2.04491500,9.96325100,3.30069600,5.81800700,38.72002000,92.24001000,0,0,0,1,
	2.04930600,10.14311000,3.41129600,5.82498200,38.64003000,92.24001000,0,0,0,1,
	2.05250900,10.14311000,3.41129600,5.82498200,38.64003000,92.24001000,0,0,0,1,
	2.05742900,10.14311000,3.41129600,5.82498200,38.64003000,92.24001000,0,0,0,1,
	2.06218600,10.14311000,3.41129600,5.82498200,38.64002000,92.16001000,0,0,0,1,
	2.06614100,10.14311000,3.41129600,5.82498200,38.56002000,92.08000000,0,0,0,1,
	2.07189100,10.32300000,3.51549600,5.83296000,38.56002000,91.92000000,0,0,0,1,
	2.07751100,10.32300000,3.51549600,5.83296000,38.48001000,91.60001000,0,0,0,1,
	2.08339400,10.32300000,3.51549600,5.83296000,38.48002000,91.20001000,0,0,0,1,
	2.08690000,10.50296000,3.61329600,5.84469900,38.40001000,90.72000000,0,0,0,1,
	2.09320500,10.50296000,3.61329600,5.84469900,38.32001000,90.24000000,0,0,0,1,
	2.09897900,10.50296000,3.61329600,5.84469900,38.24001000,89.43999000,0,0,0,1,
	2.10442100,10.50296000,3.61329600,5.84469900,38.16002000,88.48000000,0,0,0,1,
	2.11070000,10.68268000,3.70469600,5.86674800,38.00001000,87.43999000,0,0,0,1,
	2.11500400,10.68268000,3.70469600,5.86674800,37.84001000,85.99999000,0,0,0,1,
	2.12099700,10.68268000,3.70469600,5.86674800,37.76001000,85.04000000,0,0,0,1,
	2.12712000,10.86128000,3.78969600,5.90112400,37.60001000,83.52000000,0,0,0,1,
	2.13327100,10.86128000,3.78969600,5.90112400,37.36001000,82.00000000,0,0,0,1,
	2.13968000,10.86128000,3.78969600,5.90112400,37.20001000,80.00001000,0,0,0,1,
	2.14685000,11.03660000,3.86829600,5.95348200,36.96000000,77.76001000,0,0,0,1,
	2.15220100,11.03660000,3.86829600,5.95348200,36.80000000,75.36001000,0,0,0,1,
	2.15667800,11.03660000,3.86829600,5.95348200,36.64001000,73.68000000,0,0,0,1,
	2.16208500,11.03660000,3.86829600,5.95348200,36.48000000,71.68000000,0,0,0,1,
	2.16895000,11.20452000,3.94049600,6.02977300,36.40001000,69.92000000,0,0,0,1,
	2.17640700,11.20452000,3.94049600,6.02977300,36.24001000,67.28000000,0,0,0,1,
	2.18331300,11.20452000,3.94049600,6.02977300,36.16000000,64.64000000,0,0,0,1,
	2.19099800,11.36125000,4.00629600,6.12955100,36.08000000,61.84000000,0,0,0,1,
	2.19721200,11.36125000,4.00629600,6.12955100,36.08000000,58.72001000,0,0,0,1,
	2.20407500,11.36125000,4.00629600,6.12955100,36.08000000,56.32000000,0,0,0,1,
	2.20935000,11.50251000,4.06569600,6.25238000,36.00000000,53.28000000,0,0,0,1,
	2.21457300,11.50251000,4.06569600,6.25238000,36.00000000,51.04000000,0,0,0,1,
	2.21945500,11.50251000,4.06569600,6.25238000,36.00000000,48.87999000,0,0,0,1,
	2.22522300,11.50251000,4.06569600,6.25238000,35.91999000,46.07999000,0,0,0,1,
	2.23103000,11.62226000,4.11869600,6.39843300,35.92000000,43.60001000,0,0,0,1,
	2.23799700,11.62226000,4.11869600,6.39843300,35.83999000,40.80000000,0,0,0,1,
	2.24306600,11.62226000,4.11869600,6.39843300,35.75999000,37.28000000,0,0,0,1,
	2.24693400,11.71860000,4.16529600,6.56251200,35.67999000,34.64000000,0,0,0,1,
	2.25285900,11.71860000,4.16529600,6.56251200,35.67999000,32.64000000,0,0,0,1,
	2.25858900,11.71860000,4.16529600,6.56251200,35.51999000,29.76000000,0,0,0,1,
	2.26505000,11.71860000,4.16529600,6.56251200,35.43999000,27.04000000,0,0,0,1,
	2.27105400,11.78421000,4.20549600,6.74297300,35.35999000,24.16000000,0,0,0,1,
	2.27501300,11.78421000,4.20549600,6.74297300,35.27998000,21.28000000,0,0,0,1,
	2.28081300,11.78421000,4.20549600,6.74297300,35.19998000,19.28000000,0,0,0,1,
	2.28617000,11.78421000,4.20549600,6.74297300,35.11998000,16.64000000,0,0,0,1,
	2.29164800,11.81922000,4.23929600,6.93345000,35.11998000,14.56000000,0,0,0,1,
	2.29660000,11.81922000,4.23929600,6.93345000,35.03998000,12.32000000,0,0,0,1,
	2.30192200,11.81922000,4.23929600,6.93345000,35.03998000,10.08000000,0,0,0,1,
	2.30804100,11.83051000,4.26669600,7.12802500,35.03998000,7.44000000,0,0,0,1,
	2.31369000,11.83051000,4.26669600,7.12802500,34.95998000,5.04000000,0,0,0,1,
	2.31902300,11.83051000,4.26669600,7.12802500,34.95998000,2.47999900,0,0,0,1,
	2.32301600,11.83051000,4.26669600,7.12802500,34.95998000,0.47999930,0,0,0,1,
	2.32867200,11.81214000,4.28769600,7.32361600,34.87997000,358.72000000,0,0,0,1,
	2.33485900,11.81214000,4.28769600,7.32361600,34.87997000,356.08000000,0,0,0,1,
	2.34191700,11.81214000,4.28769600,7.32361600,34.79998000,353.60000000,0,0,0,1,
	2.34818000,11.76624000,4.30229600,7.51598500,34.71997000,350.64000000,0,0,0,1,
	2.35479700,11.76624000,4.30229600,7.51598500,34.63997000,348.24000000,0,0,0,1,
	2.36031600,11.76624000,4.30229600,7.51598500,34.47997000,345.12000000,0,0,0,1,
	2.36473400,11.76624000,4.30229600,7.51598500,34.39997000,343.12000000,0,0,0,1,
	2.37744000,11.68811000,4.31049600,7.69944400,34.23996000,340.96000000,0,0,0,1,
	2.40680700,11.50133000,4.30769600,8.05286800,33.91997000,336.16000000,0,0,0,1,
	2.41761200,11.50133000,4.30769600,8.05286800,32.63998000,324.64000000,0,0,0,1,
	2.42771600,11.36615000,4.29669600,8.19909300,32.23997000,321.28000000,0,0,0,1,
	2.43356100,11.36615000,4.29669600,8.19909300,31.75997000,317.52000000,0,0,0,1,
	2.43935300,11.36615000,4.29669600,8.19909300,31.51997000,315.60000000,0,0,0,1,
	2.44570000,11.36615000,4.29669600,8.19909300,31.35997000,314.08000000,0,0,0,1,
	2.45364500,11.20785000,4.40729600,8.32241200,30.95996000,311.92000000,0,0,0,1,
	2.46028900,11.20785000,4.40729600,8.32241200,30.55997000,309.52000000,0,0,0,1,
	2.46696800,11.04127000,4.51149600,8.43550900,30.31997000,308.16000000,0,0,0,1,
	2.47376000,11.04127000,4.51149600,8.43550900,29.91997000,306.48000000,0,0,0,1,
	2.48036100,11.04127000,4.51149600,8.43550900,29.59997000,305.20000000,0,0,0,1,
	2.48652800,10.86653000,4.60929500,8.53716300,29.27997000,304.16000000,0,0,0,1,
	2.49168500,10.86653000,4.60929500,8.53716300,29.03997000,303.36000000,0,0,0,1,
	2.49690400,10.86653000,4.60929500,8.53716300,28.87997000,302.96000000,0,0,0,1,
	2.50233800,10.86653000,4.60929500,8.53716300,28.63997000,302.48000000,0,0,0,1,
	2.50769000,10.68811000,4.70069600,8.63313800,28.47997000,302.24000000,0,0,0,1,
	2.51481200,10.68811000,4.70069600,8.63313800,28.31997000,302.16000000,0,0,0,1,
	2.51778800,10.68811000,4.70069600,8.63313800,28.15997000,302.08000000,0,0,0,1,
	2.52261600,10.68811000,4.70069600,8.63313800,28.15997000,302.08000000,0,0,0,1,
	2.52776900,10.50940000,4.78569600,8.72863500,28.07998000,302.08000000,0,0,0,1,
	2.53536300,10.50940000,4.78569600,8.72863500,27.99997000,302.16000000,0,0,0,1,
	2.53927400,10.50940000,4.78569600,8.72863500,27.83997000,302.40000000,0,0,0,1,
	2.54478800,10.50940000,4.78569600,8.72863500,27.75997000,302.56000000,0,0,0,1,
	2.55077500,10.33069000,4.86429500,8.82413200,27.59997000,302.80000000,0,0,0,1,
	2.55981600,10.33069000,4.86429500,8.82413200,27.43997000,303.12000000,0,0,1,1,
	2.57061300,10.15197000,4.93649500,8.91962900,27.27997000,303.92000000,0,0,1,0,
	2.57780300,10.15197000,4.93649500,8.91962900,27.03997000,305.44000000,0,0,1,0,
	2.58409300,10.15197000,4.93649500,8.91962900,26.87997000,306.64000000,0,0,1,0,
	2.58806800,10.00170000,5.00229500,9.05373300,26.87997000,307.76000000,0,0,1,0,
	2.59401200,10.00170000,5.00229500,9.05373300,26.87997000,308.72000000,0,0,1,0,
	2.59983200,10.00170000,5.00229500,9.05373300,26.79997000,310.16000000,0,0,1,0,
	2.60567800,10.00170000,5.00229500,9.05373300,26.79997000,311.76000000,0,0,1,0,
	2.61190200,9.86481800,5.06169600,9.20302800,26.79997000,313.52000000,0,0,1,0,
	2.61749700,9.86481800,5.06169600,9.20302800,26.79997000,315.20000000,0,0,1,0,
	2.62209900,9.86481800,5.06169600,9.20302800,26.79998000,316.56000000,0,0,1,0,
	2.62793700,9.74006900,5.11469600,9.36376800,26.79997000,318.24000000,0,0,1,0,
	2.63374600,9.74006900,5.11469600,9.36376800,26.79997000,320.16000000,0,0,1,0,
	2.64020800,9.74006900,5.11469600,9.36376800,26.79997000,322.08000000,0,0,1,0,
	2.64676600,9.63169400,5.16129500,9.53723600,26.79997000,324.08000000,0,0,1,0,
	2.65578500,9.63169400,5.16129500,9.53723600,26.79997000,326.08000000,0,0,1,0,
	2.66134300,9.63169400,5.16129500,9.53723600,26.79998000,329.44000000,0,0,1,0,
	2.66859400,9.54458300,5.20149500,9.72356000,26.79998000,331.04000000,0,0,1,0,
	2.67468000,9.54458300,5.20149500,9.72356000,26.79997000,333.84000000,0,0,1,0,
	2.68052800,9.54458300,5.20149500,9.72356000,26.87997000,336.08000000,0,0,1,0,
	2.68520700,9.54458300,5.20149500,9.72356000,26.87997000,337.76000000,0,0,1,0,
	2.69125700,9.48510900,5.23529500,9.92199000,26.87997000,339.44000000,0,0,1,0,
	2.69736600,9.48510900,5.23529500,9.92199000,26.95997000,341.44000000,0,0,1,0,
	2.70298700,9.48510900,5.23529500,9.92199000,27.03998000,343.76000000,0,0,1,0,
	2.70978500,9.44756400,5.26269500,10.12685000,27.03998000,345.76000000,0,0,1,0,
	2.71725300,9.44756400,5.26269500,10.12685000,27.03997000,348.00000000,0,0,1,0,
	2.72425400,9.44756400,5.26269500,10.12685000,27.11997000,350.40000000,0,0,1,0,
	2.73104000,9.43380500,5.28369500,10.33582000,27.11997000,352.40000000,0,0,1,0,
	2.73655100,9.43380500,5.28369500,10.33582000,27.11997000,354.48000000,0,0,1,0,
	2.74090500,9.43380500,5.28369500,10.33582000,27.11997000,356.08000000,0,0,1,0,
	2.74608100,9.43380500,5.28369500,10.33582000,27.19998000,357.36000000,0,0,1,0,
	2.75174200,9.44310800,5.29829500,10.54624000,27.19997000,358.72000000,0,0,1,0,
	2.75754000,9.44310800,5.29829500,10.54624000,27.19997000,0.23998630,0,0,1,0,
	2.76219600,9.44310800,5.29829500,10.54624000,27.19997000,1.35998700,0,0,1,0,
	2.76720900,9.46563300,5.30649500,10.75641000,27.19997000,2.31998600,0,0,1,0,
	2.77366800,9.46563300,5.30649500,10.75641000,27.19997000,3.43998600,0,0,1,0,
	2.77989100,9.46563300,5.30649500,10.75641000,27.19997000,4.63998600,0,0,1,0,
	2.78606900,9.46563300,5.30649500,10.75641000,27.19997000,5.59998600,0,0,1,0,
	2.79052400,9.50344500,5.30829500,10.96525000,27.19998000,6.47998500,0,0,1,0,
	2.79589100,9.50344500,5.30829500,10.96525000,27.19998000,6.87998600,0,0,1,0,
	2.80173100,9.50344500,5.30829500,10.96525000,27.19997000,7.43998600,0,0,1,0,
	2.80706900,9.54624500,5.30369500,11.17345000,27.19997000,7.83998700,0,0,1,0,
	2.81302500,9.54624500,5.30369500,11.17345000,27.19998000,7.99998600,0,0,1,1,
	2.81717900,9.54624500,5.30369500,11.17345000,27.19998000,7.99998600,0,0,1,1,
	2.82215800,9.54624500,5.30369500,11.17345000,27.19998000,7.99998600,0,0,0,1,
	2.82755500,9.57977000,5.29269500,11.38295000,27.19998000,7.99998600,0,0,0,1,
	2.83100900,9.57977000,5.29269500,11.38295000,27.19998000,7.99998600,0,0,0,1,
	2.83581000,9.57977000,5.29269500,11.38295000,27.19998000,7.99998600,0,0,0,1,
	2.84087400,9.57977000,5.29269500,11.38295000,27.27997000,7.91998500,0,0,0,1,
	2.84488600,9.57977000,5.29269500,11.38295000,27.27997000,7.75998600,0,0,0,1,
	2.85016600,9.59396100,5.27529500,11.59516000,27.27997000,7.59998800,0,0,0,1,
	2.86278600,9.59396100,5.27529500,11.59516000,27.27997000,7.35998600,0,0,0,1,
	2.86984300,9.60343800,5.25149500,11.80791000,27.35997000,6.31998600,0,0,0,1,
	2.87611800,9.60343800,5.25149500,11.80791000,27.35997000,5.51998600,0,0,0,1,
	2.88156000,9.60343800,5.25149500,11.80791000,27.35997000,4.71998600,0,0,0,1,
	2.88679100,9.60462800,5.22129500,12.02135000,27.35997000,4.07998700,0,0,0,1,
	2.89369600,9.60462800,5.22129500,12.02135000,27.35997000,3.19998600,0,0,0,1,
	2.89926500,9.60462800,5.22129500,12.02135000,27.35997000,2.15998600,0,0,0,1,
	2.90604000,9.60462800,5.22129500,12.02135000,27.35998000,1.51998600,0,0,0,1,
	2.91310900,9.59152300,5.18469500,12.23521000,27.35997000,0.23998580,0,0,0,1,
	2.92098400,9.59152300,5.18469500,12.23521000,27.35997000,359.04000000,0,0,0,1,
	2.92707200,9.56885900,5.14169500,12.44879000,27.35997000,357.68000000,0,0,0,1,
	2.93416700,9.56885900,5.14169500,12.44879000,27.35997000,356.40000000,0,0,0,1,
	2.94002000,9.56885900,5.14169500,12.44879000,27.35997000,355.04000000,0,0,0,1,
	2.94883500,9.53215700,5.09229500,12.66118000,27.35997000,353.92000000,0,0,0,1,
	2.95719600,9.53215700,5.09229500,12.66118000,27.35997000,352.16000000,0,0,0,1,
	2.96289100,9.53215700,5.09229500,12.66118000,27.35997000,350.64000000,0,0,0,1,
	2.97112000,9.47970400,5.03649500,12.87109000,27.35997000,349.68000000,0,0,0,1,
	2.98254600,9.47970400,5.03649500,12.87109000,27.35998000,348.40000000,0,0,0,1,
	2.98988700,9.41751900,4.97429500,13.07888000,27.35997000,347.04000000,0,0,0,1,
	2.99628000,9.41751900,4.97429500,13.07888000,27.35997000,346.40000000,0,0,0,1,
	3.00206300,9.41751900,4.97429500,13.07888000,27.35997000,346.08000000,0,0,0,1,
	3.00560500,9.41751900,4.97429500,13.07888000,27.27997000,346.00000000,0,0,0,1,
	3.00965300,9.35151500,5.08489500,13.28574000,27.27997000,346.00000000,0,0,0,1,
	3.01434700,9.35151500,5.08489500,13.28574000,27.27997000,346.00000000,0,0,0,1,
	3.01913200,9.35151500,5.08489500,13.28574000,27.27997000,346.00000000,0,0,1,0,
	3.02573700,9.35151500,5.08489500,13.28574000,27.27997000,346.00000000,0,0,1,0,
	3.03132400,9.30761700,5.18909500,13.49809000,27.27997000,346.08000000,0,0,1,0,
	3.03804200,9.30761700,5.18909500,13.49809000,27.27998000,346.24000000,0,0,1,0,
	3.04427600,9.30761700,5.18909500,13.49809000,27.27997000,346.64000000,0,0,1,0,
	3.05035000,9.27291600,5.28689500,13.71265000,27.27997000,347.12000000,0,0,1,0,
	3.05812100,9.27291600,5.28689500,13.71265000,27.27997000,347.84000000,0,0,1,0,
	3.06434600,9.27291600,5.28689500,13.71265000,27.27997000,349.04000000,0,0,1,0,
	3.07176900,9.24953400,5.37829500,13.92938000,27.27997000,350.16000000,0,0,1,0,
	3.07979200,9.24953400,5.37829500,13.92938000,27.27997000,351.92000000,0,0,1,0,
	3.08605800,9.24953400,5.37829500,13.92938000,27.27997000,353.92000000,0,0,1,0,
	3.09277700,9.24550700,5.46329500,14.14828000,27.27997000,355.28000000,0,0,1,0,
	3.09909900,9.24550700,5.46329500,14.14828000,27.35998000,356.96000000,0,0,1,0,
	3.10600100,9.24550700,5.46329500,14.14828000,27.43997000,358.56000000,0,0,1,0,
	3.11228800,9.26165200,5.54189500,14.36760000,27.43997000,0.55998630,0,0,1,0,
	3.11830200,9.26165200,5.54189500,14.36760000,27.51997000,2.15998600,0,0,1,0,
	3.12290400,9.26165200,5.54189500,14.36760000,27.51997000,3.59998600,0,0,1,0,
	3.12998500,9.29434300,5.61409500,14.58592000,27.59997000,4.87998600,0,0,1,0,
	3.14030800,9.29434300,5.61409500,14.58592000,27.59998000,6.79998600,0,0,1,0,
	3.14627000,9.29434300,5.61409500,14.58592000,27.67997000,9.19998600,0,0,1,0,
	3.15690200,9.34836400,5.67989500,14.80099000,27.75997000,10.47999000,0,0,1,0,
	3.16653600,9.41053300,5.73929500,15.01424000,27.83997000,12.63999000,0,0,1,0,
	3.17466500,9.41053300,5.73929500,15.01424000,27.99997000,14.15999000,0,0,1,0,
	3.17884100,9.41053300,5.73929500,15.01424000,28.07998000,15.19999000,0,0,1,0,
	3.18653900,9.48409200,5.79229500,15.22448000,28.15998000,15.67999000,0,0,1,0,
	3.19167700,9.48409200,5.79229500,15.22448000,28.15997000,16.39999000,0,0,1,0,
	3.19752200,9.48409200,5.79229500,15.22448000,28.23997000,16.71999000,0,0,1,0,
	3.20296500,9.48409200,5.79229500,15.22448000,28.23997000,17.03999000,0,0,1,0,
	3.20744700,9.56330300,5.83889500,15.43303000,28.31997000,17.19999000,0,0,1,0,
	3.21180900,9.56330300,5.83889500,15.43303000,28.31997000,17.27999000,0,0,1,0,
	3.21526200,9.56330300,5.83889500,15.43303000,28.31997000,17.27999000,0,0,1,0,
	3.21896700,9.56330300,5.83889500,15.43303000,28.31997000,17.27999000,0,0,1,0,
	3.22229100,9.56330300,5.83889500,15.43303000,28.31997000,17.27999000,0,0,1,0,
	3.22730500,9.64281200,5.87909500,15.64148000,28.31997000,17.27999000,0,0,1,1,
	3.23408400,9.64281200,5.87909500,15.64148000,28.31997000,17.27999000,0,0,1,1,
	3.23902100,9.64281200,5.87909500,15.64148000,28.31997000,17.27999000,0,0,1,1,
	3.24445700,9.64281200,5.87909500,15.64148000,28.31997000,17.19999000,0,0,1,1,
	3.24925100,9.72232100,5.91289500,15.84994000,28.39998000,17.03999000,0,0,1,1,
	3.25540900,9.72232100,5.91289500,15.84994000,28.39997000,16.87998000,0,0,0,1,
	3.26358600,9.72232100,5.91289500,15.84994000,28.39997000,16.63999000,0,0,0,1,
	3.27384500,9.77431500,5.94029500,16.06645000,28.39997000,16.07999000,0,0,0,1,
	3.27979400,9.77431500,5.94029500,16.06645000,28.39997000,15.11999000,0,0,0,1,
	3.28741100,9.81675100,5.96129500,16.28552000,28.39997000,14.55999000,0,0,0,1,
	3.29501700,9.81675100,5.96129500,16.28552000,28.31997000,13.67999000,0,0,0,1,
	3.30229400,9.81675100,5.96129500,16.28552000,28.23997000,12.63999000,0,0,0,1,
	3.30927800,9.84763700,5.97589400,16.50716000,28.15997000,11.51999000,0,0,0,1,
	3.31523900,9.84763700,5.97589400,16.50716000,27.99997000,10.47999000,0,0,0,1,
	3.32325300,9.84763700,5.97589400,16.50716000,27.91997000,9.43998600,0,0,0,1,
	3.32998400,9.86557800,5.98409500,16.73091000,27.75997000,8.15998600,0,0,0,1,
	3.33647700,9.86557800,5.98409500,16.73091000,27.59998000,6.87998600,0,0,0,1,
	3.34247100,9.86557800,5.98409500,16.73091000,27.43997000,5.67998600,0,0,0,1,
	3.35123700,9.87043100,5.98589500,16.95602000,27.35997000,4.79998500,0,0,0,1,
	3.36237000,9.87043100,5.98589500,16.95602000,27.11997000,2.87998600,0,0,0,1,
	3.36751600,9.85863500,5.98129500,17.18159000,26.87997000,0.55998560,0,0,0,1,
	3.37371800,9.85863500,5.98129500,17.18159000,26.71998000,359.36000000,0,0,0,1,
	3.37877600,9.85863500,5.98129500,17.18159000,26.55997000,357.68000000,0,0,0,1,
	3.38603600,9.85863500,5.98129500,17.18159000,26.47997000,356.64000000,0,0,0,1,
	3.39201800,9.82384500,5.97029400,17.40591000,26.23998000,354.72000000,0,0,0,1,
	3.39928900,9.82384500,5.97029400,17.40591000,26.07997000,353.28000000,0,0,0,1,
	3.40775800,9.77556200,5.95289500,17.62836000,25.83998000,351.28000000,0,0,0,1,
	3.41409600,9.77556200,5.95289500,17.62836000,25.51997000,349.04000000,0,0,0,1,
	3.42088700,9.77556200,5.95289500,17.62836000,25.35998000,347.44000000,0,0,0,1,
	3.42692300,9.70586300,5.92909500,17.84608000,25.11997000,345.76000000,0,0,0,1,
	3.43428600,9.70586300,5.92909500,17.84608000,24.87998000,344.16000000,0,0,0,1,
	3.44134200,9.70586300,5.92909500,17.84608000,24.71998000,342.48000000,0,0,0,1,
	3.44689800,9.61699700,5.89889500,18.05773000,24.47998000,340.72000000,0,0,0,1,
	3.45384400,9.61699700,5.89889500,18.05773000,24.31998000,339.20000000,0,0,0,1,
	3.45871200,9.61699700,5.89889500,18.05773000,24.07998000,337.52000000,0,0,0,1,
	3.46284900,9.61699700,5.89889500,18.05773000,23.91998000,336.24000000,0,0,0,1,
	3.47259200,9.50802200,5.86229500,18.26096000,23.83997000,335.28000000,0,0,0,1,
	3.48066900,9.50802200,5.86229500,18.26096000,23.51998000,333.04000000,0,0,0,1,
	3.48553900,9.50802200,5.86229500,18.26096000,23.27998000,331.04000000,0,0,0,1,
	3.49078300,9.38061700,5.81929400,18.45428000,23.19998000,330.08000000,0,0,0,1,
	3.49785300,9.38061700,5.81929400,18.45428000,23.03998000,328.72000000,0,0,0,1,
	3.50606600,9.38061700,5.81929400,18.45428000,22.79998000,327.12000000,0,0,0,1,
	3.51142000,9.23749300,5.76989500,18.63738000,22.63998000,325.44000000,0,0,0,1,
	3.52073700,9.23749300,5.76989500,18.63738000,22.47998000,324.48000000,0,0,0,1,
	3.52585600,9.23749300,5.76989500,18.63738000,22.23998000,322.64000000,0,0,0,1,
	3.53162600,9.08171200,5.71409500,18.81087000,22.07998000,321.52000000,0,0,0,1,
	3.53983300,9.08171200,5.71409500,18.81087000,21.91998000,320.48000000,0,0,0,1,
	3.54502100,9.08171200,5.71409500,18.81087000,21.75998000,319.20000000,0,0,0,1,
	3.55031800,8.91581200,5.65189500,18.97565000,21.67998000,318.24000000,0,0,0,1,
	3.55510400,8.91581200,5.65189500,18.97565000,21.51998000,317.44000000,0,0,0,1,
	3.56301800,8.91581200,5.65189500,18.97565000,21.43998000,316.56000000,0,0,0,1,
	3.56975100,8.74119300,5.58329400,19.13209000,21.19998000,315.28000000,0,0,0,1,
	3.57516800,8.74119300,5.58329400,19.13209000,21.03998000,314.24000000,0,0,0,1,
	3.58154000,8.74119300,5.58329400,19.13209000,20.87998000,313.20000000,0,0,0,1,
	3.58897000,8.55783800,5.69389400,19.27923000,20.71998000,312.16000000,0,0,0,1,
	3.60120500,8.55783800,5.69389400,19.27923000,20.55998000,311.12000000,0,0,0,1,
	3.60682900,8.36852300,5.79809400,19.41938000,20.31998000,309.92000000,0,0,0,1,
	3.61309300,8.36852300,5.79809400,19.41938000,20.31998000,309.60000000,0,0,0,1,
	3.61609100,8.36852300,5.79809400,19.41938000,20.23998000,309.36000000,0,0,0,1,
	3.62046100,8.36852300,5.79809400,19.41938000,20.23998000,309.36000000,0,0,0,1,
	3.62330900,8.36852300,5.79809400,19.41938000,20.23998000,309.36000000,0,0,0,1,
	3.62758700,8.17774400,5.89589400,19.55776000,20.23998000,309.36000000,0,0,0,1,
	3.63117200,8.17774400,5.89589400,19.55776000,20.23998000,309.36000000,0,0,0,1,
	3.63582000,8.17774400,5.89589400,19.55776000,20.23998000,309.36000000,0,0,0,1,
	3.64081200,8.17774400,5.89589400,19.55776000,20.23998000,309.44000000,0,0,0,1,
	3.64606600,8.17774400,5.89589400,19.55776000,20.23998000,309.60000000,0,0,0,1,
	3.65131900,7.98696600,5.98729400,19.69613000,20.23998000,309.84000000,0,0,0,1,
	3.66239800,7.98696600,5.98729400,19.69613000,20.23998000,310.24000000,0,0,0,1,
	3.67797600,7.79618700,6.07229400,19.83451000,20.23998000,311.44000000,0,0,1,0,
	3.68553500,7.79618700,6.07229400,19.83451000,20.47998000,314.24000000,0,0,1,0,
	3.69332700,7.63799000,6.15089400,20.00574000,20.63998000,315.84000000,0,0,1,0,
	3.69974600,7.63799000,6.15089400,20.00574000,20.79998000,317.52000000,0,0,1,0,
	3.70629800,7.63799000,6.15089400,20.00574000,20.95998000,319.52000000,0,0,1,0,
	3.71373700,7.50215600,6.22309400,20.19650000,21.11998000,321.12000000,0,0,1,0,
	3.71988500,7.50215600,6.22309400,20.19650000,21.27998000,323.52000000,0,0,1,0,
	3.72574400,7.50215600,6.22309400,20.19650000,21.43998000,325.20000000,0,0,1,0,
	3.73404000,7.38672900,6.28889400,20.40145000,21.67998000,327.20000000,0,0,1,0,
	3.73999200,7.38672900,6.28889400,20.40145000,21.83998000,329.84000000,0,0,1,0,
	3.74704400,7.28879900,6.34829400,20.61616000,21.99998000,332.08000000,0,0,1,0,
	3.75312300,7.28879900,6.34829400,20.61616000,22.15998000,334.48000000,0,0,1,0,
	3.75910800,7.28879900,6.34829400,20.61616000,22.31998000,336.48000000,0,0,1,0,
	3.76402900,7.28879900,6.34829400,20.61616000,22.47998000,338.72000000,0,0,1,0,
	3.76925700,7.22186800,6.40129400,20.84388000,22.63998000,340.24000000,0,0,1,0,
	3.77502600,7.22186800,6.40129400,20.84388000,22.71998000,342.00000000,0,0,1,0,
	3.78074600,7.22186800,6.40129400,20.84388000,22.87998000,343.68000000,0,0,1,0,
	3.78728900,7.17658800,6.44789400,21.07787000,23.03998000,345.68000000,0,0,1,0,
	3.79505100,7.17658800,6.44789400,21.07787000,23.11998000,347.28000000,0,0,1,0,
	3.81102600,7.14728800,6.48809400,21.31506000,23.35998000,349.60000000,0,0,1,0,
	3.81678400,7.14728800,6.48809400,21.31506000,23.67998000,353.84000000,0,0,1,0,
	3.82388200,7.14728800,6.48809400,21.31506000,23.83997000,355.36000000,0,0,1,0,
	3.83008400,7.14889900,6.52189400,21.55503000,24.07998000,357.04000000,0,0,1,0,
	3.83690000,7.14889900,6.52189400,21.55503000,24.23998000,358.32000000,0,0,1,0,
	3.84226700,7.14889900,6.52189400,21.55503000,24.31997000,359.60000000,0,0,1,0,
	3.84754700,7.16424000,6.54929400,21.79517000,24.47998000,0.31998590,0,0,1,0,
	3.85268300,7.16424000,6.54929400,21.79517000,24.55997000,1.19998600,0,0,1,0,
	3.85823300,7.16424000,6.54929400,21.79517000,24.63998000,1.99998600,0,0,1,0,
	3.86880900,7.18864200,6.57029400,22.03503000,24.71997000,2.47998600,0,0,1,1,
	3.87552700,7.18864200,6.57029400,22.03503000,24.79998000,2.95998600,0,0,1,1,
	3.87955500,7.18864200,6.57029400,22.03503000,24.79998000,3.03998600,0,0,0,1,
	3.88513200,7.18864200,6.57029400,22.03503000,24.79998000,3.03998600,0,0,0,1,
	3.88893000,7.19386100,6.58489400,22.27591000,24.79998000,3.03998600,0,0,0,1,
	3.89584400,7.19386100,6.58489400,22.27591000,24.79998000,2.95998600,0,0,0,1,
	3.90099700,7.19386100,6.58489400,22.27591000,24.79997000,2.71998600,0,0,0,1,
	3.90760000,7.18996300,6.59309400,22.51724000,24.87998000,2.39998600,0,0,0,1,
	3.91418300,7.18996300,6.59309400,22.51724000,24.87998000,1.91998600,0,0,0,1,
	3.91940200,7.18996300,6.59309400,22.51724000,24.87998000,1.11998600,0,0,0,1,
	3.92605200,7.18996300,6.59309400,22.51724000,24.87998000,0.47998600,0,0,0,1,
	3.93053400,7.17259100,6.59489400,22.75866000,24.79997000,359.20000000,0,0,0,1,
	3.93920500,7.17259100,6.59489400,22.75866000,24.79997000,358.56000000,0,0,0,1,
	3.94577000,7.17259100,6.59489400,22.75866000,24.55998000,356.56000000,0,0,0,1,
	3.95016500,7.13701200,6.59029400,22.99886000,24.39998000,354.88000000,0,0,0,1,
	3.95723400,7.13701200,6.59029400,22.99886000,24.31997000,353.92000000,0,0,0,1,
	3.96331500,7.13701200,6.59029400,22.99886000,24.07998000,352.24000000,0,0,0,1,
	3.96908500,7.08330700,6.57929400,23.23651000,23.91998000,350.56000000,0,0,0,1,
	3.97527500,7.08330700,6.57929400,23.23651000,23.67998000,348.96000000,0,0,0,1,
	3.98146200,7.08330700,6.57929400,23.23651000,23.51997000,347.28000000,0,0,0,1,
	3.98926700,7.00935900,6.56189400,23.46959000,23.27998000,345.68000000,0,0,0,1,
	3.99684600,7.00935900,6.56189400,23.46959000,23.03998000,343.68000000,0,0,0,1,
	4.00325700,7.00935900,6.56189400,23.46959000,22.79998000,341.68000000,0,0,0,1,
	4.01195500,6.91396300,6.53809400,23.69576000,22.63998000,340.40000000,0,0,0,1,
	4.01829100,6.91396300,6.53809400,23.69576000,22.47997000,338.88000000,0,0,0,1,
	4.02603900,6.91396300,6.53809400,23.69576000,22.31998000,337.92000000,0,0,0,1,
	4.03204300,6.80552700,6.50789400,23.91671000,22.23998000,337.12000000,0,0,0,1,
	4.03885200,6.80552700,6.50789400,23.91671000,22.15998000,336.64000000,0,0,0,1,
	4.04359700,6.80552700,6.50789400,23.91671000,22.07998000,336.40000000,0,0,0,1,
	4.04672000,6.69394300,6.47129400,24.13629000,22.07998000,336.32000000,0,0,0,1,
	4.05109800,6.69394300,6.47129400,24.13629000,22.07998000,336.32000000,0,0,0,1,
	4.05380600,6.69394300,6.47129400,24.13629000,22.07998000,336.32000000,0,0,0,1,
	4.05750400,6.69394300,6.47129400,24.13629000,22.07998000,336.32000000,0,0,0,1,
	4.06158700,6.69394300,6.47129400,24.13629000,22.07998000,336.32000000,0,0,0,1,
	4.06731200,6.58235900,6.42829400,24.35586000,22.07998000,336.40000000,0,0,0,1,
	4.07290800,6.58235900,6.42829400,24.35586000,21.99998000,336.56000000,0,0,0,1,
	4.08727700,6.47077600,6.37889400,24.57544000,21.99998000,336.72000000,0,0,1,0,
	4.09690000,6.47077600,6.37889400,24.57544000,21.91998000,337.68000000,0,0,1,0,
	4.10240400,6.47077600,6.37889400,24.57544000,21.83998000,338.80000000,0,0,1,0,
	4.10895300,6.39789400,6.48949400,24.81059000,21.83998000,339.52000000,0,0,1,0,
	4.11501900,6.39789400,6.48949400,24.81059000,21.83998000,340.48000000,0,0,1,0,
	4.12112500,6.39789400,6.48949400,24.81059000,21.83998000,341.52000000,0,0,1,0,
	4.12821300,6.33805900,6.59369400,25.05007000,21.91998000,342.72000000,0,0,1,0,
	4.13574400,6.33805900,6.59369400,25.05007000,22.07998000,344.00000000,0,0,1,0,
	4.14384200,6.33805900,6.59369400,25.05007000,22.23998000,345.84000000,0,0,1,0,
	4.15101800,6.29862300,6.69149400,25.29463000,22.31998000,347.60000000,0,0,1,0,
	4.16097200,6.29862300,6.69149400,25.29463000,22.47998000,349.36000000,0,0,1,0,
	4.16647300,6.27658800,6.78289400,25.54205000,22.63998000,351.68000000,0,0,1,0,
	4.17464600,6.27658800,6.78289400,25.54205000,22.71998000,353.28000000,0,0,1,0,
	4.18032000,6.27658800,6.78289400,25.54205000,22.87997000,355.28000000,0,0,1,0,
	4.18643300,6.27597700,6.86789400,25.79134000,22.95998000,356.64000000,0,0,1,0,
	4.19291600,6.27597700,6.86789400,25.79134000,23.03998000,358.24000000,0,0,1,0,
	4.19892600,6.27597700,6.86789400,25.79134000,23.11998000,359.52000000,0,0,1,0,
	4.20503700,6.27597700,6.86789400,25.79134000,23.19998000,0.87998720,0,0,1,0,
	4.21128700,6.29869000,6.94649400,26.04063000,23.27998000,1.99998700,0,0,1,0,
	4.21737600,6.29869000,6.94649400,26.04063000,23.43998000,3.11998700,0,0,1,0,
	4.22415800,6.29869000,6.94649400,26.04063000,23.51997000,4.15998700,0,0,1,0,
	4.23117700,6.33638700,7.01869300,26.28880000,23.59998000,5.43998800,0,0,1,0,
	4.23984100,6.33638700,7.01869300,26.28880000,23.67997000,6.39998600,0,0,1,0,
	4.24604800,6.33638700,7.01869300,26.28880000,23.83997000,7.51998700,0,0,1,0,
	4.25033200,6.38555100,7.08449400,26.53550000,23.91998000,8.07998700,0,0,1,0,
	4.25780500,6.38555100,7.08449400,26.53550000,23.99998000,8.39998600,0,0,1,0,
	4.26379500,6.38555100,7.08449400,26.53550000,24.07998000,8.79998600,0,0,1,0,
	4.26857200,6.43887700,7.14389400,26.78157000,24.07998000,9.03998800,0,0,1,0,
	4.27440500,6.43887700,7.14389400,26.78157000,24.15998000,9.11998700,0,0,1,1,
	4.28061600,6.43887700,7.14389400,26.78157000,24.15998000,9.11998700,0,0,1,1,
	4.28370300,6.43887700,7.14389400,26.78157000,24.15998000,9.11998700,0,0,1,1,
	4.28780100,6.49254900,7.19689400,27.02759000,24.15998000,9.11998700,0,0,1,1,
	4.29125000,6.49254900,7.19689400,27.02759000,24.15998000,9.11998700,0,0,1,1,
	4.29716800,6.49254900,7.19689400,27.02759000,24.15998000,9.11998700,0,0,1,1,
	4.30285400,6.49254900,7.19689400,27.02759000,24.15998000,8.95998700,0,0,0,1,
	4.31022000,6.53498400,7.24349400,27.27534000,24.15998000,8.79998600,0,0,0,1,
	4.31776300,6.53498400,7.24349400,27.27534000,24.15998000,8.31998600,0,0,0,1,
	4.32520200,6.53498400,7.24349400,27.27534000,24.15998000,7.67998700,0,0,0,1,
	4.33104700,6.55121700,7.28369300,27.52674000,24.15998000,6.87998700,0,0,0,1,
	4.33694400,6.55121700,7.28369300,27.52674000,24.15998000,6.15998600,0,0,0,1,
	4.34383600,6.55121700,7.28369300,27.52674000,23.99998000,5.19998700,0,0,0,1,
	4.35006600,6.55519000,7.31749300,27.77922000,23.83997000,4.07998700,0,0,0,1,
	4.35553100,6.55519000,7.31749300,27.77922000,23.75998000,3.03998700,0,0,0,1,
	4.36465300,6.55519000,7.31749300,27.77922000,23.59998000,2.23998700,0,0,0,1,
	4.37235500,6.54366200,7.34489300,28.03215000,23.35998000,0.55998640,0,0,0,1,
	4.37869600,6.54366200,7.34489300,28.03215000,23.19998000,359.36000000,0,0,0,1,
	4.38530500,6.54366200,7.34489300,28.03215000,23.03998000,358.40000000,0,0,0,1,
	4.39054000,6.51835500,7.36589300,28.28471000,22.95998000,357.44000000,0,0,0,1,
	4.40027100,6.51835500,7.36589300,28.28471000,22.87998000,356.80000000,0,0,0,1,
	4.40679700,6.48492400,7.38049300,28.53671000,22.71998000,355.60000000,0,0,0,1,
	4.41368500,6.48492400,7.38049300,28.53671000,22.63998000,354.96000000,0,0,0,1,
	4.41884000,6.48492400,7.38049300,28.53671000,22.55998000,354.56000000,0,0,0,1,
	4.42286300,6.48492400,7.38049300,28.53671000,22.55998000,354.48000000,0,0,0,1,
	4.42691500,6.44619600,7.38869300,28.78822000,22.55998000,354.40000000,0,0,0,1,
	4.43043900,6.44619600,7.38869300,28.78822000,22.55998000,354.40000000,0,0,0,1,
	4.43522300,6.44619600,7.38869300,28.78822000,22.55998000,354.40000000,0,0,0,1,
	4.44015900,6.44619600,7.38869300,28.78822000,22.55998000,354.48000000,0,0,0,1,
	4.44438000,6.44619600,7.38869300,28.78822000,22.55998000,354.56000000,0,0,0,1,
	4.44945600,6.40746800,7.39049300,29.03973000,22.55998000,354.64000000,0,0,0,1,
	4.45656400,6.40746800,7.39049300,29.03973000,22.55998000,354.80000000,0,0,0,1,
	4.46345400,6.40746800,7.39049300,29.03973000,22.47998000,355.04000000,0,0,0,1,
	4.46928500,6.36874100,7.38589300,29.29124000,22.47998000,355.36000000,0,0,0,1,
	4.47556600,6.36874100,7.38589300,29.29124000,22.47998000,355.68000000,0,0,0,1,
	4.48226400,6.36874100,7.38589300,29.29124000,22.47998000,356.08000000,0,0,0,1,
	4.48823000,6.33001300,7.37489300,29.54275000,22.47998000,356.56000000,0,0,0,1,
	4.49701900,6.33001300,7.37489300,29.54275000,22.47998000,357.04000000,0,0,0,1,
	4.51288700,6.29128500,7.35749300,29.79426000,22.55998000,357.68000000,0,0,1,0,
	4.52171400,6.29128500,7.35749300,29.79426000,22.63998000,359.04000000,0,0,1,0,
	4.52755000,6.30194000,7.33369400,30.04640000,22.63998000,359.68000000,0,0,1,0,
	4.53548500,6.30194000,7.33369400,30.04640000,22.71998000,0.15998630,0,0,1,0,
	4.54024900,6.30194000,7.33369400,30.04640000,22.71998000,0.79998630,0,0,1,0,
	4.54607400,6.30194000,7.33369400,30.04640000,22.71998000,1.19998600,0,0,1,0,
	4.55146600,6.32263300,7.30349300,30.29841000,22.71998000,1.51998600,0,0,1,0,
	4.55595100,6.32263300,7.30349300,30.29841000,22.71998000,1.83998700,0,0,1,0,
	4.56061900,6.32263300,7.30349300,30.29841000,22.71998000,1.99998600,0,0,1,0,
	4.56598200,6.32263300,7.30349300,30.29841000,22.71998000,2.15998700,0,0,1,0,
	4.56904000,6.34649700,7.26689300,30.55032000,22.71998000,2.23998700,0,0,1,0,
	4.57357700,6.34649700,7.26689300,30.55032000,22.71998000,2.23998700,0,0,1,0,
	4.57610300,6.34649700,7.26689300,30.55032000,22.71998000,2.23998700,0,0,1,0,
	4.57996500,6.34649700,7.26689300,30.55032000,22.71998000,2.23998700,0,0,1,0,
	4.58252900,6.34649700,7.26689300,30.55032000,22.71998000,2.23998700,0,0,1,0,
	4.58630900,6.37036000,7.22389300,30.80223000,22.71998000,2.23998700,0,0,1,0,
	4.58976300,6.37036000,7.22389300,30.80223000,22.71998000,2.23998700,0,0,1,0,
	4.59421100,6.37036000,7.22389300,30.80223000,22.71998000,2.23998700,0,0,1,0,
	4.59732000,6.37036000,7.22389300,30.80223000,22.71998000,2.23998700,0,0,1,0,
	4.60093800,6.37036000,7.22389300,30.80223000,22.71998000,2.23998700,0,0,1,0,
	4.60381500,6.37036000,7.22389300,30.80223000,22.71998000,2.23998700,0,0,1,0,
	4.60871400,6.39422400,7.17449300,31.05413000,22.71998000,2.23998700,0,0,0,0,
	4.61510200,6.39422400,7.17449300,31.05413000,22.71998000,2.23998700,0,0,0,0,
	4.61773700,6.39422400,7.17449300,31.05413000,22.71998000,2.23998700,0,0,0,0,
	4.62250100,6.39422400,7.17449300,31.05413000,22.71998000,2.23998700,0,0,0,0,
	4.62753200,6.41808800,7.11869300,31.30604000,22.71998000,2.23998700,0,0,0,1,
	4.63329100,6.41808800,7.11869300,31.30604000,22.71998000,2.23998700,0,0,0,1,
	4.63659400,6.41808800,7.11869300,31.30604000,22.71998000,2.23998700,0,0,0,1,
	4.63995200,6.41808800,7.11869300,31.30604000,22.71998000,2.23998700,0,0,0,1,
	4.64340400,6.41808800,7.11869300,31.30604000,22.71998000,2.23998700,0,0,0,1,
	4.64655200,6.41397300,7.10373900,31.55904000,22.71998000,2.23998700,0,0,0,1,
	4.65056700,6.41397300,7.10373900,31.55904000,22.71998000,2.23998700,0,0,0,1,
	4.65402600,6.41397300,7.10373900,31.55904000,22.71998000,2.23998700,0,0,0,1,
	4.65742500,6.41397300,7.10373900,31.55904000,22.71998000,2.23998700,0,0,0,1,
	4.66036500,6.41397300,7.10373900,31.55904000,22.71998000,2.23998700,0,0,0,1,
	4.66386800,6.41397300,7.10373900,31.55904000,22.71998000,2.23998700,0,0,0,1,
	4.66837900,6.40985900,7.10074800,31.81204000,22.71998000,2.23998700,0,0,0,0,
	4.67410700,6.40985900,7.10074800,31.81204000,22.71998000,2.23998700,0,0,0,0,
	4.67770000,6.40985900,7.10074800,31.81204000,22.71998000,2.23998700,0,0,0,0,
	4.68053000,6.40985900,7.10074800,31.81204000,22.71998000,2.23998700,0,0,0,0,
	4.68436600,6.40985900,7.10074800,31.81204000,22.71998000,2.23998700,0,0,0,0,
	4.68714300,6.40574400,7.21134800,32.06504000,22.71998000,2.23998700,0,0,0,0,
	4.69164700,6.40574400,7.21134800,32.06504000,22.71998000,2.23998700,0,0,0,0,
	4.69424300,6.40574400,7.21134800,32.06504000,22.71998000,2.23998700,0,0,0,0,
	4.69840100,6.40574400,7.21134800,32.06504000,22.71998000,2.23998700,0,0,0,0,
	4.70184300,6.40574400,7.21134800,32.06504000,22.71998000,2.23998700,0,0,0,0,
	4.70562700,6.40574400,7.21134800,32.06504000,22.71998000,2.23998700,0,0,0,0,
	4.70834100,6.40162900,7.31554700,32.31804000,22.71998000,2.23998700,0,0,0,0,
	4.71277000,6.40162900,7.31554700,32.31804000,22.71998000,2.23998700,0,0,0,0,
	4.71536600,6.40162900,7.31554700,32.31804000,22.71998000,2.23998700,0,0,0,0,
	4.71906300,6.40162900,7.31554700,32.31804000,22.71998000,2.23998700,0,0,0,0,
	4.72231100,6.40162900,7.31554700,32.31804000,22.71998000,2.23998700,0,0,0,0,
	4.72634500,6.39751500,7.41334700,32.57103000,22.71998000,2.23998700,0,0,0,0,
	4.73002900,6.39751500,7.41334700,32.57103000,22.71998000,2.23998700,0,0,0,0,
	4.73368200,6.39751500,7.41334700,32.57103000,22.71998000,2.23998700,0,0,0,0,
	4.73636500,6.39751500,7.41334700,32.57103000,22.71998000,2.23998700,0,0,0,0,
	4.74010700,6.39751500,7.41334700,32.57103000,22.71998000,2.23998700,0,0,0,0,
	4.74317100,6.39751500,7.41334700,32.57103000,22.71998000,2.23998700,0,0,0,0,
	4.74688600,6.39340000,7.50474700,32.82403000,22.71998000,2.23998700,0,0,0,0,
	4.75040300,6.39340000,7.50474700,32.82403000,22.71998000,2.23998700,0,0,0,0,
	4.75404200,6.39340000,7.50474700,32.82403000,22.71998000,2.23998700,0,0,0,0,
	4.75683900,6.39340000,7.50474700,32.82403000,22.71998000,2.23998700,0,0,0,0,
	4.76078100,6.39340000,7.50474700,32.82403000,22.71998000,2.23998700,0,0,0,0,
	4.76356700,6.39340000,7.50474700,32.82403000,22.71998000,2.23998700,0,0,0,0,
	4.76758300,6.38928600,7.58974700,33.07703000,22.71998000,2.23998700,0,0,0,0,
	4.77116000,6.38928600,7.58974700,33.07703000,22.71998000,2.23998700,0,0,0,0,
	4.77476500,6.38928600,7.58974700,33.07703000,22.71998000,2.23998700,0,0,0,0,
	4.77722000,6.38928600,7.58974700,33.07703000,22.71998000,2.23998700,0,0,0,0,
	4.78113000,6.38928600,7.58974700,33.07703000,22.71998000,2.23998700,0,0,0,0,
	4.78368900,6.38928600,7.58974700,33.07703000,22.71998000,2.23998700,0,0,0,0,
	4.78745400,6.38517100,7.66834700,33.33003000,22.71998000,2.23998700,0,0,0,0,
	4.79265200,6.38517100,7.66834700,33.33003000,22.71998000,2.23998700,0,1,0,0,
	4.79901000,6.38517100,7.66834700,33.33003000,22.71998000,2.23998700,0,1,0,0,
	4.80332700,6.38517100,7.66834700,33.33003000,22.79998000,2.23998600,0,1,0,0,
	4.80696100,6.37981600,7.74054700,33.55131000,22.79998000,2.23998600,0,1,0,0,
	4.81088700,6.37981600,7.74054700,33.55131000,22.79998000,2.23998600,0,1,0,0,
	4.81486600,6.37981600,7.74054700,33.55131000,22.79998000,2.23998600,0,1,0,0,
	4.81782300,6.37981600,7.74054700,33.55131000,22.79998000,2.23998600,0,1,0,0,
	4.82218100,6.37981600,7.74054700,33.55131000,22.79998000,2.23998600,0,1,0,0,
	4.82560400,6.37981600,7.74054700,33.55131000,22.79998000,2.23998600,0,1,0,0,
	4.82996700,6.37271900,7.80634700,33.72807000,22.79998000,2.23998600,0,1,0,0,
	4.83346000,6.37271900,7.80634700,33.72807000,22.79998000,2.23998600,0,1,0,0,
	4.83760300,6.37271900,7.80634700,33.72807000,22.79998000,2.23998600,0,1,0,0,
	4.84060500,6.37271900,7.80634700,33.72807000,22.79998000,2.23998600,0,1,0,0,
	4.84439800,6.37271900,7.80634700,33.72807000,22.79998000,2.23998600,0,1,0,0,
	4.84781700,6.36415300,7.86574700,33.86726000,22.79998000,2.23998600,0,1,0,0,
	4.85204700,6.36415300,7.86574700,33.86726000,22.79998000,2.23998600,0,1,0,0,
	4.85563900,6.36415300,7.86574700,33.86726000,22.79998000,2.23998600,0,1,0,0,
	4.85917800,6.36415300,7.86574700,33.86726000,22.79998000,2.23998600,0,1,0,0,
	4.86237900,6.36415300,7.86574700,33.86726000,22.79998000,2.23998600,0,1,0,0,
	4.86588500,6.36415300,7.86574700,33.86726000,22.79998000,2.23998600,0,1,0,0,
	4.87004700,6.35390800,7.91874700,33.96352000,22.79998000,2.23998600,0,1,0,0,
	4.87375100,6.35390800,7.91874700,33.96352000,22.79998000,2.23998600,0,1,0,0,
	4.87773500,6.35390800,7.91874700,33.96352000,22.79998000,2.23998600,0,1,0,0,
	4.88076300,6.35390800,7.91874700,33.96352000,22.79998000,2.23998600,0,1,0,0,
	4.88469800,6.35390800,7.91874700,33.96352000,22.79998000,2.23998600,0,1,0,0,
	4.88750100,6.34219100,7.96534700,34.02219000,22.79998000,2.23998600,0,1,0,0,
	4.89234400,6.34219100,7.96534700,34.02219000,22.79998000,2.23998600,0,1,0,0,
	4.89497600,6.34219100,7.96534700,34.02219000,22.79998000,2.23998600,0,1,0,0,
	4.89952700,6.34219100,7.96534700,34.02219000,22.79998000,2.23998600,0,1,0,0,
	4.90298100,6.34219100,7.96534700,34.02219000,22.79998000,2.23998600,0,1,0,0,
	4.90698700,6.32904600,8.00554800,34.04431000,22.79998000,2.23998600,0,1,0,0,
	4.91101200,6.32904600,8.00554800,34.04431000,22.79998000,2.23998600,0,1,0,0,
	4.91446900,6.32904600,8.00554800,34.04431000,22.79998000,2.23998600,0,1,0,0,
	4.91743200,6.32904600,8.00554800,34.04431000,22.79998000,2.23998600,0,1,0,0,
	4.92134900,6.32904600,8.00554800,34.04431000,22.79998000,2.23998600,0,1,0,0,
	4.92455600,6.32904600,8.00554800,34.04431000,22.79998000,2.23998600,0,1,0,0,
	4.92833200,6.31450900,8.03934800,34.03087000,22.79998000,2.23998600,0,1,0,0,
	4.93290100,6.31450900,8.03934800,34.03087000,22.79998000,2.23998600,0,1,0,0,
	4.93564700,6.31450900,8.03934800,34.03087000,22.79998000,2.23998600,0,1,0,0,
end
