map
	ez_square2
end

values
	0.00563570,-4.03495200,1.90000000,-6.03834200,16.40001000,352.39970000,1,0,0,0,
	0.01097390,-4.03495200,1.90000000,-6.03834200,16.48001000,352.39970000,1,0,0,0,
	0.01571310,-4.03495200,1.90000000,-6.03834200,16.56001000,352.39970000,1,0,0,0,
	0.02068080,-4.03495200,1.90000000,-6.03834200,16.64001000,352.39970000,1,0,0,0,
	0.02417690,-4.03495200,1.90000000,-6.03834200,16.72001000,352.39970000,1,0,0,0,
	0.02910980,-4.03840100,1.90000000,-6.01251900,16.72001000,352.39970000,1,0,0,0,
	0.03448780,-4.03840100,1.90000000,-6.01251900,16.80001000,352.39970000,1,0,0,0,
	0.03786790,-4.03840100,1.90000000,-6.01251900,16.88001000,352.39970000,1,0,0,0,
	0.04282920,-4.03840100,1.90000000,-6.01251900,16.88001000,352.39970000,1,0,0,0,
	0.04793970,-4.04283600,1.90000000,-5.97930000,16.96001000,352.39970000,1,0,0,0,
	0.05351810,-4.04283600,1.90000000,-5.97930000,17.04001000,352.39970000,1,0,0,0,
	0.05843090,-4.04283600,1.90000000,-5.97930000,17.12001000,352.39970000,1,0,0,0,
	0.06344580,-4.04283600,1.90000000,-5.97930000,17.20001000,352.39970000,1,0,0,0,
	0.07046880,-4.04836000,1.90000000,-5.93790800,17.28001000,352.39970000,1,0,0,0,
	0.07550340,-4.04836000,1.90000000,-5.93790800,17.36001000,352.47970000,1,0,0,0,
	0.07986860,-4.04836000,1.90000000,-5.93790800,17.44001000,352.47970000,1,0,0,0,
	0.08470820,-4.05473000,1.90000000,-5.89000000,17.60001000,352.47970000,1,0,0,0,
	0.09096510,-4.05473000,1.90000000,-5.89000000,17.68001000,352.47970000,1,0,0,0,
	0.09604210,-4.05473000,1.90000000,-5.89000000,17.76001000,352.55970000,1,0,0,0,
	0.10062610,-4.05473000,1.90000000,-5.89000000,17.84001000,352.55970000,1,0,0,0,
	0.10709320,-4.06215300,1.90000000,-5.83385700,18.00001000,352.55970000,1,0,0,0,
	0.11368170,-4.06215300,1.90000000,-5.83385700,18.16001000,352.55970000,1,0,0,0,
	0.11943520,-4.06215300,1.90000000,-5.83385700,18.32001000,352.63960000,1,0,0,0,
	0.12542200,-4.07051400,1.90000000,-5.77024800,18.48001000,352.63960000,1,0,0,0,
	0.13094250,-4.07051400,1.90000000,-5.77024800,18.64001000,352.63960000,1,0,0,0,
	0.13634220,-4.07051400,1.90000000,-5.77024800,18.80001000,352.71960000,1,0,0,0,
	0.14189910,-4.07051400,1.90000000,-5.77024800,18.96001000,352.71960000,1,0,0,0,
	0.14735850,-4.07997100,1.90000000,-5.69772100,19.12001000,352.71960000,1,0,0,0,
	0.15321160,-4.07997100,1.90000000,-5.69772100,19.28001000,352.71960000,1,0,0,0,
	0.15769340,-4.07997100,1.90000000,-5.69772100,19.44001000,352.71960000,1,0,0,0,
	0.16335250,-4.07997100,1.90000000,-5.69772100,19.60001000,352.71960000,1,0,0,0,
	0.16978160,-4.09048200,1.90000000,-5.61667700,19.76001000,352.71960000,1,0,0,0,
	0.17583210,-4.09048200,1.90000000,-5.61667700,20.00001000,352.63960000,1,0,0,0,
	0.18102570,-4.09048200,1.90000000,-5.61667700,20.16001000,352.63960000,1,0,0,0,
	0.18600240,-4.10190000,1.90000000,-5.52862300,20.32001000,352.55970000,1,0,0,0,
	0.19092390,-4.10190000,1.90000000,-5.52862300,20.48001000,352.55970000,1,0,0,0,
	0.19774650,-4.10190000,1.90000000,-5.52862300,20.64001000,352.47970000,1,0,0,0,
	0.20261620,-4.10190000,1.90000000,-5.52862300,20.88001000,352.39970000,1,0,0,0,
	0.20763360,-4.11449100,1.90000000,-5.43201200,20.96001000,352.39970000,1,0,0,0,
	0.21459270,-4.11449100,1.90000000,-5.43201200,21.12001000,352.31970000,1,0,0,0,
	0.21915020,-4.11449100,1.90000000,-5.43201200,21.28001000,352.23970000,1,0,0,0,
	0.22319850,-4.11449100,1.90000000,-5.43201200,21.36001000,352.23970000,1,0,0,0,
	0.23014400,-4.12827000,1.90000000,-5.32725300,21.44001000,352.15970000,1,0,0,0,
	0.23518020,-4.12827000,1.90000000,-5.32725300,21.68001000,352.07970000,1,0,0,0,
	0.23978320,-4.12827000,1.90000000,-5.32725300,21.76001000,351.99980000,1,0,0,0,
	0.24541130,-4.14305800,1.90000000,-5.21593800,21.84001000,351.99980000,1,0,0,0,
	0.25104950,-4.14305800,1.90000000,-5.21593800,22.00001000,351.91980000,1,0,0,0,
	0.25556160,-4.14305800,1.90000000,-5.21593800,22.08001000,351.83980000,1,0,0,0,
	0.26029950,-4.14305800,1.90000000,-5.21593800,22.16001000,351.75980000,1,0,0,0,
	0.26627500,-4.15916100,1.90000000,-5.09651900,22.24001000,351.67980000,1,0,0,0,
	0.27219640,-4.15916100,1.90000000,-5.09651900,22.40001000,351.59980000,1,0,0,0,
	0.27667240,-4.15916100,1.90000000,-5.09651900,22.48001000,351.51980000,1,0,0,0,
	0.28092630,-4.15916100,1.90000000,-5.09651900,22.56000000,351.51980000,1,0,0,0,
	0.28559200,-4.17666600,1.90000000,-4.96896700,22.64001000,351.43980000,1,0,0,0,
	0.29082630,-4.17666600,1.90000000,-4.96896700,22.72001000,351.35990000,1,0,0,0,
	0.29555140,-4.17666600,1.90000000,-4.96896700,22.80001000,351.27990000,1,0,0,0,
	0.30018680,-4.17666600,1.90000000,-4.96896700,22.88001000,351.19990000,1,0,0,0,
	0.30661370,-4.19555100,1.90000000,-4.83383000,22.96001000,351.11990000,1,0,0,0,
	0.31181990,-4.19555100,1.90000000,-4.83383000,23.12000000,351.03990000,1,0,0,0,
	0.31633720,-4.19555100,1.90000000,-4.83383000,23.20000000,350.95990000,1,0,0,0,
	0.32199440,-4.19555100,1.90000000,-4.83383000,23.28001000,350.87990000,1,0,0,0,
	0.32848110,-4.21609000,1.90000000,-4.69012200,23.36001000,350.80000000,1,0,0,0,
	0.33689530,-4.21609000,1.90000000,-4.69012200,23.52000000,350.72000000,1,0,0,0,
	0.34193140,-4.21609000,1.90000000,-4.69012200,23.68000000,350.55990000,1,0,0,0,
	0.34705850,-4.23822600,1.90000000,-4.53859100,23.76001000,350.48000000,1,0,0,0,
	0.35250740,-4.23822600,1.90000000,-4.53859100,23.84000000,350.40000000,1,0,0,0,
	0.35752390,-4.23822600,1.90000000,-4.53859100,24.00001000,350.32000000,1,0,0,0,
	0.36702190,-4.26076400,1.90000000,-4.38620600,24.08001000,350.24000000,1,0,0,0,
	0.37177120,-4.26076400,1.90000000,-4.38620600,24.32000000,350.08000000,1,0,0,0,
	0.37668900,-4.26076400,1.90000000,-4.38620600,24.40000000,350.00000000,1,0,0,0,
	0.38189970,-4.26076400,1.90000000,-4.38620600,24.48001000,349.84000000,1,0,0,0,
	0.38584490,-4.28377000,1.90000000,-4.23387000,24.56000000,349.76000000,1,0,0,0,
	0.39187490,-4.28377000,1.90000000,-4.23387000,24.72000000,349.68010000,1,0,0,0,
	0.39937270,-4.28377000,1.90000000,-4.23387000,24.88000000,349.60010000,1,0,0,0,
	0.40421920,-4.28377000,1.90000000,-4.23387000,25.04000000,349.44010000,1,0,0,0,
	0.40836930,-4.30727500,1.90000000,-4.08159100,25.12001000,349.36010000,1,0,0,0,
	0.41329670,-4.30727500,1.90000000,-4.08159100,25.20000000,349.28010000,1,0,0,0,
	0.41964570,-4.30727500,1.90000000,-4.08159100,25.36000000,349.20010000,1,0,0,0,
	0.42484010,-4.33116000,1.90000000,-3.92935600,25.52000000,349.04010000,1,0,0,0,
	0.43013620,-4.33116000,1.90000000,-3.92935600,25.68000000,348.96010000,1,0,0,0,
	0.43465740,-4.33116000,1.90000000,-3.92935600,25.84000000,348.88010000,1,0,0,0,
	0.44091030,-4.33116000,1.90000000,-3.92935600,25.92000000,348.80010000,1,0,0,0,
	0.44559540,-4.35561200,1.90000000,-3.77719100,26.08000000,348.64010000,1,0,0,0,
	0.45027960,-4.35561200,1.90000000,-3.77719100,26.24001000,348.56020000,1,0,0,0,
	0.45456740,-4.35561200,1.90000000,-3.77719100,26.32000000,348.48020000,1,0,0,0,
	0.45919590,-4.35561200,1.90000000,-3.77719100,26.40000000,348.40020000,1,0,0,0,
	0.46319790,-4.35561200,1.90000000,-3.77719100,26.56001000,348.32020000,1,0,0,0,
	0.46728690,-4.38070500,1.90000000,-3.62511300,26.72000000,348.24020000,1,0,0,0,
	0.47534780,-4.38070500,1.90000000,-3.62511300,26.80000000,348.16020000,1,0,0,0,
	0.47977260,-4.38070500,1.90000000,-3.62511300,27.04000000,348.00020000,1,0,0,0,
	0.48369080,-4.38070500,1.90000000,-3.62511300,27.12000000,347.92020000,1,0,0,0,
	0.49124260,-4.40643500,1.90000000,-3.47312300,27.20000000,347.84020000,1,0,0,0,
	0.49633490,-4.40643500,1.90000000,-3.47312300,27.44000000,347.68020000,1,0,0,0,
	0.50139530,-4.40643500,1.90000000,-3.47312300,27.52000000,347.60030000,1,0,0,0,
	0.50856890,-4.43274500,1.90000000,-3.32121900,27.68000000,347.52030000,1,0,0,0,
	0.51296570,-4.43274500,1.90000000,-3.32121900,27.84000000,347.36030000,1,0,0,0,
	0.51714490,-4.43274500,1.90000000,-3.32121900,27.92000000,347.28030000,1,0,0,0,
	0.52249160,-4.43274500,1.90000000,-3.32121900,28.08000000,347.20030000,1,0,0,0,
	0.52667300,-4.45977600,1.90000000,-3.16942500,28.16000000,347.12030000,1,0,0,0,
	0.53130810,-4.45977600,1.90000000,-3.16942500,28.24000000,347.04030000,1,0,0,0,
	0.53698740,-4.45977600,1.90000000,-3.16942500,28.32000000,346.96030000,1,0,0,0,
	0.54117950,-4.45977600,1.90000000,-3.16942500,28.48000000,346.88030000,1,0,0,0,
	0.54510460,-4.48746000,1.90000000,-3.01773900,28.56000000,346.80040000,1,0,0,0,
	0.54973140,-4.48746000,1.90000000,-3.01773900,28.64000000,346.72040000,1,0,0,0,
	0.55632760,-4.48746000,1.90000000,-3.01773900,28.72000000,346.64040000,1,0,0,0,
	0.56049800,-4.48746000,1.90000000,-3.01773900,28.88000000,346.56040000,1,0,0,0,
	0.56503370,-4.51583500,1.90000000,-2.86617300,28.96000000,346.48040000,1,0,0,0,
	0.56985060,-4.51583500,1.90000000,-2.86617300,29.04000000,346.48040000,1,0,0,0,
	0.57429250,-4.51583500,1.90000000,-2.86617300,29.12000000,346.40040000,1,0,0,0,
	0.57917450,-4.51583500,1.90000000,-2.86617300,29.20000000,346.32040000,1,0,0,0,
	0.58649140,-4.54486300,1.90000000,-2.71474200,29.28000000,346.32040000,1,0,0,0,
	0.59238700,-4.54486300,1.90000000,-2.71474200,29.44000000,346.24040000,1,0,0,0,
	0.59716830,-4.54486300,1.90000000,-2.71474200,29.52000000,346.16050000,1,0,0,0,
	0.60045910,-4.54486300,1.90000000,-2.71474200,29.60000000,346.08050000,1,0,0,0,
	0.60455320,-4.54486300,1.90000000,-2.71474200,29.60000000,346.08050000,1,0,0,0,
	0.60866720,-4.57476300,1.90000000,-2.56349300,29.68000000,346.08050000,1,0,0,0,
	0.61520510,-4.57476300,1.90000000,-2.56349300,29.76001000,346.00050000,1,0,0,0,
	0.62019700,-4.57476300,1.90000000,-2.56349300,29.84000000,345.92050000,1,0,0,0,
	0.62463340,-4.60518900,1.90000000,-2.41235500,29.92000000,345.92050000,1,0,0,0,
	0.63000980,-4.60518900,1.90000000,-2.41235500,30.00000000,345.84050000,1,0,0,0,
	0.63499390,-4.60518900,1.90000000,-2.41235500,30.08000000,345.76050000,1,0,0,0,
	0.63980130,-4.60518900,1.90000000,-2.41235500,30.15999000,345.76050000,1,0,0,0,
	0.64296670,-4.60518900,1.90000000,-2.41235500,30.24000000,345.68050000,1,0,0,0,
	0.64779770,-4.63636500,1.90000000,-2.26137500,30.24000000,345.68050000,1,0,0,0,
	0.65446670,-4.63636500,1.90000000,-2.26137500,30.32001000,345.68050000,1,0,0,0,
	0.65939550,-4.63636500,1.90000000,-2.26137500,30.40000000,345.60060000,1,0,0,0,
	0.66386510,-4.63636500,1.90000000,-2.26137500,30.40000000,345.52060000,1,0,0,0,
	0.66847640,-4.66820300,1.90000000,-2.11054400,30.48000000,345.52060000,1,0,0,0,
	0.67226620,-4.66820300,1.90000000,-2.11054400,30.56000000,345.44060000,1,0,0,0,
	0.67696610,-4.66820300,1.90000000,-2.11054400,30.56000000,345.44060000,1,0,0,0,
	0.68190140,-4.66820300,1.90000000,-2.11054400,30.64000000,345.44060000,1,0,0,0,
	0.68606300,-4.70059600,1.90000000,-1.95983900,30.64000000,345.36060000,1,0,0,0,
	0.69142220,-4.70059600,1.90000000,-1.95983900,30.72001000,345.36060000,1,0,0,0,
	0.69514880,-4.70059600,1.90000000,-1.95983900,30.80000000,345.28060000,1,0,0,0,
	0.69788230,-4.70059600,1.90000000,-1.95983900,30.80000000,345.28060000,1,0,0,0,
	0.70256580,-4.70059600,1.90000000,-1.95983900,30.80000000,345.28060000,1,0,0,0,
	0.70748950,-4.73359700,1.90000000,-1.80928300,30.88000000,345.28060000,1,0,0,0,
	0.71221930,-4.73359700,1.90000000,-1.80928300,30.88000000,345.20060000,1,0,0,0,
	0.71543480,-4.73359700,1.90000000,-1.80928300,30.96000000,345.20060000,1,0,0,0,
	0.71946630,-4.73359700,1.90000000,-1.80928300,30.96000000,345.20060000,1,0,0,0,
	0.72454200,-4.73359700,1.90000000,-1.80928300,30.96000000,345.12060000,1,0,0,0,
	0.72783080,-4.76721800,1.90000000,-1.65887300,31.04000000,345.12060000,1,0,0,0,
	0.73408310,-4.76721800,1.90000000,-1.65887300,31.04000000,345.12060000,1,0,0,0,
	0.73841020,-4.76721800,1.90000000,-1.65887300,31.12000000,345.04060000,1,0,0,0,
	0.74124440,-4.76721800,1.90000000,-1.65887300,31.12000000,345.04060000,1,0,0,0,
	0.74534680,-4.80129100,1.90000000,-1.50857400,31.12000000,345.04060000,1,0,0,0,
	0.75058920,-4.80129100,1.90000000,-1.50857400,31.20000000,345.04060000,1,0,0,0,
	0.75488940,-4.80129100,1.90000000,-1.50857400,31.20000000,344.96070000,1,0,0,0,
	0.75870140,-4.80129100,1.90000000,-1.50857400,31.27999000,344.96070000,1,0,0,0,
	0.76297740,-4.80129100,1.90000000,-1.50857400,31.27999000,344.96070000,1,0,0,0,
	0.76606640,-4.83592700,1.90000000,-1.35841100,31.28000000,344.88070000,1,0,0,0,
	0.77217670,-4.83592700,1.90000000,-1.35841100,31.28000000,344.88070000,1,0,0,0,
	0.77531210,-4.83592700,1.90000000,-1.35841100,31.36000000,344.88070000,1,0,0,0,
	0.77960010,-4.83592700,1.90000000,-1.35841100,31.36000000,344.88070000,1,0,0,0,
	0.78421520,-4.83592700,1.90000000,-1.35841100,31.36000000,344.80070000,1,0,0,0,
	0.78821840,-4.87108700,1.90000000,-1.20838100,31.43999000,344.80070000,1,0,0,0,
	0.79464780,-4.87108700,1.90000000,-1.20838100,31.43999000,344.80070000,1,0,0,0,
	0.79924670,-4.87108700,1.90000000,-1.20838100,31.43999000,344.72070000,1,0,0,0,
	0.80240110,-4.87108700,1.90000000,-1.20838100,31.52000000,344.72070000,1,0,0,0,
	0.80543920,-4.90668000,1.90000000,-1.05846100,31.52000000,344.72070000,1,0,0,0,
	0.80909140,-4.90668000,1.90000000,-1.05846100,31.52000000,344.72070000,1,0,0,0,
	0.81316320,-4.90668000,1.90000000,-1.05846100,31.52000000,344.72070000,1,0,0,0,
	0.81741720,-4.90668000,1.90000000,-1.05846100,31.52000000,344.64070000,1,0,0,0,
	0.82218230,-4.90668000,1.90000000,-1.05846100,31.52000000,344.64070000,1,0,0,0,
	0.82554950,-4.94272000,1.90000000,-0.90865650,31.60000000,344.64070000,1,0,0,0,
	0.82955220,-4.94272000,1.90000000,-0.90865650,31.60000000,344.64070000,1,0,0,0,
	0.83246550,-4.94272000,1.90000000,-0.90865650,31.60000000,344.64070000,1,0,0,0,
	0.83562650,-4.94272000,1.90000000,-0.90865650,31.60000000,344.64070000,1,0,0,0,
	0.83971390,-4.94272000,1.90000000,-0.90865650,31.60000000,344.64070000,1,0,0,0,
	0.84309100,-4.94272000,1.90000000,-0.90865650,31.60000000,344.56070000,1,0,0,0,
	0.84747180,-4.97920200,1.90000000,-0.75896680,31.60000000,344.56070000,1,0,0,0,
	0.85106410,-4.97920200,1.90000000,-0.75896680,31.60000000,344.56070000,1,0,0,0,
	0.85431960,-4.97920200,1.90000000,-0.75896680,31.60000000,344.56070000,1,0,0,0,
	0.85842000,-4.97920200,1.90000000,-0.75896680,31.60000000,344.56070000,1,0,0,0,
	0.86220620,-4.97920200,1.90000000,-0.75896680,31.67999000,344.56070000,1,0,0,0,
	0.86479940,-5.01606300,1.90000000,-0.60938180,31.67999000,344.56070000,1,0,0,0,
	0.86823500,-5.01606300,1.90000000,-0.60938180,31.67999000,344.56070000,1,0,0,0,
	0.87089660,-5.01606300,1.90000000,-0.60938180,31.67999000,344.56070000,1,0,0,0,
	0.87338920,-5.01606300,1.90000000,-0.60938180,31.67999000,344.56070000,1,0,0,0,
	0.87737570,-5.01606300,1.90000000,-0.60938180,31.67999000,344.56070000,1,0,0,0,
	0.87999840,-5.01606300,1.90000000,-0.60938180,31.67999000,344.56070000,1,0,0,0,
	0.88384880,-5.01606300,1.90000000,-0.60938180,31.67999000,344.56070000,1,0,0,0,
	0.88681320,-5.05331900,1.90000000,-0.45990010,31.68000000,344.48070000,1,0,0,0,
	0.89118750,-5.05331900,1.90000000,-0.45990010,31.68000000,344.48070000,1,0,0,0,
	0.89394270,-5.05331900,1.90000000,-0.45990010,31.68000000,344.48070000,1,0,0,0,
	0.89726230,-5.05331900,1.90000000,-0.45990010,31.68000000,344.48070000,1,0,0,0,
	0.90015180,-5.05331900,1.90000000,-0.45990010,31.68000000,344.48070000,1,0,0,0,
	0.90336970,-5.05331900,1.90000000,-0.45990010,31.68000000,344.48070000,1,0,0,0,
	0.90610440,-5.09091300,1.90000000,-0.31051220,31.68000000,344.48070000,1,0,0,0,
	0.91098260,-5.09091300,1.90000000,-0.31051220,31.68000000,344.48070000,1,0,0,0,
	0.91360140,-5.09091300,1.90000000,-0.31051220,31.68000000,344.48070000,1,0,0,0,
	0.91721760,-5.09091300,1.90000000,-0.31051220,31.68000000,344.48070000,1,0,0,0,
	0.92136830,-5.09091300,1.90000000,-0.31051220,31.68000000,344.48070000,1,0,0,0,
	0.92647910,-5.12879800,1.90000000,-0.16120000,31.67999000,344.40080000,1,0,0,0,
	0.93064850,-5.12879800,1.90000000,-0.16120000,31.76000000,344.40080000,1,0,0,0,
	0.93353070,-5.12879800,1.90000000,-0.16120000,31.76000000,344.40080000,1,0,0,0,
	0.93698490,-5.12879800,1.90000000,-0.16120000,31.76000000,344.40080000,1,0,0,0,
	0.94233860,-5.12879800,1.90000000,-0.16120000,31.76000000,344.40080000,1,0,0,0,
	0.94749350,-5.16701400,1.90000000,-0.01197500,31.76000000,344.32080000,1,0,0,0,
	0.95343550,-5.16701400,1.90000000,-0.01197500,31.76000000,344.32080000,1,0,0,0,
	0.95647470,-5.16701400,1.90000000,-0.01197500,31.84000000,344.24080000,1,0,0,0,
	0.96257900,-5.16701400,1.90000000,-0.01197500,31.84000000,344.24080000,1,0,0,0,
	0.96810070,-5.20522900,2.01060000,0.13725000,31.91999000,344.16080000,1,0,0,0,
	0.97412090,-5.20522900,2.01060000,0.13725000,31.91999000,344.08080000,1,0,0,0,
	0.97881690,-5.20522900,2.01060000,0.13725000,32.00000000,344.00080000,1,0,0,0,
	0.98335080,-5.20522900,2.01060000,0.13725000,32.00000000,343.92080000,1,0,0,0,
	0.98896720,-5.24344400,2.11480000,0.28647510,32.08001000,343.92080000,1,0,0,0,
	0.99283700,-5.24344400,2.11480000,0.28647510,32.08001000,343.84090000,1,0,0,0,
	0.99632410,-5.24344400,2.11480000,0.28647510,32.08001000,343.84090000,1,0,0,0,
	1.00589200,-5.28165900,2.21260000,0.43570010,32.08001000,343.84090000,1,0,1,0,
	1.01513700,-5.28165900,2.21260000,0.43570010,32.08001000,343.84090000,1,0,1,0,
	1.01968600,-5.28165900,2.21260000,0.43570010,32.08001000,343.84090000,1,0,1,0,
	1.02318100,-5.28165900,2.21260000,0.43570010,32.16000000,343.84090000,1,0,1,0,
	1.02579800,-5.31987400,2.30400000,0.58492520,32.16000000,343.84090000,1,0,1,0,
	1.03004100,-5.31987400,2.30400000,0.58492520,32.16000000,343.84090000,1,0,1,0,
	1.03261000,-5.31987400,2.30400000,0.58492520,32.16000000,343.84090000,1,0,1,0,
	1.03672300,-5.31987400,2.30400000,0.58492520,32.16000000,343.84090000,0,0,1,0,
	1.04282600,-5.31987400,2.30400000,0.58492520,32.16000000,343.84090000,0,0,1,0,
	1.04839400,-5.34907000,2.38900000,0.73676190,32.16000000,343.92080000,0,0,1,0,
	1.05338500,-5.34907000,2.38900000,0.73676190,32.24001000,344.08080000,0,0,1,0,
	1.06078100,-5.34907000,2.38900000,0.73676190,32.24001000,344.24080000,0,0,1,0,
	1.06641500,-5.37619300,2.46760000,0.88917370,32.24000000,344.72090000,0,0,1,0,
	1.07607300,-5.37619300,2.46760000,0.88917370,32.24000000,345.12080000,0,0,1,0,
	1.08114900,-5.37619300,2.46760000,0.88917370,32.24001000,346.32090000,0,0,1,0,
	1.09039300,-5.39723900,2.53980000,1.04306200,32.24000000,347.04090000,0,0,1,0,
	1.09506400,-5.39723900,2.53980000,1.04306200,32.24001000,348.64090000,0,0,1,0,
	1.10014600,-5.39723900,2.53980000,1.04306200,32.24001000,349.36090000,0,0,1,0,
	1.10696100,-5.40935100,2.60560000,1.19863300,32.24001000,350.40090000,0,0,1,0,
	1.11223100,-5.40935100,2.60560000,1.19863300,32.24001000,351.84090000,0,0,1,0,
	1.11635200,-5.40935100,2.60560000,1.19863300,32.24001000,353.12090000,0,0,1,0,
	1.12202400,-5.40935100,2.60560000,1.19863300,32.24000000,354.16090000,0,0,1,0,
	1.13383700,-5.40783400,2.66500000,1.35574100,32.24001000,355.44090000,0,0,1,0,
	1.15367300,-5.39712300,2.71800000,1.51304200,32.24001000,358.80090000,0,0,1,0,
	1.16190900,-5.39712300,2.71800000,1.51304200,32.24000000,5.44088500,0,0,1,0,
	1.17146200,-5.36104000,2.76460000,1.66758900,32.16000000,8.08089000,0,0,1,1,
	1.18050800,-5.36104000,2.76460000,1.66758900,32.16000000,11.68092000,0,0,1,1,
	1.18897100,-5.32495700,2.80480000,1.82213700,32.16000000,14.64090000,0,0,1,1,
	1.19966900,-5.32495700,2.80480000,1.82213700,32.16000000,16.96090000,0,0,1,1,
	1.20480300,-5.28887400,2.83860000,1.97668400,32.16000000,20.32089000,0,0,1,1,
	1.21682600,-5.28887400,2.83860000,1.97668400,32.16000000,21.60089000,0,0,0,1,
	1.22473100,-5.25279000,2.86600000,2.13123200,32.16000000,24.16087000,0,0,0,1,
	1.23435800,-5.25279000,2.86600000,2.13123200,32.16000000,25.76089000,0,0,0,1,
	1.24051700,-5.25279000,2.86600000,2.13123200,32.16000000,26.88088000,0,0,0,1,
	1.24493300,-5.21670700,2.88700000,2.28577900,32.24001000,27.36090000,0,0,0,1,
	1.24955300,-5.21670700,2.88700000,2.28577900,32.24000000,27.60089000,0,0,0,1,
	1.25268100,-5.21670700,2.88700000,2.28577900,32.24001000,27.68088000,0,0,0,1,
	1.25535500,-5.21670700,2.88700000,2.28577900,32.24001000,27.68088000,0,0,0,1,
	1.25878000,-5.21670700,2.88700000,2.28577900,32.24001000,27.68088000,0,0,0,1,
	1.26163700,-5.21670700,2.88700000,2.28577900,32.24001000,27.68088000,0,0,0,1,
	1.26468900,-5.18062400,2.90160000,2.44032700,32.24001000,27.68088000,0,0,0,1,
	1.26979900,-5.18062400,2.90160000,2.44032700,32.24001000,27.68088000,0,0,0,1,
	1.27455400,-5.18062400,2.90160000,2.44032700,32.24000000,27.60089000,0,0,0,1,
	1.28082500,-5.18062400,2.90160000,2.44032700,32.24000000,27.44090000,0,0,0,1,
	1.28518300,-5.14454100,2.90980000,2.59487400,32.40001000,27.04089000,0,0,0,1,
	1.29364200,-5.14454100,2.90980000,2.59487400,32.40001000,26.80091000,0,0,0,1,
	1.30686300,-5.10845800,2.91160000,2.74942200,32.56001000,25.92091000,0,0,0,1,
	1.31117100,-5.10845800,2.91160000,2.74942200,32.80001000,24.08091000,0,0,0,1,
	1.31533300,-5.10845800,2.91160000,2.74942200,32.88001000,23.20090000,0,0,0,1,
	1.32087300,-5.10845800,2.91160000,2.74942200,32.88001000,22.56089000,0,0,0,1,
	1.32741900,-5.07237400,2.90700000,2.90396900,33.04001000,21.36088000,0,0,0,1,
	1.33525200,-5.07237400,2.90700000,2.90396900,33.12001000,19.68087000,0,0,0,1,
	1.33988400,-5.07237400,2.90700000,2.90396900,33.28001000,17.92087000,0,0,0,1,
	1.34553600,-5.04127500,2.89600000,3.05999800,33.36001000,16.32085000,0,0,0,1,
	1.35040600,-5.04127500,2.89600000,3.05999800,33.52001000,14.64088000,0,0,0,1,
	1.35629300,-5.04127500,2.89600000,3.05999800,33.60001000,12.80088000,0,0,0,1,
	1.36248600,-5.04127500,2.89600000,3.05999800,33.68001000,10.64087000,0,0,0,1,
	1.37439000,-5.03241200,2.87860000,3.22042700,33.76001000,8.16085900,0,0,0,1,
	1.37950400,-5.03241200,2.87860000,3.22042700,33.92001000,3.12086000,0,0,0,1,
	1.38556100,-5.04415800,2.85480000,3.38171500,34.00001000,0.80083600,0,0,0,1,
	1.39381500,-5.04415800,2.85480000,3.38171500,34.00002000,358.16080000,0,0,0,1,
	1.40107600,-5.04415800,2.85480000,3.38171500,34.08002000,354.16080000,0,0,0,1,
	1.40554500,-5.08554200,2.82460000,3.53972900,34.08002000,350.24080000,0,0,0,1,
	1.41074700,-5.08554200,2.82460000,3.53972900,34.08002000,348.24080000,0,0,0,1,
	1.41594800,-5.08554200,2.82460000,3.53972900,34.08002000,345.76080000,0,0,0,1,
	1.42291100,-5.08554200,2.82460000,3.53972900,34.08002000,343.44080000,0,0,0,1,
	1.43260300,-5.15455700,2.78800000,3.68976200,34.08002000,340.16080000,0,0,1,0,
	1.44051600,-5.15455700,2.78800000,3.68976200,34.08002000,335.76080000,0,0,1,0,
	1.44589700,-5.20958900,2.74500000,3.84609000,34.08002000,332.48080000,0,0,1,0,
	1.45705100,-5.20958900,2.74500000,3.84609000,34.08002000,330.96080000,0,0,1,0,
	1.46642500,-5.26462000,2.69560000,4.00241800,34.08002000,328.00080000,0,0,1,0,
	1.47257600,-5.26462000,2.69560000,4.00241800,34.00002000,326.48080000,0,0,1,0,
	1.47571200,-5.26462000,2.69560000,4.00241800,34.00002000,326.08080000,0,0,1,0,
	1.47856000,-5.26462000,2.69560000,4.00241800,34.00002000,326.08080000,0,0,1,0,
	1.48159500,-5.26462000,2.69560000,4.00241800,34.00002000,326.08080000,0,0,1,0,
	1.48411600,-5.26462000,2.69560000,4.00241800,34.00002000,326.08080000,0,0,1,0,
	1.48835700,-5.31965200,2.63980000,4.15874600,34.00002000,326.08080000,0,0,1,0,
	1.49752500,-5.31965200,2.63980000,4.15874600,34.00002000,326.16080000,0,0,1,0,
	1.50249300,-5.31965200,2.63980000,4.15874600,33.92001000,326.72080000,0,0,1,0,
	1.50994700,-5.37468400,2.57760000,4.31507400,33.84002000,327.12080000,0,0,1,0,
	1.51753900,-5.37468400,2.57760000,4.31507400,33.84002000,327.92080000,0,0,1,0,
	1.52481400,-5.42971600,2.50900000,4.47140300,33.76001000,329.28080000,0,0,1,0,
	1.53256800,-5.42971600,2.50900000,4.47140300,33.68001000,330.80080000,0,0,1,0,
	1.53836800,-5.42971600,2.50900000,4.47140300,33.68001000,332.80080000,0,0,1,0,
	1.54354200,-5.42971600,2.50900000,4.47140300,33.60001000,334.40080000,0,0,1,0,
	1.54874800,-5.48453700,2.50180000,4.62782500,33.60000000,335.84080000,0,0,1,0,
	1.55367000,-5.48453700,2.50180000,4.62782500,33.60001000,337.52080000,0,0,1,0,
	1.55864400,-5.48453700,2.50180000,4.62782500,33.52001000,339.12080000,0,0,1,0,
	1.56459700,-5.48453700,2.50180000,4.62782500,33.52000000,340.96080000,0,0,1,0,
	1.57071800,-5.51951300,2.50036000,4.79131100,33.52000000,343.12080000,0,0,1,0,
	1.57551900,-5.51951300,2.50036000,4.79131100,33.52001000,345.12080000,0,0,1,0,
	1.57996800,-5.51951300,2.50036000,4.79131100,33.52001000,347.04080000,0,0,1,0,
	1.58683500,-5.53765800,2.61096000,4.95866100,33.44001000,349.04080000,0,0,1,0,
	1.59354300,-5.53765800,2.61096000,4.95866100,33.44000000,351.68080000,0,0,1,0,
	1.59875900,-5.53765800,2.61096000,4.95866100,33.44000000,354.32080000,0,0,1,0,
	1.60424200,-5.53765800,2.61096000,4.95866100,33.44000000,356.32080000,0,0,1,0,
	1.60897000,-5.52720900,2.71516000,5.12843000,33.36000000,358.80080000,0,0,1,0,
	1.61344900,-5.52720900,2.71516000,5.12843000,33.28001000,0.80083610,0,0,1,0,
	1.62019600,-5.52720900,2.71516000,5.12843000,33.28001000,2.24083100,0,0,1,0,
	1.62500000,-5.50063300,2.81296000,5.29751000,33.19999000,4.24084800,0,0,1,0,
	1.63433900,-5.50063300,2.81296000,5.29751000,33.12000000,6.08084500,0,0,1,1,
	1.64213400,-5.50063300,2.81296000,5.29751000,33.03999000,9.20082200,0,0,1,1,
	1.64756400,-5.46860300,2.90436000,5.46600800,32.95999000,11.52085000,0,0,1,1,
	1.65190800,-5.46860300,2.90436000,5.46600800,32.87999000,12.72085000,0,0,1,1,
	1.65676100,-5.46860300,2.90436000,5.46600800,32.79999000,13.76087000,0,0,1,1,
	1.66243800,-5.46860300,2.90436000,5.46600800,32.79999000,14.40086000,0,0,1,1,
	1.66736700,-5.43657400,2.98936000,5.63450700,32.71999000,15.52088000,0,0,1,1,
	1.67248600,-5.43657400,2.98936000,5.63450700,32.71999000,16.16089000,0,0,1,1,
	1.67643200,-5.43657400,2.98936000,5.63450700,32.63999000,16.64089000,0,0,1,1,
	1.68219700,-5.43657400,2.98936000,5.63450700,32.63998000,17.04089000,0,0,1,1,
	1.68639900,-5.40454400,3.06796000,5.80300500,32.63999000,17.28088000,0,0,1,1,
	1.69077800,-5.40454400,3.06796000,5.80300500,32.55999000,17.36087000,0,0,1,1,
	1.69434700,-5.40454400,3.06796000,5.80300500,32.55999000,17.36087000,0,0,0,1,
	1.69955000,-5.40454400,3.06796000,5.80300500,32.55999000,17.36087000,0,0,0,1,
	1.70278800,-5.40454400,3.06796000,5.80300500,32.55999000,17.36087000,0,0,0,1,
	1.70551000,-5.37251400,3.14016000,5.97150400,32.55999000,17.36087000,0,0,0,1,
	1.70930300,-5.37251400,3.14016000,5.97150400,32.55999000,17.36087000,0,0,0,1,
	1.71203600,-5.37251400,3.14016000,5.97150400,32.55999000,17.36087000,0,0,0,1,
	1.71488600,-5.37251400,3.14016000,5.97150400,32.55999000,17.36087000,0,0,0,1,
	1.72043500,-5.37251400,3.14016000,5.97150400,32.55999000,17.36087000,0,0,0,1,
	1.72577900,-5.34048500,3.20596000,6.14000200,32.55998000,17.20086000,0,0,0,1,
	1.73209000,-5.34048500,3.20596000,6.14000200,32.55998000,17.04087000,0,0,0,1,
	1.73626800,-5.34048500,3.20596000,6.14000200,32.55998000,16.80088000,0,0,0,1,
	1.74081500,-5.34048500,3.20596000,6.14000200,32.55998000,16.64087000,0,0,0,1,
	1.74780100,-5.30845500,3.26536000,6.30850100,32.55999000,16.40088000,0,0,0,1,
	1.75580100,-5.30845500,3.26536000,6.30850100,32.47998000,15.84089000,0,0,0,1,
	1.76576800,-5.27712800,3.31836000,6.47719000,32.47998000,15.20087000,0,0,0,1,
	1.77277300,-5.27712800,3.31836000,6.47719000,32.47998000,14.40086000,0,0,0,1,
	1.77904000,-5.27712800,3.31836000,6.47719000,32.39998000,13.68088000,0,0,0,1,
	1.78459700,-5.27712800,3.31836000,6.47719000,32.39999000,13.12088000,0,0,0,1,
	1.79042300,-5.25394200,3.36496000,6.64782700,32.31998000,12.40087000,0,0,0,1,
	1.79574600,-5.25394200,3.36496000,6.64782700,32.31998000,11.68086000,0,0,0,1,
	1.80120100,-5.25394200,3.36496000,6.64782700,32.31998000,10.96088000,0,0,0,1,
	1.80872100,-5.23735600,3.40516000,6.81973400,32.23997000,10.16087000,0,0,0,1,
	1.81636900,-5.23735600,3.40516000,6.81973400,32.15998000,9.04088600,0,0,0,1,
	1.82306400,-5.23735600,3.40516000,6.81973400,32.07998000,7.76088200,0,0,0,1,
	1.82860500,-5.23150800,3.43896000,6.99310400,31.99997000,6.56087100,0,0,0,1,
	1.83456700,-5.23150800,3.43896000,6.99310400,31.99998000,5.68087000,0,0,0,1,
	1.84148400,-5.23150800,3.43896000,6.99310400,31.91997000,4.64087800,0,0,0,1,
	1.84761000,-5.23482300,3.46636000,7.16720100,31.83998000,3.52086300,0,0,0,1,
	1.85338600,-5.23482300,3.46636000,7.16720100,31.75997000,2.40087600,0,0,0,1,
	1.85879800,-5.23482300,3.46636000,7.16720100,31.67997000,1.28088900,0,0,0,1,
	1.86657800,-5.24736000,3.48736000,7.34153500,31.67997000,0.48088270,0,0,0,1,
	1.87354700,-5.24736000,3.48736000,7.34153500,31.51997000,359.04090000,0,0,0,1,
	1.87874900,-5.24736000,3.48736000,7.34153500,31.43998000,357.76090000,0,0,0,1,
	1.88480000,-5.27061700,3.50196000,7.51551400,31.35998000,356.96090000,0,0,0,1,
	1.89041300,-5.27061700,3.50196000,7.51551400,31.27997000,355.84090000,0,0,0,1,
	1.89487800,-5.27061700,3.50196000,7.51551400,31.19998000,354.80090000,0,0,0,1,
	1.90216000,-5.27061700,3.50196000,7.51551400,31.19998000,354.16090000,0,0,0,1,
	1.90949900,-5.30678800,3.51016000,7.68819800,31.03997000,352.72090000,0,0,0,1,
	1.91719000,-5.30678800,3.51016000,7.68819800,30.95998000,351.44090000,0,0,0,1,
	1.92630900,-5.35048600,3.51196000,7.85967100,30.87997000,350.24090000,0,0,0,1,
	1.93315800,-5.35048600,3.51196000,7.85967100,30.71997000,348.24090000,0,0,0,1,
	1.93885700,-5.35048600,3.51196000,7.85967100,30.63998000,346.96090000,0,0,0,1,
	1.94590500,-5.40695000,3.50736000,8.02827700,30.63998000,346.00090000,0,0,0,1,
	1.95363600,-5.40695000,3.50736000,8.02827700,30.55997000,344.48090000,0,0,0,1,
	1.96157900,-5.40695000,3.50736000,8.02827700,30.47997000,342.72090000,0,0,0,1,
	1.96691700,-5.47810200,3.49636000,8.19230700,30.47997000,341.04090000,0,0,0,1,
	1.97472500,-5.47810200,3.49636000,8.19230700,30.39997000,340.08090000,0,0,0,1,
	1.98144800,-5.47810200,3.49636000,8.19230700,30.39997000,338.16090000,0,0,0,1,
	1.98676800,-5.56175300,3.47896000,8.35131300,30.39998000,336.72090000,0,0,0,1,
	1.99431700,-5.56175300,3.47896000,8.35131300,30.39997000,335.52090000,0,0,0,1,
	2.00177300,-5.56175300,3.47896000,8.35131300,30.39998000,333.76090000,0,0,0,1,
	2.00865300,-5.65842900,3.45516000,8.50385400,30.39997000,332.08090000,0,0,0,1,
	2.01419900,-5.65842900,3.45516000,8.50385400,30.39997000,330.40090000,0,0,0,1,
	2.02649400,-5.76380000,3.42496000,8.65131000,30.39997000,328.88090000,0,0,0,1,
	2.03216500,-5.76380000,3.42496000,8.65131000,30.47998000,325.84090000,0,0,0,1,
	2.04060600,-5.76380000,3.42496000,8.65131000,30.47997000,324.24090000,0,0,0,1,
	2.04686500,-5.88643700,3.38836000,8.78636700,30.47997000,322.16090000,0,0,0,1,
	2.05359600,-5.88643700,3.38836000,8.78636700,30.55997000,320.48090000,0,0,0,1,
	2.05869700,-5.88643700,3.38836000,8.78636700,30.55997000,318.40090000,0,0,0,1,
	2.06314200,-5.88643700,3.38836000,8.78636700,30.55997000,317.12090000,0,0,0,1,
	2.06775500,-6.02389000,3.34536000,8.90818700,30.55997000,315.92090000,0,0,0,1,
	2.07450500,-6.02389000,3.34536000,8.90818700,30.63998000,314.48090000,0,0,0,1,
	2.08045700,-6.02389000,3.34536000,8.90818700,30.63998000,312.56090000,0,0,0,1,
	2.08768500,-6.17290900,3.29596000,9.01730700,30.63998000,310.56090000,0,0,0,1,
	2.09280000,-6.17290900,3.29596000,9.01730700,30.63998000,308.32090000,0,0,0,1,
	2.09748900,-6.17290900,3.29596000,9.01730700,30.63998000,306.64090000,0,0,0,1,
	2.10268200,-6.17290900,3.29596000,9.01730700,30.63998000,304.72090000,0,0,0,1,
	2.10829900,-6.33612900,3.40656000,9.10676900,30.63998000,303.04090000,0,0,0,1,
	2.11324400,-6.33612900,3.40656000,9.10676900,30.63998000,301.04090000,0,0,0,1,
	2.11788400,-6.33612900,3.40656000,9.10676900,30.63998000,299.36090000,0,0,0,1,
	2.12488100,-6.50779600,3.51076000,9.18130800,30.63998000,297.76090000,0,0,0,1,
	2.13577100,-6.50779600,3.51076000,9.18130800,30.63998000,295.36090000,0,0,0,1,
	2.14877200,-6.68734200,3.60856000,9.23734100,30.63997000,291.60090000,0,0,0,1,
	2.15647200,-6.68734200,3.60856000,9.23734100,30.55997000,287.68090000,0,0,0,1,
	2.17657300,-6.87287100,3.69996000,9.27351700,30.55997000,285.28090000,0,0,0,1,
	2.18575600,-7.06140100,3.78496000,9.29281400,30.39998000,280.08090000,0,0,0,1,
	2.20438800,-7.06140100,3.78496000,9.29281400,30.39997000,278.40090000,0,0,0,1,
	2.21241900,-7.25168100,3.86355900,9.29660800,30.23998000,275.36090000,0,0,1,1,
	2.21925200,-7.25168100,3.86355900,9.29660800,30.23998000,274.64090000,0,0,1,1,
	2.22683800,-7.44196100,3.93576000,9.30040200,30.23998000,274.32090000,0,0,1,0,
	2.23278800,-7.44196100,3.93576000,9.30040200,30.23998000,274.24080000,0,0,1,0,
	2.23562600,-7.44196100,3.93576000,9.30040200,30.23998000,274.24080000,0,0,1,0,
	2.24276300,-7.44196100,3.93576000,9.30040200,30.23998000,274.24080000,0,0,1,0,
	2.24789500,-7.63040400,4.00156000,9.32894600,30.31997000,274.40090000,0,0,1,0,
	2.25373100,-7.63040400,4.00156000,9.32894600,30.31998000,274.72090000,0,0,1,0,
	2.25974700,-7.63040400,4.00156000,9.32894600,30.31997000,275.20090000,0,0,1,0,
	2.26576600,-7.81833700,4.06096000,9.36277900,30.31998000,276.00090000,0,0,1,0,
	2.27169900,-7.81833700,4.06096000,9.36277900,30.31997000,276.88090000,0,0,1,0,
	2.27667700,-7.81833700,4.06096000,9.36277900,30.31997000,278.16090000,0,0,1,0,
	2.28231600,-7.81833700,4.06096000,9.36277900,30.31997000,279.52090000,0,0,1,0,
	2.28853800,-8.00347500,4.11396000,9.41371200,30.31997000,281.20090000,0,0,1,0,
	2.29580500,-8.00347500,4.11396000,9.41371200,30.31997000,283.52090000,0,0,1,0,
	2.30155000,-8.00347500,4.11396000,9.41371200,30.31998000,286.16090000,0,0,1,0,
	2.30752700,-8.18176600,4.16056000,9.48834500,30.23998000,288.56090000,0,0,1,0,
	2.31531000,-8.18176600,4.16056000,9.48834500,30.23998000,291.04090000,0,0,1,0,
	2.32327200,-8.18176600,4.16056000,9.48834500,30.15998000,294.32090000,0,0,1,0,
	2.32969700,-8.34734900,4.20075900,9.59071200,30.15998000,297.60090000,0,0,1,0,
	2.33896400,-8.34734900,4.20075900,9.59071200,30.15998000,300.00090000,0,0,1,1,
	2.34791600,-8.50886200,4.23456000,9.70013000,30.15998000,303.28090000,0,0,1,1,
	2.35326100,-8.50886200,4.23456000,9.70013000,30.15998000,306.56090000,0,0,1,1,
	2.36033300,-8.50886200,4.23456000,9.70013000,30.15998000,308.56090000,0,0,1,1,
	2.36827900,-8.67037400,4.26196000,9.80954900,30.15998000,310.80090000,0,0,0,1,
	2.37682400,-8.67037400,4.26196000,9.80954900,30.15998000,312.88090000,0,0,0,1,
	2.38260800,-8.67037400,4.26196000,9.80954900,30.15998000,314.88090000,0,0,0,1,
	2.38668800,-8.83188600,4.28295900,9.91896800,30.23998000,315.92090000,0,0,0,1,
	2.39371900,-8.83188600,4.28295900,9.91896800,30.23998000,316.56090000,0,0,0,1,
	2.39869400,-8.83188600,4.28295900,9.91896800,30.23998000,317.20090000,0,0,0,1,
	2.40169600,-8.83188600,4.28295900,9.91896800,30.23998000,317.52090000,0,0,0,1,
	2.40502900,-8.99339900,4.29755900,10.02839000,30.23998000,317.52090000,0,0,0,1,
	2.40842600,-8.99339900,4.29755900,10.02839000,30.23998000,317.52090000,0,0,0,1,
	2.41160200,-8.99339900,4.29755900,10.02839000,30.23998000,317.52090000,0,0,0,1,
	2.41423300,-8.99339900,4.29755900,10.02839000,30.23998000,317.52090000,0,0,0,1,
	2.41824600,-8.99339900,4.29755900,10.02839000,30.23998000,317.52090000,0,0,0,1,
	2.42275600,-8.99339900,4.29755900,10.02839000,30.23998000,317.44090000,0,0,0,1,
	2.43376700,-9.15491100,4.30575900,10.13781000,30.31997000,317.12090000,0,0,0,1,
	2.43965000,-9.15491100,4.30575900,10.13781000,30.39997000,316.24090000,0,0,0,1,
	2.44454600,-9.15491100,4.30575900,10.13781000,30.47997000,315.60090000,0,0,0,1,
	2.45036600,-9.31642300,4.30755900,10.24722000,30.55997000,314.88090000,0,0,0,1,
	2.45628200,-9.31642300,4.30755900,10.24722000,30.63997000,313.76090000,0,0,0,1,
	2.46120000,-9.31642300,4.30755900,10.24722000,30.71997000,312.64090000,0,0,0,1,
	2.46677300,-9.47793600,4.30295900,10.35664000,30.79997000,311.52090000,0,0,0,1,
	2.47182300,-9.47793600,4.30295900,10.35664000,30.87998000,310.48090000,0,0,0,1,
	2.47755400,-9.47793600,4.30295900,10.35664000,30.95997000,309.20090000,0,0,0,1,
	2.48274400,-9.47793600,4.30295900,10.35664000,31.03997000,307.52090000,0,0,0,1,
	2.49039800,-9.64349200,4.29195900,10.46064000,31.03997000,306.24090000,0,0,0,1,
	2.49783300,-9.64349200,4.29195900,10.46064000,31.11997000,303.84090000,0,0,0,1,
	2.50589500,-9.81774400,4.27455900,10.55108000,31.19998000,301.52090000,0,0,0,1,
	2.51351300,-9.81774400,4.27455900,10.55108000,31.19997000,299.20090000,0,0,0,1,
	2.52897300,-10.00036000,4.25076000,10.62549000,31.19998000,296.24090000,0,0,0,1,
	2.53368400,-10.00036000,4.25076000,10.62549000,31.19997000,291.36090000,0,0,0,1,
	2.54459400,-10.00036000,4.25076000,10.62549000,31.19997000,289.76090000,0,0,0,1,
	2.54870200,-10.19429000,4.22056000,10.66769000,31.19998000,286.32090000,0,0,0,1,
	2.55344200,-10.19429000,4.22056000,10.66769000,31.19997000,285.20090000,0,0,0,1,
	2.55871600,-10.19429000,4.22056000,10.66769000,31.19997000,283.92090000,0,0,0,1,
	2.56758000,-10.39116000,4.18395900,10.69806000,31.19997000,282.80090000,0,0,1,1,
	2.57475200,-10.39116000,4.18395900,10.69806000,31.11997000,281.12090000,0,0,1,1,
	2.58234800,-10.39116000,4.18395900,10.69806000,31.11997000,280.16090000,0,0,1,0,
	2.58759000,-10.58551000,4.14095900,10.74342000,31.03997000,279.52090000,0,0,1,0,
	2.59140600,-10.58551000,4.14095900,10.74342000,31.03997000,279.52090000,0,0,1,0,
	2.59455900,-10.58551000,4.14095900,10.74342000,31.03997000,279.52090000,0,0,1,0,
	2.60101500,-10.58551000,4.14095900,10.74342000,31.03997000,279.52090000,0,0,1,0,
	2.60660200,-10.77954000,4.09155900,10.79072000,31.03997000,279.68090000,0,0,1,0,
	2.61482100,-10.77954000,4.09155900,10.79072000,31.03997000,280.00090000,0,0,1,0,
	2.62166700,-10.77954000,4.09155900,10.79072000,30.95998000,280.72090000,0,0,1,0,
	2.63078700,-10.97223000,4.03575900,10.84486000,30.87997000,281.68090000,0,0,1,0,
	2.63958500,-10.97223000,4.03575900,10.84486000,30.87997000,283.36090000,0,0,1,0,
	2.64542600,-11.16164000,3.97355900,10.91170000,30.87997000,285.44090000,0,0,1,0,
	2.65140200,-11.16164000,3.97355900,10.91170000,30.87997000,286.88090000,0,0,1,0,
	2.65667000,-11.16164000,3.97355900,10.91170000,30.87997000,288.80090000,0,0,1,0,
	2.66274100,-11.16164000,3.97355900,10.91170000,30.87998000,290.48090000,0,0,1,0,
	2.66868000,-11.34277000,4.08415900,11.00150000,30.87997000,292.40090000,0,0,1,0,
	2.67439000,-11.34277000,4.08415900,11.00150000,30.87997000,294.64090000,0,0,1,0,
	2.67964200,-11.34277000,4.08415900,11.00150000,30.87998000,296.72090000,0,0,1,0,
	2.68589900,-11.51448000,4.18835900,11.11026000,30.87997000,298.40090000,0,0,1,0,
	2.69484700,-11.51448000,4.18835900,11.11026000,30.87997000,300.64090000,0,0,1,0,
	2.69969800,-11.51448000,4.18835900,11.11026000,30.87998000,303.92090000,0,0,1,0,
	2.70638000,-11.67200000,4.28615900,11.24061000,30.87997000,305.68090000,0,0,1,0,
	2.71373600,-11.67200000,4.28615900,11.24061000,30.87997000,308.32090000,0,0,1,0,
	2.71917800,-11.67200000,4.28615900,11.24061000,30.87997000,310.72090000,0,0,1,0,
	2.72575000,-11.81263000,4.37755900,11.39070000,30.87997000,312.96090000,0,0,1,0,
	2.73445500,-11.81263000,4.37755900,11.39070000,30.87997000,314.96090000,0,0,1,0,
	2.73973300,-11.81263000,4.37755900,11.39070000,30.87997000,317.84090000,0,0,1,0,
	2.74575200,-11.93659000,4.46255900,11.55618000,30.87997000,319.28090000,0,0,1,0,
	2.75367800,-11.93659000,4.46255900,11.55618000,30.79998000,321.12090000,0,0,1,0,
	2.76073700,-11.93659000,4.46255900,11.55618000,30.79997000,323.28090000,0,0,1,0,
	2.76567700,-12.04344000,4.54115900,11.73446000,30.79997000,325.20090000,0,0,1,0,
	2.77137800,-12.04344000,4.54115900,11.73446000,30.79997000,326.56090000,0,0,1,0,
	2.77665800,-12.04344000,4.54115900,11.73446000,30.79998000,328.32090000,0,0,1,0,
	2.78126300,-12.04344000,4.54115900,11.73446000,30.79997000,329.68090000,0,0,1,0,
	2.78761600,-12.13242000,4.61335900,11.92355000,30.79998000,330.96090000,0,0,1,0,
	2.79284800,-12.13242000,4.61335900,11.92355000,30.79997000,332.48080000,0,0,1,0,
	2.79970600,-12.13242000,4.61335900,11.92355000,30.79997000,333.76090000,0,0,1,0,
	2.80467200,-12.20617000,4.67915900,12.12004000,30.79997000,335.60090000,0,0,1,0,
	2.81133400,-12.20617000,4.67915900,12.12004000,30.79997000,336.96080000,0,0,1,0,
	2.81939500,-12.20617000,4.67915900,12.12004000,30.79997000,338.64080000,0,0,1,0,
	2.82530000,-12.26270000,4.73855900,12.32316000,30.79997000,340.64080000,0,0,1,0,
	2.83290200,-12.26270000,4.73855900,12.32316000,30.79997000,341.92080000,0,0,1,0,
	2.84242800,-12.26270000,4.73855900,12.32316000,30.87997000,343.60080000,0,0,1,0,
	2.84643100,-12.30082000,4.79155900,12.53149000,30.87997000,345.84080000,0,0,1,0,
	2.85204000,-12.30082000,4.79155900,12.53149000,30.87997000,346.72080000,0,0,1,0,
	2.85737300,-12.30082000,4.79155900,12.53149000,30.87998000,347.84080000,0,0,1,0,
	2.86114500,-12.30082000,4.79155900,12.53149000,30.87997000,348.88080000,0,0,1,0,
	2.87134200,-12.32446000,4.83815900,12.74281000,30.87997000,349.84080000,0,0,1,1,
	2.87773500,-12.32446000,4.83815900,12.74281000,30.87997000,351.68080000,0,0,1,1,
	2.88143800,-12.32446000,4.83815900,12.74281000,30.87997000,352.80080000,0,0,1,1,
	2.88736700,-12.34811000,4.87835900,12.95413000,30.95998000,353.44080000,0,0,1,1,
	2.89403900,-12.34811000,4.87835900,12.95413000,30.95998000,354.32080000,0,0,1,1,
	2.90077600,-12.34811000,4.87835900,12.95413000,30.95997000,355.20080000,0,0,1,1,
	2.90973500,-12.37175000,4.91215900,13.16546000,30.95997000,355.92080000,0,0,0,1,
	2.91530600,-12.37175000,4.91215900,13.16546000,31.03997000,356.56090000,0,0,0,1,
	2.91894500,-12.37175000,4.91215900,13.16546000,31.03997000,356.72090000,0,0,0,1,
	2.92157600,-12.37175000,4.91215900,13.16546000,31.03997000,356.72090000,0,0,0,1,
	2.92462100,-12.39847000,4.93955900,13.37659000,31.03997000,356.72090000,0,0,0,1,
	2.92903400,-12.39847000,4.93955900,13.37659000,31.03997000,356.72090000,0,0,0,1,
	2.93578000,-12.39847000,4.93955900,13.37659000,31.03997000,356.72090000,0,0,0,1,
	2.94475700,-12.42548000,4.96055900,13.58771000,31.03997000,356.48090000,0,0,0,1,
	2.95061900,-12.42548000,4.96055900,13.58771000,31.11997000,355.84080000,0,0,0,1,
	2.95743100,-12.42548000,4.96055900,13.58771000,31.19998000,355.44090000,0,0,0,1,
	2.96336800,-12.42548000,4.96055900,13.58771000,31.27997000,354.56090000,0,0,0,1,
	2.96980800,-12.46313000,4.97515900,13.79784000,31.27998000,353.60090000,0,0,0,1,
	2.97728700,-12.46313000,4.97515900,13.79784000,31.35998000,352.64090000,0,0,0,1,
	2.98355500,-12.46313000,4.97515900,13.79784000,31.43998000,351.04090000,0,0,0,1,
	2.99126100,-12.51520000,4.98335900,14.00566000,31.51998000,349.68090000,0,0,0,1,
	2.99686200,-12.51520000,4.98335900,14.00566000,31.51998000,347.92090000,0,0,0,1,
	3.00434800,-12.51520000,4.98335900,14.00566000,31.59997000,346.64090000,0,0,0,1,
	3.01002100,-12.58558000,4.98515900,14.20903000,31.59997000,344.64090000,0,0,0,1,
	3.01452900,-12.58558000,4.98515900,14.20903000,31.67997000,343.28090000,0,0,0,1,
	3.02084700,-12.58558000,4.98515900,14.20903000,31.67998000,342.40090000,0,0,0,1,
	3.02790300,-12.66854000,4.98055900,14.40837000,31.67998000,341.12090000,0,0,1,1,
	3.04306400,-12.66854000,4.98055900,14.40837000,31.67997000,339.84090000,0,0,1,1,
	3.04951700,-12.75151000,4.96955900,14.60771000,31.75997000,337.52090000,0,0,1,1,
	3.05388900,-12.75151000,4.96955900,14.60771000,31.75997000,336.88090000,0,0,1,1,
	3.05822800,-12.75151000,4.96955900,14.60771000,31.75997000,336.64090000,0,0,1,0,
	3.06426700,-12.75151000,4.96955900,14.60771000,31.75997000,336.64090000,0,0,1,0,
	3.06773400,-12.82426000,4.95215900,14.81146000,31.83998000,336.64090000,0,0,1,0,
	3.07312800,-12.82426000,4.95215900,14.81146000,31.83998000,336.64090000,0,0,1,0,
	3.07798000,-12.82426000,4.95215900,14.81146000,31.83998000,336.72080000,0,0,1,0,
	3.08294200,-12.82426000,4.95215900,14.81146000,31.91997000,336.88090000,0,0,1,0,
	3.08864800,-12.89506000,4.92835900,15.01603000,31.91997000,337.20090000,0,0,1,0,
	3.09573500,-12.89506000,4.92835900,15.01603000,31.99997000,337.76090000,0,0,1,0,
	3.10175000,-12.89506000,4.92835900,15.01603000,32.15997000,338.64090000,0,0,1,0,
	3.10799100,-12.95656000,4.89815900,15.22418000,32.23997000,339.84090000,0,0,1,0,
	3.11463200,-12.95656000,4.89815900,15.22418000,32.31998000,340.96090000,0,0,1,0,
	3.11897300,-12.95656000,4.89815900,15.22418000,32.47997000,342.96090000,0,0,1,0,
	3.12451900,-12.95656000,4.89815900,15.22418000,32.55999000,344.00090000,0,0,1,0,
	3.13142600,-12.99565000,4.86155900,15.43885000,32.71998000,346.00090000,0,0,1,0,
	3.13758400,-12.99565000,4.86155900,15.43885000,32.95998000,348.24090000,0,0,1,0,
	3.14371700,-12.99565000,4.86155900,15.43885000,33.19998000,350.40090000,0,0,1,0,
	3.15287100,-13.01011000,4.81855900,15.65770000,33.35998000,352.56090000,0,0,1,0,
	3.16484800,-13.01083000,4.80371200,15.87747000,33.67999000,356.16090000,0,0,1,0,
	3.17172900,-13.01083000,4.80371200,15.87747000,34.15999000,1.20089400,0,0,1,0,
	3.17810000,-13.01083000,4.80371200,15.87747000,34.47998000,4.24090200,0,0,1,0,
	3.18379300,-13.01083000,4.80371200,15.87747000,34.71998000,7.12091900,0,0,1,0,
	3.19364200,-12.95957000,4.80074300,16.09288000,34.87999000,9.76092300,0,0,1,0,
	3.20572100,-12.89124000,4.91134300,16.30392000,35.27998000,14.32092000,0,0,1,0,
	3.21214300,-12.89124000,4.91134300,16.30392000,35.59999000,19.36092000,0,0,1,0,
	3.21938200,-12.89124000,4.91134300,16.30392000,35.75999000,22.00095000,0,0,1,0,
	3.22440400,-12.89124000,4.91134300,16.30392000,35.99999000,24.64096000,0,0,1,0,
	3.23384900,-12.77931000,5.01554300,16.49721000,36.07999000,26.48096000,0,0,1,0,
	3.24040000,-12.77931000,5.01554300,16.49721000,36.23999000,29.20095000,0,0,1,0,
	3.24539400,-12.65067000,5.11334200,16.68077000,36.32000000,31.44096000,0,0,1,0,
	3.25091900,-12.65067000,5.11334200,16.68077000,36.39999000,32.72093000,0,0,1,0,
	3.25657200,-12.65067000,5.11334200,16.68077000,36.39999000,33.84095000,0,0,1,0,
	3.26356800,-12.65067000,5.11334200,16.68077000,36.48000000,35.12092000,0,0,1,0,
	3.27072400,-12.50605000,5.20474200,16.85333000,36.55999000,36.40093000,0,0,1,0,
	3.27756500,-12.50605000,5.20474200,16.85333000,36.56000000,37.52095000,0,0,1,0,
	3.28342800,-12.50605000,5.20474200,16.85333000,36.64000000,38.32092000,0,0,1,0,
	3.28802500,-12.35426000,5.28974200,17.02028000,36.64000000,38.72093000,0,0,1,0,
	3.29134800,-12.35426000,5.28974200,17.02028000,36.63999000,38.88092000,0,0,1,0,
	3.29449000,-12.35426000,5.28974200,17.02028000,36.63999000,38.88092000,0,0,1,0,
	3.29729200,-12.35426000,5.28974200,17.02028000,36.63999000,38.88092000,0,0,1,0,
	3.30001800,-12.35426000,5.28974200,17.02028000,36.63999000,38.88092000,0,0,1,0,
	3.30432900,-12.35426000,5.28974200,17.02028000,36.63999000,38.88092000,0,0,1,1,
	3.31284200,-12.20197000,5.36834200,17.18683000,36.63999000,38.88092000,0,0,1,1,
	3.31825300,-12.20197000,5.36834200,17.18683000,36.64000000,38.64093000,0,0,1,1,
	3.32463100,-12.04969000,5.44054200,17.35339000,36.72000000,38.32093000,0,0,1,1,
	3.33290800,-12.04969000,5.44054200,17.35339000,36.72000000,37.76094000,0,0,1,1,
	3.33844200,-12.04969000,5.44054200,17.35339000,36.72000000,37.04092000,0,0,0,1,
	3.34775300,-11.90633000,5.50634200,17.52648000,36.72001000,36.24094000,0,0,0,1,
	3.35472800,-11.90633000,5.50634200,17.52648000,36.80000000,34.72095000,0,0,0,1,
	3.36134800,-11.90633000,5.50634200,17.52648000,36.80000000,33.36095000,0,0,0,1,
	3.37038500,-11.80006000,5.56574200,17.72415000,36.80000000,31.84096000,0,0,0,1,
	3.37576400,-11.80006000,5.56574200,17.72415000,36.80000000,29.68098000,0,0,0,1,
	3.38083900,-11.80006000,5.56574200,17.72415000,36.80000000,28.40097000,0,0,0,1,
	3.38746000,-11.71029000,5.61874200,17.93081000,36.72000000,27.04098000,0,0,0,1,
	3.39267800,-11.71029000,5.61874200,17.93081000,36.64000000,24.96099000,0,0,0,1,
	3.39981400,-11.71029000,5.61874200,17.93081000,36.48000000,23.36098000,0,0,0,1,
	3.40804200,-11.64105000,5.66534200,18.14628000,36.40000000,21.36099000,0,0,0,1,
	3.41450400,-11.64105000,5.66534200,18.14628000,36.15999000,18.48097000,0,0,0,1,
	3.42159800,-11.64105000,5.66534200,18.14628000,35.91999000,16.08098000,0,0,0,1,
	3.42862400,-11.60063000,5.70554200,18.37018000,35.67999000,13.76098000,0,0,0,1,
	3.44172600,-11.60063000,5.70554200,18.37018000,35.43999000,11.44099000,0,0,0,1,
	3.45279400,-11.58755000,5.73934200,18.59808000,34.79999000,6.80096500,0,0,0,1,
	3.47907700,-11.58815000,5.76674200,18.82679000,34.31999000,3.36095500,0,0,0,1,
	3.49907900,-11.61834000,5.78774200,19.05338000,33.27999000,355.92100000,0,0,0,1,
	3.52548000,-11.70906000,5.81054200,19.50235000,32.55999000,352.08100000,0,0,1,0,
	3.53553200,-11.70906000,5.81054200,19.50235000,31.75999000,349.36100000,0,0,1,0,
	3.54142800,-11.70906000,5.81054200,19.50235000,31.59999000,349.04100000,0,0,1,0,
	3.54575000,-11.73758000,5.81234200,19.73000000,31.51999000,349.04100000,0,0,1,0,
	3.55136400,-11.73758000,5.81234200,19.73000000,31.51999000,349.04100000,0,0,1,0,
	3.55699800,-11.73758000,5.81234200,19.73000000,31.43998000,349.04100000,0,0,1,0,
	3.56255000,-11.73758000,5.81234200,19.73000000,31.35999000,349.04100000,0,0,1,0,
	3.56834200,-11.76610000,5.80774200,19.95765000,31.27999000,349.12090000,0,0,1,0,
	3.57587900,-11.76610000,5.80774200,19.95765000,31.19999000,349.20090000,0,0,1,0,
	3.58101600,-11.76610000,5.80774200,19.95765000,31.11999000,349.36090000,0,0,1,0,
	3.58889900,-11.79399000,5.79674200,20.18542000,31.11999000,349.52090000,0,0,1,0,
	3.59574400,-11.79399000,5.79674200,20.18542000,31.03999000,349.84090000,0,0,1,0,
	3.60190200,-11.79399000,5.79674200,20.18542000,30.87999000,350.16090000,0,0,1,0,
	3.60749800,-11.81778000,5.77934200,20.41389000,30.87999000,350.56090000,0,0,1,0,
	3.61472200,-11.81778000,5.77934200,20.41389000,30.79999000,350.88100000,0,0,1,0,
	3.62065000,-11.81778000,5.77934200,20.41389000,30.71999000,351.52100000,0,0,1,0,
	3.62594600,-11.83555000,5.75554200,20.64325000,30.63999000,352.08100000,0,0,1,0,
	3.63283900,-11.83555000,5.75554200,20.64325000,30.55999000,352.64100000,0,0,1,0,
	3.63855300,-11.83555000,5.75554200,20.64325000,30.47999000,353.28100000,0,0,1,0,
	3.64448700,-11.83555000,5.75554200,20.64325000,30.39999000,353.92100000,0,0,1,0,
	3.65116000,-11.84279000,5.72534200,20.87377000,30.39998000,354.72100000,0,0,1,0,
	3.65861300,-11.84279000,5.72534200,20.87377000,30.32000000,355.68090000,0,0,1,0,
	3.66439800,-11.84279000,5.72534200,20.87377000,30.23999000,356.72100000,0,0,1,0,
	3.67064900,-11.83814000,5.68874200,21.10497000,30.23999000,357.68100000,0,0,1,0,
	3.67732700,-11.83814000,5.68874200,21.10497000,30.23999000,358.80100000,0,0,1,0,
	3.68238400,-11.83814000,5.68874200,21.10497000,30.15999000,0.08096141,0,0,1,0,
	3.68724700,-11.82058000,5.64574200,21.33621000,30.15999000,0.88094050,0,0,1,0,
	3.69264900,-11.82058000,5.64574200,21.33621000,30.15999000,1.92096000,0,0,1,0,
	3.69814100,-11.82058000,5.64574200,21.33621000,30.07999000,2.88095600,0,0,1,0,
	3.70195700,-11.82058000,5.64574200,21.33621000,30.07999000,4.16093400,0,0,1,0,
	3.70629900,-11.78622000,5.59634200,21.56643000,30.07999000,5.04096300,0,0,1,0,
	3.71066800,-11.78622000,5.59634200,21.56643000,30.07999000,5.92096500,0,0,1,0,
	3.71464500,-11.78622000,5.59634200,21.56643000,30.07999000,6.88096100,0,0,1,0,
	3.71945000,-11.78622000,5.59634200,21.56643000,29.99999000,7.84093000,0,0,1,0,
	3.72341800,-11.78622000,5.59634200,21.56643000,29.99999000,9.12093400,0,0,1,0,
	3.72748800,-11.73158000,5.54054200,21.79377000,29.99999000,10.08093000,0,0,1,0,
	3.73332700,-11.73158000,5.54054200,21.79377000,29.99999000,11.04093000,0,0,1,0,
	3.73728000,-11.73158000,5.54054200,21.79377000,29.99999000,12.48093000,0,0,1,0,
	3.74110900,-11.73158000,5.54054200,21.79377000,29.99998000,13.76093000,0,0,1,0,
	3.74535800,-11.75393000,5.65114200,22.01676000,29.99999000,14.80092000,0,0,1,0,
	3.74949600,-11.75393000,5.65114200,22.01676000,29.99998000,15.84094000,0,0,1,0,
	3.75445100,-11.75393000,5.65114200,22.01676000,29.99999000,17.04095000,0,0,1,0,
	3.75865900,-11.75393000,5.65114200,22.01676000,29.99999000,18.40095000,0,0,1,0,
	3.76368200,-11.75393000,5.65114200,22.01676000,29.99999000,19.44094000,0,0,1,0,
	3.76829600,-11.71110000,5.75534200,22.22552000,29.99998000,20.72095000,0,0,1,0,
	3.77351600,-11.71110000,5.75534200,22.22552000,29.99999000,22.32096000,0,0,1,0,
	3.77711300,-11.71110000,5.75534200,22.22552000,29.99999000,23.60093000,0,0,1,0,
	3.78125600,-11.71110000,5.75534200,22.22552000,29.99998000,24.64096000,0,0,1,0,
	3.78641000,-11.63617000,5.85314200,22.41999000,29.99998000,25.76094000,0,0,1,0,
	3.79042500,-11.63617000,5.85314200,22.41999000,29.99999000,27.04095000,0,0,1,0,
	3.79458600,-11.63617000,5.85314200,22.41999000,29.99999000,28.24096000,0,0,1,0,
	3.79828500,-11.63617000,5.85314200,22.41999000,29.99998000,29.28098000,0,0,1,0,
	3.80234400,-11.63617000,5.85314200,22.41999000,29.99999000,30.32097000,0,0,1,0,
	3.80656000,-11.52441000,5.94454200,22.59396000,29.99999000,31.28096000,0,0,1,0,
	3.81252000,-11.52441000,5.94454200,22.59396000,29.99999000,32.32098000,0,0,1,0,
	3.81777800,-11.52441000,5.94454200,22.59396000,29.99999000,33.84098000,0,0,1,0,
	3.82285500,-11.52441000,5.94454200,22.59396000,29.99999000,35.12098000,0,0,1,0,
	3.82640200,-11.39070000,6.02954200,22.75319000,29.99999000,36.16097000,0,0,1,0,
	3.83141800,-11.39070000,6.02954200,22.75319000,29.99999000,37.12097000,0,0,1,0,
	3.83669200,-11.39070000,6.02954200,22.75319000,30.07999000,38.08097000,0,0,1,0,
	3.84063100,-11.39070000,6.02954200,22.75319000,30.07999000,39.28098000,0,0,1,0,
	3.84450300,-11.39070000,6.02954200,22.75319000,30.07999000,40.08096000,0,0,1,0,
	3.84856600,-11.24325000,6.10814200,22.90124000,30.07999000,41.04095000,0,0,1,0,
	3.85367800,-11.24325000,6.10814200,22.90124000,30.07999000,41.68097000,0,0,1,0,
	3.85948500,-11.24325000,6.10814200,22.90124000,30.15999000,42.72099000,0,0,1,0,
	3.86564400,-11.08833000,6.18034200,23.04234000,30.15999000,43.84097000,0,0,1,0,
	3.87187800,-11.08833000,6.18034200,23.04234000,30.23999000,44.88099000,0,0,1,0,
	3.87894700,-11.08833000,6.18034200,23.04234000,30.23999000,45.84096000,0,0,1,0,
	3.88482100,-10.92568000,6.24614200,23.17547000,30.23999000,46.88098000,0,0,1,0,
	3.89027700,-10.92568000,6.24614200,23.17547000,30.31999000,47.60099000,0,0,1,0,
	3.89714200,-10.92568000,6.24614200,23.17547000,30.31999000,48.48100000,0,0,1,0,
	3.90267800,-10.92568000,6.24614200,23.17547000,30.39999000,49.20097000,0,0,1,0,
	3.90856200,-10.75625000,6.30554200,23.30090000,30.39999000,49.68100000,0,0,1,0,
	3.91391900,-10.75625000,6.30554200,23.30090000,30.39998000,50.40099000,0,0,1,0,
	3.91889000,-10.75625000,6.30554200,23.30090000,30.47999000,50.80099000,0,0,1,0,
	3.92279100,-10.75625000,6.30554200,23.30090000,30.47999000,51.28102000,0,0,1,0,
	3.92816800,-10.58236000,6.35854200,23.42085000,30.47999000,51.60100000,0,0,1,0,
	3.93457500,-10.58236000,6.35854200,23.42085000,30.47999000,52.08102000,0,0,1,0,
	3.94132500,-10.58236000,6.35854200,23.42085000,30.47999000,52.48103000,0,0,1,0,
	3.94630600,-10.40543000,6.40514200,23.53683000,30.47999000,52.96103000,0,0,1,0,
	3.95188500,-10.40543000,6.40514200,23.53683000,30.47999000,53.20101000,0,0,1,0,
	3.95623700,-10.40543000,6.40514200,23.53683000,30.47999000,53.60101000,0,0,1,0,
	3.96255500,-10.40543000,6.40514200,23.53683000,30.47999000,53.92102000,0,0,1,0,
	3.96647300,-10.22537000,6.44534200,23.64852000,30.47999000,54.40102000,0,0,1,0,
	3.97469500,-10.22537000,6.44534200,23.64852000,30.47999000,54.56104000,0,0,1,0,
	3.97907800,-10.22537000,6.44534200,23.64852000,30.47999000,55.04104000,0,0,1,0,
	3.98338500,-10.22537000,6.44534200,23.64852000,30.48000000,55.28102000,0,0,1,0,
	3.98771100,-10.04311000,6.47914200,23.75706000,30.55999000,55.44104000,0,0,1,0,
	3.99295400,-10.04311000,6.47914200,23.75706000,30.55999000,55.60103000,0,0,1,0,
	3.99666900,-10.04311000,6.47914200,23.75706000,30.63998000,55.76105000,0,0,1,0,
	4.00056700,-10.04311000,6.47914200,23.75706000,30.63998000,55.76105000,0,0,1,0,
	4.00967800,-9.86018200,6.50654200,23.86462000,30.71999000,55.76105000,0,0,1,0,
	4.01437200,-9.86018200,6.50654200,23.86462000,30.87999000,55.52105000,0,0,1,0,
	4.01838200,-9.86018200,6.50654200,23.86462000,30.95999000,55.20105000,0,0,1,0,
	4.02557400,-9.67725600,6.52754200,23.97218000,31.03999000,54.88104000,0,0,1,0,
	4.03152400,-9.67725600,6.52754200,23.97218000,31.11999000,54.16103000,0,0,1,0,
	4.03529500,-9.67725600,6.52754200,23.97218000,31.19998000,53.52103000,0,0,1,0,
	4.03879600,-9.67725600,6.52754200,23.97218000,31.27999000,53.44106000,0,0,1,0,
	4.04147200,-9.67725600,6.52754200,23.97218000,31.27999000,53.44106000,0,0,1,0,
	4.04449200,-9.67725600,6.52754200,23.97218000,31.27999000,53.44106000,0,0,1,0,
	4.04710200,-9.49432900,6.54214100,24.07974000,31.27999000,53.44106000,0,0,1,0,
	4.05075500,-9.49432900,6.54214100,24.07974000,31.27999000,53.44106000,0,0,1,0,
	4.05571100,-9.49432900,6.54214100,24.07974000,31.27999000,53.44106000,0,0,1,0,
	4.05918500,-9.49432900,6.54214100,24.07974000,31.27999000,53.44106000,0,0,1,0,
	4.06205100,-9.49432900,6.54214100,24.07974000,31.27999000,53.44106000,0,0,1,0,
	4.06484100,-9.31140300,6.55034200,24.18731000,31.27999000,53.44106000,0,0,1,0,
	4.07036100,-9.31140300,6.55034200,24.18731000,31.27999000,53.44106000,0,0,0,0,
	4.07531800,-9.31140300,6.55034200,24.18731000,31.27999000,53.44106000,0,0,0,0,
	4.07820700,-9.31140300,6.55034200,24.18731000,31.27999000,53.44106000,0,0,0,0,
	4.08119300,-9.31140300,6.55034200,24.18731000,31.27999000,53.44106000,0,0,0,0,
	4.08474100,-9.12847700,6.55214200,24.29487000,31.27999000,53.44106000,0,0,0,0,
	4.08890200,-9.12847700,6.55214200,24.29487000,31.27999000,53.44106000,0,0,0,0,
	4.09162900,-9.12847700,6.55214200,24.29487000,31.27999000,53.44106000,0,0,0,0,
	4.09500800,-9.12847700,6.55214200,24.29487000,31.27999000,53.44106000,0,0,0,0,
	4.09760700,-9.12847700,6.55214200,24.29487000,31.27999000,53.44106000,0,0,0,0,
	4.10074700,-9.12847700,6.55214200,24.29487000,31.27999000,53.44106000,0,0,0,0,
	4.10333300,-9.12847700,6.55214200,24.29487000,31.27999000,53.44106000,0,0,0,0,
	4.10621500,-8.94555100,6.54754200,24.40243000,31.27999000,53.44106000,0,0,0,0,
	4.10988400,-8.94555100,6.54754200,24.40243000,31.27999000,53.44106000,0,0,0,0,
	4.11245900,-8.94555100,6.54754200,24.40243000,31.27999000,53.44106000,0,0,0,0,
	4.11598600,-8.94555100,6.54754200,24.40243000,31.27999000,53.44106000,0,0,0,0,
	4.11886400,-8.94555100,6.54754200,24.40243000,31.27999000,53.44106000,0,0,0,0,
	4.12210500,-8.94555100,6.54754200,24.40243000,31.27999000,53.44106000,0,0,0,0,
	4.12475400,-8.76262500,6.53654100,24.51000000,31.27999000,53.44106000,0,0,0,0,
	4.12872800,-8.76262500,6.53654100,24.51000000,31.27999000,53.44106000,0,0,0,0,
	4.13184100,-8.76262500,6.53654100,24.51000000,31.27999000,53.44106000,0,0,0,0,
	4.13540700,-8.76262500,6.53654100,24.51000000,31.27999000,53.44106000,0,0,0,0,
	4.13814900,-8.76262500,6.53654100,24.51000000,31.27999000,53.44106000,0,0,0,0,
	4.14141000,-8.76262500,6.53654100,24.51000000,31.27999000,53.44106000,0,0,0,0,
	4.14418400,-8.76262500,6.53654100,24.51000000,31.27999000,53.44106000,0,0,0,0,
	4.14713300,-8.57969900,6.51914200,24.61756000,31.27999000,53.44106000,0,0,0,0,
	4.15121400,-8.57969900,6.51914200,24.61756000,31.27999000,53.44106000,0,0,0,0,
	4.15396600,-8.57969900,6.51914200,24.61756000,31.27999000,53.44106000,0,0,0,0,
	4.15734000,-8.57969900,6.51914200,24.61756000,31.27999000,53.44106000,0,0,0,0,
	4.16006800,-8.57969900,6.51914200,24.61756000,31.27999000,53.44106000,0,0,0,0,
	4.16371000,-8.57969900,6.51914200,24.61756000,31.27999000,53.44106000,0,0,0,0,
	4.16696600,-8.39677200,6.49534200,24.72512000,31.27999000,53.44106000,0,0,0,0,
	4.17124900,-8.39677200,6.49534200,24.72512000,31.27999000,53.44106000,0,0,0,0,
	4.17464200,-8.39677200,6.49534200,24.72512000,31.27999000,53.44106000,0,0,0,0,
	4.17814800,-8.39677200,6.49534200,24.72512000,31.27999000,53.44106000,0,0,0,0,
	4.18104500,-8.39677200,6.49534200,24.72512000,31.27999000,53.44106000,0,0,0,0,
	4.18409100,-8.39677200,6.49534200,24.72512000,31.27999000,53.44106000,0,0,0,0,
	4.18679600,-8.21384600,6.46514200,24.83269000,31.27999000,53.44106000,0,0,0,0,
	4.19103300,-8.21384600,6.46514200,24.83269000,31.27999000,53.44106000,0,0,0,0,
	4.19387100,-8.21384600,6.46514200,24.83269000,31.27999000,53.44106000,0,0,0,0,
	4.19670200,-8.21384600,6.46514200,24.83269000,31.27999000,53.44106000,0,0,0,0,
	4.19972200,-8.21384600,6.46514200,24.83269000,31.27999000,53.44106000,0,0,0,0,
	4.20222700,-8.21384600,6.46514200,24.83269000,31.27999000,53.44106000,0,0,0,0,
	4.20546900,-8.03092000,6.42854200,24.94025000,31.27999000,53.44106000,0,0,0,0,
	4.20941900,-8.03092000,6.42854200,24.94025000,31.27999000,53.44106000,0,0,0,0,
	4.21307100,-8.03092000,6.42854200,24.94025000,31.27999000,53.44106000,0,0,0,0,
	4.21628000,-8.03092000,6.42854200,24.94025000,31.27999000,53.44106000,0,0,0,0,
	4.22067300,-8.03092000,6.42854200,24.94025000,31.27999000,53.44106000,0,0,0,0,
	4.22398200,-8.03092000,6.42854200,24.94025000,31.27999000,53.44106000,0,0,0,0,
	4.22806300,-7.84799300,6.38554100,25.04781000,31.27999000,53.44106000,0,0,0,0,
	4.23208700,-7.84799300,6.38554100,25.04781000,31.27999000,53.44106000,0,0,0,0,
	4.23476400,-7.84799300,6.38554100,25.04781000,31.27999000,53.44106000,0,0,0,0,
	4.24165700,-7.84799300,6.38554100,25.04781000,31.27999000,53.44106000,0,0,0,0,
	4.24828300,-7.66506700,6.49614100,25.15537000,31.19999000,53.12104000,0,0,0,0,
	4.26220400,-7.66506700,6.49614100,25.15537000,31.19998000,52.80103000,0,0,0,0,
	4.26783600,-7.48214000,6.60034100,25.26294000,31.19999000,51.92101000,0,0,0,1,
	4.27593100,-7.48214000,6.60034100,25.26294000,31.19999000,51.68102000,0,0,0,1,
	4.28165400,-7.48214000,6.60034100,25.26294000,31.27999000,51.28104000,0,0,0,1,
	4.28688700,-7.32353400,6.69814100,25.40086000,31.35999000,50.96104000,0,0,0,1,
	4.29388600,-7.32353400,6.69814100,25.40086000,31.43999000,50.80102000,0,0,0,1,
	4.30022900,-7.32353400,6.69814100,25.40086000,31.59999000,50.24102000,0,0,0,1,
	4.30574900,-7.17183800,6.78954100,25.54719000,31.67999000,49.84103000,0,0,0,1,
	4.31246200,-7.17183800,6.78954100,25.54719000,31.75999000,49.44104000,0,0,0,1,
	4.31971900,-7.17183800,6.78954100,25.54719000,31.83999000,48.96102000,0,0,0,1,
	4.32724000,-7.02401600,6.87454100,25.69793000,31.91999000,48.24104000,0,0,0,1,
	4.33335000,-7.02401600,6.87454100,25.69793000,31.99998000,47.36100000,0,0,0,1,
	4.33887200,-7.02401600,6.87454100,25.69793000,31.99998000,46.56103000,0,0,0,1,
	4.34451600,-7.02401600,6.87454100,25.69793000,32.07999000,45.84105000,0,0,0,1,
	4.35078900,-6.88541000,6.95314100,25.85821000,32.07999000,44.64101000,0,0,0,1,
	4.35582200,-6.88541000,6.95314100,25.85821000,32.15999000,43.44099000,0,0,0,1,
	4.36355400,-6.88541000,6.95314100,25.85821000,32.15999000,42.40100000,0,0,0,1,
	4.36854400,-6.75803500,7.02534100,26.02856000,32.15999000,40.56100000,0,0,0,1,
	4.37380500,-6.75803500,7.02534100,26.02856000,32.15999000,39.20101000,0,0,0,1,
	4.38140800,-6.75803500,7.02534100,26.02856000,32.15999000,38.16101000,0,0,0,1,
	4.38689300,-6.64459100,7.09114100,26.20952000,32.15999000,35.84100000,0,0,0,1,
	4.39382800,-6.64459100,7.09114100,26.20952000,32.07999000,34.48102000,0,0,0,1,
	4.40080000,-6.64459100,7.09114100,26.20952000,31.99999000,32.72102000,0,0,0,1,
	4.40672200,-6.54725900,7.15054100,26.40071000,31.83999000,30.72100000,0,0,0,1,
	4.41340300,-6.54725900,7.15054100,26.40071000,31.75999000,29.20101000,0,0,0,1,
	4.41960600,-6.54725900,7.15054100,26.40071000,31.59999000,27.28102000,0,0,0,1,
	4.42681500,-6.46668800,7.20354100,26.60058000,31.51999000,25.68100000,0,0,0,1,
	4.43456900,-6.46668800,7.20354100,26.60058000,31.43999000,24.00100000,0,0,0,1,
	4.44676700,-6.39857500,7.25014100,26.80572000,31.27999000,22.08100000,0,0,0,1,
	4.45274500,-6.39857500,7.25014100,26.80572000,31.03999000,19.12099000,0,0,0,1,
	4.46541700,-6.34647300,7.29034100,27.01626000,30.95999000,17.60100000,0,0,0,1,
	4.47039600,-6.34647300,7.29034100,27.01626000,30.63999000,14.56099000,0,0,0,1,
	4.47657600,-6.34647300,7.29034100,27.01626000,30.55999000,13.60102000,0,0,0,1,
	4.48556100,-6.31317800,7.32414100,27.23146000,30.48000000,12.48101000,0,0,0,1,
	4.49477300,-6.31317800,7.32414100,27.23146000,30.23999000,10.72100000,0,0,0,1,
	4.50150900,-6.31317800,7.32414100,27.23146000,30.07999000,9.04102200,0,0,0,1,
	4.50780400,-6.29637200,7.35154100,27.44942000,29.91999000,8.08102700,0,0,0,1,
	4.51558400,-6.29637200,7.35154100,27.44942000,29.83999000,7.28104600,0,0,0,1,
	4.52270500,-6.29637200,7.35154100,27.44942000,29.75999000,6.48104000,0,0,0,1,
	4.52773800,-6.28744000,7.37254100,27.66829000,29.67999000,6.00104200,0,0,0,1,
	4.53222900,-6.28744000,7.37254100,27.66829000,29.59999000,5.84102300,0,0,0,1,
	4.53641700,-6.28744000,7.37254100,27.66829000,29.59999000,5.68103400,0,0,0,1,
	4.54116800,-6.28744000,7.37254100,27.66829000,29.59999000,5.60103800,0,0,0,1,
	4.54449500,-6.28744000,7.37254100,27.66829000,29.59999000,5.52104200,0,0,0,1,
	4.54730100,-6.28033100,7.38714100,27.88736000,29.59999000,5.52104200,0,0,0,1,
	4.55122700,-6.28033100,7.38714100,27.88736000,29.59999000,5.52104200,0,0,0,1,
	4.55429600,-6.28033100,7.38714100,27.88736000,29.59999000,5.52104200,0,0,0,1,
	4.55689100,-6.28033100,7.38714100,27.88736000,29.59999000,5.52104200,0,0,0,1,
	4.56034300,-6.28033100,7.38714100,27.88736000,29.59999000,5.52104200,0,0,0,1,
	4.56282900,-6.28033100,7.38714100,27.88736000,29.59999000,5.52104200,0,0,0,1,
	4.56570100,-6.27322100,7.39534100,28.10642000,29.59999000,5.52104200,0,0,0,1,
	4.56932700,-6.27322100,7.39534100,28.10642000,29.59999000,5.52104200,0,0,0,1,
	4.57234300,-6.27322100,7.39534100,28.10642000,29.59999000,5.52104200,0,0,0,1,
	4.57495800,-6.27322100,7.39534100,28.10642000,29.59999000,5.52104200,0,0,0,1,
	4.57749100,-6.27322100,7.39534100,28.10642000,29.59999000,5.52104200,0,0,0,1,
	4.58031100,-6.27322100,7.39534100,28.10642000,29.59999000,5.52104200,0,0,0,1,
	4.58283500,-6.27322100,7.39534100,28.10642000,29.59999000,5.52104200,0,0,0,1,
	4.58542200,-6.26611200,7.39714100,28.32548000,29.59999000,5.52104200,0,0,0,1,
	4.58935300,-6.26611200,7.39714100,28.32548000,29.59999000,5.52104200,0,0,0,1,
	4.59197300,-6.26611200,7.39714100,28.32548000,29.59999000,5.52104200,0,0,0,1,
	4.59541800,-6.26611200,7.39714100,28.32548000,29.59999000,5.52104200,0,0,0,1,
	4.59817500,-6.26611200,7.39714100,28.32548000,29.59999000,5.52104200,0,0,0,1,
	4.60121600,-6.26611200,7.39714100,28.32548000,29.59999000,5.52104200,0,0,0,1,
	4.60378200,-6.26611200,7.39714100,28.32548000,29.59999000,5.52104200,0,0,0,1,
	4.60643800,-6.25900300,7.39254100,28.54454000,29.59999000,5.52104200,0,0,0,1,
	4.61015400,-6.25900300,7.39254100,28.54454000,29.59999000,5.52104200,0,0,0,1,
	4.61304000,-6.25900300,7.39254100,28.54454000,29.59999000,5.52104200,0,0,0,1,
	4.61590100,-6.25900300,7.39254100,28.54454000,29.59999000,5.52104200,0,0,0,1,
	4.61850600,-6.25900300,7.39254100,28.54454000,29.59999000,5.52104200,0,0,0,1,
	4.62169400,-6.25900300,7.39254100,28.54454000,29.59999000,5.52104200,0,0,0,1,
	4.62439700,-6.25900300,7.39254100,28.54454000,29.59999000,5.52104200,0,0,0,1,
	4.62860600,-6.25189400,7.38154100,28.76360000,29.59999000,5.52104200,0,0,0,1,
	4.63203800,-6.25189400,7.38154100,28.76360000,29.59999000,5.60103800,0,0,0,1,
	4.63653300,-6.25189400,7.38154100,28.76360000,29.59999000,5.60103800,0,0,0,1,
	4.63959600,-6.25189400,7.38154100,28.76360000,29.59999000,5.68103400,0,0,0,1,
	4.64367000,-6.25189400,7.38154100,28.76360000,29.59999000,5.68103400,0,0,0,1,
	4.64775000,-6.24478500,7.36414100,28.98266000,29.59999000,5.84102300,0,0,0,1,
	4.65308200,-6.24478500,7.36414100,28.98266000,29.59999000,5.92101900,0,0,0,1,
	4.65777300,-6.24478500,7.36414100,28.98266000,29.59999000,6.08101000,0,0,0,1,
	4.66205800,-6.24478500,7.36414100,28.98266000,29.59999000,6.24102700,0,0,0,1,
	4.66860400,-6.23767600,7.34034100,29.20172000,29.59999000,6.40101800,0,0,0,1,
	4.67598600,-6.23767600,7.34034100,29.20172000,29.59999000,6.64103100,0,0,0,1,
	4.68020900,-6.23767600,7.34034100,29.20172000,29.59999000,6.88101600,0,0,0,1,
	4.68615400,-6.23056700,7.31014100,29.42078000,29.59999000,7.04100600,0,0,0,1,
	4.69234800,-6.23056700,7.31014100,29.42078000,29.59999000,7.28099200,0,0,0,1,
	4.69634000,-6.23056700,7.31014100,29.42078000,29.59999000,7.52100700,0,0,0,1,
	4.70189300,-6.23056700,7.31014100,29.42078000,29.59999000,7.68099500,0,0,0,1,
	4.70656900,-6.22345700,7.27354100,29.63984000,29.59999000,8.00100300,0,0,0,1,
	4.71371000,-6.22345700,7.27354100,29.63984000,29.59999000,8.24099000,0,0,0,1,
	4.71963600,-6.22345700,7.27354100,29.63984000,29.52000000,8.64099400,0,0,0,1,
	4.72412700,-6.22345700,7.27354100,29.63984000,29.52000000,8.96100000,0,0,0,1,
	4.73026000,-6.21634800,7.23054100,29.85890000,29.51999000,9.36100200,0,0,0,1,
	4.73615300,-6.21634800,7.23054100,29.85890000,29.52000000,9.76098000,0,0,0,1,
	4.74268100,-6.21634800,7.23054100,29.85890000,29.51999000,10.16098000,0,0,1,1,
	4.74970600,-6.20923900,7.18114100,30.07796000,29.43999000,10.56096000,0,0,1,1,
	4.75856800,-6.20923900,7.18114100,30.07796000,29.35999000,11.04099000,0,0,1,0,
	4.76538800,-6.18476200,7.12534100,30.29349000,29.27999000,11.52098000,0,0,1,0,
	4.77161500,-6.18476200,7.12534100,30.29349000,29.27999000,11.84099000,0,0,1,0,
	4.77700900,-6.18476200,7.12534100,30.29349000,29.19999000,12.08100000,0,0,1,0,
	4.78119000,-6.18476200,7.12534100,30.29349000,29.11999000,12.32099000,0,0,1,0,
	4.78560400,-6.12471000,7.06314100,30.50141000,29.11999000,12.40096000,0,0,1,0,
	4.79224700,-6.12471000,7.06314100,30.50141000,29.11999000,12.56097000,0,0,1,0,
	4.79595700,-6.12471000,7.06314100,30.50141000,29.03999000,12.64097000,0,0,1,0,
	4.79866000,-6.12471000,7.06314100,30.50141000,29.03999000,12.64097000,0,0,1,0,
	4.80430400,-6.12471000,7.06314100,30.50141000,29.03999000,12.64097000,0,0,1,0,
	4.80742500,-6.06348000,7.17374100,30.70906000,28.95999000,12.72094000,0,0,1,0,
	4.81119400,-6.06348000,7.17374100,30.70906000,28.95999000,12.72094000,0,0,1,0,
	4.81379300,-6.06348000,7.17374100,30.70906000,28.95999000,12.72094000,0,0,1,0,
	4.81764900,-6.06348000,7.17374100,30.70906000,28.95999000,12.72094000,0,0,1,0,
	4.82094500,-6.06348000,7.17374100,30.70906000,28.95999000,12.72094000,0,0,1,0,
	4.82428400,-6.06348000,7.17374100,30.70906000,28.95999000,12.72094000,0,0,1,0,
	4.82708700,-6.00225000,7.27794100,30.91672000,28.95999000,12.72094000,0,0,1,0,
	4.83105100,-6.00225000,7.27794100,30.91672000,28.95999000,12.72094000,0,0,1,0,
	4.83369600,-6.00225000,7.27794100,30.91672000,28.95999000,12.72094000,0,0,1,0,
	4.83664800,-6.00225000,7.27794100,30.91672000,28.95999000,12.72094000,0,0,1,0,
	4.83935300,-6.00225000,7.27794100,30.91672000,28.95999000,12.72094000,0,0,1,0,
	4.84197400,-6.00225000,7.27794100,30.91672000,28.95999000,12.72094000,0,0,1,0,
	4.84486000,-5.94102000,7.37574100,31.12438000,28.95999000,12.72094000,0,0,1,0,
	4.84817000,-5.94102000,7.37574100,31.12438000,28.95999000,12.72094000,0,0,1,0,
	4.85123300,-5.94102000,7.37574100,31.12438000,28.95999000,12.72094000,0,0,1,0,
	4.85387900,-5.94102000,7.37574100,31.12438000,28.95999000,12.72094000,0,0,1,0,
	4.85654800,-5.94102000,7.37574100,31.12438000,28.95999000,12.72094000,0,0,1,0,
	4.85973600,-5.94102000,7.37574100,31.12438000,28.95999000,12.72094000,0,0,1,0,
	4.86234700,-5.94102000,7.37574100,31.12438000,28.95999000,12.72094000,0,0,1,0,
	4.86558500,-5.87979100,7.46714100,31.33203000,28.95999000,12.72094000,0,0,1,0,
	4.86910800,-5.87979100,7.46714100,31.33203000,28.95999000,12.72094000,0,0,1,0,
	4.87203100,-5.87979100,7.46714100,31.33203000,28.95999000,12.72094000,0,0,1,0,
	4.87483500,-5.87979100,7.46714100,31.33203000,28.95999000,12.72094000,0,0,1,0,
	4.87740600,-5.87979100,7.46714100,31.33203000,28.95999000,12.72094000,0,0,1,0,
	4.88026900,-5.87979100,7.46714100,31.33203000,28.95999000,12.72094000,0,0,1,0,
	4.88276800,-5.87979100,7.46714100,31.33203000,28.95999000,12.72094000,0,0,1,0,
	4.88700400,-5.81856100,7.55214100,31.53969000,28.95999000,12.72094000,0,0,0,0,
	4.89274400,-5.81856100,7.55214100,31.53969000,28.95999000,12.72094000,0,0,0,0,
	4.89560700,-5.81856100,7.55214100,31.53969000,28.95999000,12.72094000,0,0,0,0,
	4.89833000,-5.81856100,7.55214100,31.53969000,28.95999000,12.72094000,0,0,0,0,
	4.90109400,-5.81856100,7.55214100,31.53969000,28.95999000,12.72094000,0,0,0,0,
	4.90366700,-5.81856100,7.55214100,31.53969000,28.95999000,12.72094000,0,0,0,0,
	4.90681900,-5.75733100,7.63074100,31.74735000,28.95999000,12.72094000,0,0,0,0,
	4.91039600,-5.75733100,7.63074100,31.74735000,28.95999000,12.72094000,0,0,0,0,
	4.91326000,-5.75733100,7.63074100,31.74735000,28.95999000,12.72094000,0,0,0,0,
	4.91592500,-5.75733100,7.63074100,31.74735000,28.95999000,12.72094000,0,0,0,0,
	4.91847800,-5.75733100,7.63074100,31.74735000,28.95999000,12.72094000,0,0,0,0,
	4.92229300,-5.75733100,7.63074100,31.74735000,28.95999000,12.72094000,0,0,0,0,
	4.92514300,-5.69610200,7.70294000,31.95500000,28.95999000,12.72094000,0,0,0,0,
	4.92934000,-5.69610200,7.70294000,31.95500000,28.95999000,12.72094000,0,0,0,0,
	4.93211100,-5.69610200,7.70294000,31.95500000,28.95999000,12.72094000,0,0,0,0,
	4.93487900,-5.69610200,7.70294000,31.95500000,28.95999000,12.72094000,0,0,0,0,
	4.93767500,-5.69610200,7.70294000,31.95500000,28.95999000,12.72094000,0,0,0,0,
	4.94078700,-5.69610200,7.70294000,31.95500000,28.95999000,12.72094000,0,0,0,0,
	4.94338900,-5.69610200,7.70294000,31.95500000,28.95999000,12.72094000,0,0,0,0,
	4.94590300,-5.63487200,7.76874100,32.16266000,28.95999000,12.72094000,0,0,0,0,
	4.94957600,-5.63487200,7.76874100,32.16266000,28.95999000,12.72094000,0,0,0,0,
	4.95229900,-5.63487200,7.76874100,32.16266000,28.95999000,12.72094000,0,0,0,0,
	4.95539300,-5.63487200,7.76874100,32.16266000,28.95999000,12.72094000,0,0,0,0,
	4.95832200,-5.63487200,7.76874100,32.16266000,28.95999000,12.72094000,0,0,0,0,
	4.96105000,-5.63487200,7.76874100,32.16266000,28.95999000,12.72094000,0,0,0,0,
	4.96426500,-5.63487200,7.76874100,32.16266000,28.95999000,12.72094000,0,0,0,0,
	4.97051300,-5.57364200,7.82814100,32.37032000,28.95999000,12.72094000,0,0,0,0,
	4.97882200,-5.57364200,7.82814100,32.37032000,28.95999000,12.72094000,0,0,0,0,
	4.98154800,-5.57364200,7.82814100,32.37032000,28.95999000,12.72094000,0,0,0,0,
	4.98441000,-5.57364200,7.82814100,32.37032000,28.95999000,12.72094000,0,0,0,0,
	4.98693400,-5.51241300,7.88114100,32.57798000,28.95999000,12.72094000,0,0,0,0,
	4.99104800,-5.51241300,7.88114100,32.57798000,28.95999000,12.72094000,0,0,0,0,
	4.99358400,-5.51241300,7.88114100,32.57798000,28.95999000,12.72094000,0,0,0,0,
	4.99642700,-5.51241300,7.88114100,32.57798000,28.95999000,12.72094000,0,0,0,0,
	4.99953800,-5.51241300,7.88114100,32.57798000,28.95999000,12.72094000,0,0,0,0,
	5.00202100,-5.51241300,7.88114100,32.57798000,28.95999000,12.72094000,0,0,0,0,
	5.00469800,-5.45118300,7.92774100,32.78563000,28.95999000,12.72094000,0,0,0,0,
	5.00812600,-5.45118300,7.92774100,32.78563000,28.95999000,12.72094000,0,0,0,0,
	5.01109100,-5.45118300,7.92774100,32.78563000,28.95999000,12.72094000,0,0,0,0,
	5.01362700,-5.45118300,7.92774100,32.78563000,28.95999000,12.72094000,0,0,0,0,
	5.01626000,-5.45118300,7.92774100,32.78563000,28.95999000,12.72094000,0,0,0,0,
	5.01966800,-5.45118300,7.92774100,32.78563000,28.95999000,12.72094000,0,0,0,0,
	5.02228900,-5.45118300,7.92774100,32.78563000,28.95999000,12.72094000,0,0,0,0,
	5.02569500,-5.38995300,7.96794000,32.99329000,28.95999000,12.72094000,0,0,0,0,
	5.02930600,-5.38995300,7.96794000,32.99329000,28.95999000,12.72094000,0,0,0,0,
	5.03220100,-5.38995300,7.96794000,32.99329000,28.95999000,12.72094000,0,0,0,0,
	5.03488100,-5.38995300,7.96794000,32.99329000,28.95999000,12.72094000,0,0,0,0,
	5.03770600,-5.38995300,7.96794000,32.99329000,28.95999000,12.72094000,0,0,0,0,
	5.04052300,-5.38995300,7.96794000,32.99329000,28.95999000,12.72094000,0,0,0,0,
	5.04313500,-5.38995300,7.96794000,32.99329000,28.95999000,12.72094000,0,0,0,0,
	5.04613900,-5.32872300,8.00174000,33.20095000,28.95999000,12.72094000,0,0,0,0,
	5.04953700,-5.32872300,8.00174000,33.20095000,28.95999000,12.72094000,0,0,0,0,
	5.05279800,-5.32872300,8.00174000,33.20095000,28.95999000,12.72094000,0,0,0,0,
	5.05563400,-5.32872300,8.00174000,33.20095000,28.95999000,12.72094000,0,0,0,0,
	5.05833300,-5.32872300,8.00174000,33.20095000,28.95999000,12.72094000,0,0,0,0,
	5.06168800,-5.32872300,8.00174000,33.20095000,28.95999000,12.72094000,0,0,0,0,
	5.06439800,-5.32872300,8.00174000,33.20095000,28.95999000,12.72094000,0,0,0,0,
	5.06716300,-5.26749400,8.02914000,33.40860000,28.95999000,12.72094000,0,0,0,0,
	5.07195800,-5.26749400,8.02914000,33.40860000,28.95999000,12.72094000,0,1,0,0,
	5.07634400,-5.26749400,8.02914000,33.40860000,28.95999000,12.72094000,0,1,0,0,
end
