map
	ez_square2
end

values
	0.00542990,-4.86138600,1.90000000,-5.04872700,4.08000600,354.63990000,1,0,0,0,
	0.01009490,-4.86414100,1.90000000,-5.01994200,4.24000500,354.63990000,1,0,0,0,
	0.01541740,-4.86414100,1.90000000,-5.01994200,4.32000600,354.63990000,1,0,0,0,
	0.02008840,-4.86414100,1.90000000,-5.01994200,4.40000500,354.63990000,1,0,0,0,
	0.02321900,-4.86414100,1.90000000,-5.01994200,4.48000600,354.63990000,1,0,0,0,
	0.02768210,-4.86754100,1.90000000,-4.98407100,4.48000600,354.63990000,1,0,0,0,
	0.03377780,-4.86754100,1.90000000,-4.98407100,4.56000500,354.63990000,1,0,0,0,
	0.03829320,-4.86754100,1.90000000,-4.98407100,4.64000600,354.63990000,1,0,0,0,
	0.04268300,-4.86754100,1.90000000,-4.98407100,4.72000500,354.63990000,1,0,0,0,
	0.04891270,-4.87165900,1.90000000,-4.94044700,4.80000500,354.63990000,1,0,0,0,
	0.05421220,-4.87165900,1.90000000,-4.94044700,4.96000500,354.63990000,1,0,0,0,
	0.05874660,-4.87165900,1.90000000,-4.94044700,5.04000500,354.63990000,1,0,0,0,
	0.06330230,-4.87165900,1.90000000,-4.94044700,5.12000500,354.63990000,1,0,0,0,
	0.06848960,-4.87654000,1.90000000,-4.88861100,5.20000500,354.63990000,1,0,0,0,
	0.07353061,-4.87654000,1.90000000,-4.88861100,5.28000500,354.63990000,1,0,0,0,
	0.07858101,-4.87654000,1.90000000,-4.88861100,5.36000500,354.63990000,1,0,0,0,
	0.08594701,-4.87654000,1.90000000,-4.88861100,5.44000400,354.71980000,1,0,0,0,
	0.09042141,-4.88224400,1.90000000,-4.82775400,5.60000500,354.71990000,1,0,0,0,
	0.09719371,-4.88224400,1.90000000,-4.82775400,5.68000400,354.71990000,1,0,0,0,
	0.10219160,-4.88224400,1.90000000,-4.82775400,5.84000400,354.79990000,1,0,0,0,
	0.10663090,-4.88224400,1.90000000,-4.82775400,5.92000500,354.79990000,1,0,0,0,
	0.11455680,-4.88867000,1.90000000,-4.75865600,6.00000400,354.79990000,1,0,0,0,
	0.12220180,-4.88867000,1.90000000,-4.75865600,6.24000400,354.87990000,1,0,0,0,
	0.12791060,-4.89561700,1.90000000,-4.68335100,6.40000300,354.87990000,1,0,0,0,
	0.13317250,-4.89561700,1.90000000,-4.68335100,6.56000400,354.87990000,1,0,0,0,
	0.13825920,-4.89561700,1.90000000,-4.68335100,6.72000300,354.87990000,1,0,0,0,
	0.14410250,-4.89561700,1.90000000,-4.68335100,6.88000400,354.95980000,1,0,0,0,
	0.14885440,-4.90329500,1.90000000,-4.59931600,7.04000300,354.95980000,1,0,0,0,
	0.15470790,-4.90329500,1.90000000,-4.59931600,7.20000400,354.95980000,1,0,0,0,
	0.15944120,-4.90329500,1.90000000,-4.59931600,7.36000300,354.95980000,1,0,0,0,
	0.16386270,-4.90329500,1.90000000,-4.59931600,7.52000300,354.95980000,1,0,0,0,
	0.16900530,-4.91162700,1.90000000,-4.50740300,7.68000300,354.95980000,1,0,0,0,
	0.17497110,-4.91162700,1.90000000,-4.50740300,7.84000300,354.95980000,1,0,0,0,
	0.18041640,-4.91162700,1.90000000,-4.50740300,8.08000300,354.95980000,1,0,0,0,
	0.18811090,-4.92051400,1.90000000,-4.40889300,8.24000400,354.95980000,1,0,0,0,
	0.19577290,-4.92051400,1.90000000,-4.40889300,8.56000100,354.95980000,1,0,0,0,
	0.20114620,-4.92051400,1.90000000,-4.40889300,8.88000100,354.95980000,1,0,0,0,
	0.20705900,-4.93010300,1.90000000,-4.30212000,9.12000300,354.95980000,1,0,0,0,
	0.21301030,-4.93010300,1.90000000,-4.30212000,9.36000100,354.95980000,1,0,0,0,
	0.21787880,-4.93010300,1.90000000,-4.30212000,9.60000100,354.95980000,1,0,0,0,
	0.23198790,-4.94026200,1.90000000,-4.18867900,9.84000200,354.95980000,1,0,0,0,
	0.23767870,-4.94026200,1.90000000,-4.18867900,10.48000000,354.95980000,1,0,0,0,
	0.24389480,-4.94026200,1.90000000,-4.18867900,10.72000000,354.95980000,1,0,0,0,
	0.24960650,-4.95132300,1.90000000,-4.06487000,10.96000000,354.87990000,1,0,0,0,
	0.25663660,-4.95132300,1.90000000,-4.06487000,11.28000000,354.87990000,1,0,0,0,
	0.26167110,-4.95132300,1.90000000,-4.06487000,11.60000000,354.79990000,1,0,0,0,
	0.26778000,-4.96303900,1.90000000,-3.93398100,11.76000000,354.79990000,1,0,0,0,
	0.27530030,-4.96303900,1.90000000,-3.93398100,12.08000000,354.71990000,1,0,0,0,
	0.28195230,-4.96303900,1.90000000,-3.93398100,12.40000000,354.63990000,1,0,0,0,
	0.28804390,-4.97556200,1.90000000,-3.79501900,12.72000000,354.63990000,1,0,0,0,
	0.29568800,-4.97556200,1.90000000,-3.79501900,12.96000000,354.55990000,1,0,0,0,
	0.30051980,-4.97556200,1.90000000,-3.79501900,13.36000000,354.47990000,1,0,0,0,
	0.30596300,-4.97556200,1.90000000,-3.79501900,13.60000000,354.47990000,1,0,0,0,
	0.31368300,-4.98910900,1.90000000,-3.64650800,13.84000000,354.39990000,1,0,0,0,
	0.32054830,-4.98910900,1.90000000,-3.64650800,14.24000000,354.31990000,1,0,0,0,
	0.32616550,-4.98910900,1.90000000,-3.64650800,14.55999000,354.24000000,1,0,0,0,
	0.33080650,-5.00326900,1.90000000,-3.49315200,14.80000000,354.16000000,1,0,0,0,
	0.33627840,-5.00326900,1.90000000,-3.49315200,15.04000000,354.08000000,1,0,0,0,
	0.34181030,-5.00326900,1.90000000,-3.49315200,15.36000000,354.00000000,1,0,0,0,
	0.34867000,-5.01756500,1.90000000,-3.33980400,15.68000000,353.92000000,1,0,0,0,
	0.35546680,-5.01756500,1.90000000,-3.33980400,16.00000000,353.76000000,1,0,0,0,
	0.36132960,-5.01756500,1.90000000,-3.33980400,16.40000000,353.68000000,1,0,0,0,
	0.36700080,-5.03209700,1.90000000,-3.18646400,16.64000000,353.52000000,1,0,0,0,
	0.37176200,-5.03209700,1.90000000,-3.18646400,16.96000000,353.44000000,1,0,0,0,
	0.37813990,-5.03209700,1.90000000,-3.18646400,17.20000000,353.36000000,1,0,0,0,
	0.38471680,-5.03209700,1.90000000,-3.18646400,17.43999000,353.20000000,1,0,0,0,
	0.38986170,-5.04699900,1.90000000,-3.03314000,17.84000000,353.04000000,1,0,0,0,
	0.39840740,-5.04699900,1.90000000,-3.03314000,18.08000000,352.96010000,1,0,0,0,
	0.40315230,-5.04699900,1.90000000,-3.03314000,18.40000000,352.80000000,1,0,0,0,
	0.40775610,-5.06225800,1.90000000,-2.87983800,18.63999000,352.72010000,1,0,0,0,
	0.41207160,-5.06225800,1.90000000,-2.87983800,18.79999000,352.64010000,1,0,0,0,
	0.41797870,-5.06225800,1.90000000,-2.87983800,19.03999000,352.56010000,1,0,0,0,
	0.42225920,-5.06225800,1.90000000,-2.87983800,19.27999000,352.48010000,1,0,0,0,
	0.42606540,-5.06225800,1.90000000,-2.87983800,19.43999000,352.40010000,1,0,0,0,
	0.43234290,-5.07800900,1.90000000,-2.72656800,19.59999000,352.32010000,1,0,0,0,
	0.43782310,-5.07800900,1.90000000,-2.72656800,19.83999000,352.24010000,1,0,0,0,
	0.44182770,-5.07800900,1.90000000,-2.72656800,20.07999000,352.16020000,1,0,0,0,
	0.44626010,-5.07800900,1.90000000,-2.72656800,20.16000000,352.08020000,1,0,0,0,
	0.45358650,-5.09423100,1.90000000,-2.57334200,20.31999000,352.08020000,1,0,0,0,
	0.45845270,-5.09423100,1.90000000,-2.57334200,20.55999000,352.00020000,1,0,0,0,
	0.46276510,-5.09423100,1.90000000,-2.57334200,20.71999000,351.92020000,1,0,0,0,
	0.46849850,-5.11085000,1.90000000,-2.42015000,20.87999000,351.84020000,1,0,0,0,
	0.47369080,-5.11085000,1.90000000,-2.42015000,21.03999000,351.76020000,1,0,0,0,
	0.47981470,-5.11085000,1.90000000,-2.42015000,21.19999000,351.68020000,1,0,0,0,
	0.48539070,-5.11085000,1.90000000,-2.42015000,21.35999000,351.60030000,1,0,0,0,
	0.48962980,-5.12804500,1.90000000,-2.26701100,21.51999000,351.52020000,1,0,0,0,
	0.49866200,-5.12804500,1.90000000,-2.26701100,21.59999000,351.52030000,1,0,0,0,
	0.50286810,-5.12804500,1.90000000,-2.26701100,21.83999000,351.36030000,1,0,0,0,
	0.50801570,-5.14569400,1.90000000,-2.11392500,21.91999000,351.36030000,1,0,0,0,
	0.51408460,-5.14569400,1.90000000,-2.11392500,21.99999000,351.28030000,1,0,0,0,
	0.52217330,-5.14569400,1.90000000,-2.11392500,22.15999000,351.20030000,1,0,0,0,
	0.52723010,-5.16385400,1.90000000,-1.96089400,22.31999000,351.12030000,1,0,0,0,
	0.53228810,-5.16385400,1.90000000,-1.96089400,22.39999000,351.12030000,1,0,0,0,
	0.53864450,-5.16385400,1.90000000,-1.96089400,22.55999000,351.04030000,1,0,0,0,
	0.54417540,-5.16385400,1.90000000,-1.96089400,22.63999000,350.96030000,1,0,0,0,
	0.54944460,-5.18259000,1.90000000,-1.80793000,22.79999000,350.88030000,1,0,0,0,
	0.55419190,-5.18259000,1.90000000,-1.80793000,22.87999000,350.88030000,1,0,0,0,
	0.56097670,-5.18259000,1.90000000,-1.80793000,22.95999000,350.80040000,1,0,0,0,
	0.56522510,-5.18259000,1.90000000,-1.80793000,23.11999000,350.72030000,1,0,0,0,
	0.57027320,-5.20187700,1.90000000,-1.65504000,23.19999000,350.72030000,1,0,0,0,
	0.57737460,-5.20187700,1.90000000,-1.65504000,23.27999000,350.64040000,1,0,0,0,
	0.58171360,-5.20187700,1.90000000,-1.65504000,23.43999000,350.56040000,1,0,0,0,
	0.58593020,-5.20187700,1.90000000,-1.65504000,23.51999000,350.56040000,1,0,0,0,
	0.59168700,-5.22171000,1.90000000,-1.50221500,23.59999000,350.48040000,1,0,0,0,
	0.59860500,-5.22171000,1.90000000,-1.50221500,23.67999000,350.40040000,1,0,0,0,
	0.60301050,-5.22171000,1.90000000,-1.50221500,23.83999000,350.32040000,1,0,0,0,
	0.60697780,-5.24199800,1.90000000,-1.34945200,23.91999000,350.32040000,1,0,0,0,
	0.61176850,-5.24199800,1.90000000,-1.34945200,23.99999000,350.24040000,1,0,0,0,
	0.61552360,-5.24199800,1.90000000,-1.34945200,24.07999000,350.16050000,1,0,0,0,
	0.62116120,-5.24199800,1.90000000,-1.34945200,24.15999000,350.16050000,1,0,0,0,
	0.62635850,-5.24199800,1.90000000,-1.34945200,24.23999000,350.08050000,1,0,0,0,
	0.63088920,-5.26291700,1.90000000,-1.19676500,24.31999000,350.00050000,1,0,0,0,
	0.63542940,-5.26291700,1.90000000,-1.19676500,24.39999000,350.00050000,1,0,0,0,
	0.64108340,-5.26291700,1.90000000,-1.19676500,24.47999000,349.92050000,1,0,0,0,
	0.64563940,-5.26291700,1.90000000,-1.19676500,24.55999000,349.84050000,1,0,0,0,
	0.64933060,-5.28435500,1.90000000,-1.04415300,24.63999000,349.84050000,1,0,0,0,
	0.65408160,-5.28435500,1.90000000,-1.04415300,24.71999000,349.76050000,1,0,0,0,
	0.65959880,-5.28435500,1.90000000,-1.04415300,24.71999000,349.76050000,1,0,0,0,
	0.66352840,-5.28435500,1.90000000,-1.04415300,24.79999000,349.68050000,1,0,0,0,
	0.66668830,-5.28435500,1.90000000,-1.04415300,24.87999000,349.68050000,1,0,0,0,
	0.67075050,-5.30635400,1.90000000,-0.89162690,24.87999000,349.68050000,1,0,0,0,
	0.67469250,-5.30635400,1.90000000,-0.89162690,24.95999000,349.60060000,1,0,0,0,
	0.67761020,-5.30635400,1.90000000,-0.89162690,24.95999000,349.60060000,1,0,0,0,
	0.68420290,-5.30635400,1.90000000,-0.89162690,24.95999000,349.60060000,1,0,0,0,
	0.68801500,-5.32881100,1.90000000,-0.73916840,25.03999000,349.52060000,1,0,0,0,
	0.69257880,-5.32881100,1.90000000,-0.73916840,25.03999000,349.52060000,1,0,0,0,
	0.69589950,-5.32881100,1.90000000,-0.73916840,25.11999000,349.52060000,1,0,0,0,
	0.69924300,-5.32881100,1.90000000,-0.73916840,25.11999000,349.52060000,1,0,0,0,
	0.70243460,-5.32881100,1.90000000,-0.73916840,25.11999000,349.52060000,1,0,0,0,
	0.70679850,-5.35171200,1.90000000,-0.58679220,25.11999000,349.52060000,1,0,0,0,
	0.71026120,-5.35171200,1.90000000,-0.58679220,25.11999000,349.44060000,1,0,0,0,
	0.71490850,-5.35171200,1.90000000,-0.58679220,25.11999000,349.44060000,1,0,0,0,
	0.71796070,-5.35171200,1.90000000,-0.58679220,25.19999000,349.44060000,1,0,0,0,
	0.72117480,-5.35171200,1.90000000,-0.58679220,25.19999000,349.44060000,1,0,0,0,
	0.72408830,-5.35171200,1.90000000,-0.58679220,25.19999000,349.44060000,1,0,0,0,
	0.72698830,-5.37511800,1.90000000,-0.43450240,25.19999000,349.44060000,1,0,0,0,
	0.73248570,-5.37511800,1.90000000,-0.43450240,25.19999000,349.44060000,1,0,0,0,
	0.73624740,-5.37511800,1.90000000,-0.43450240,25.19999000,349.36060000,1,0,0,0,
	0.73923270,-5.37511800,1.90000000,-0.43450240,25.19999000,349.36060000,1,0,0,0,
	0.74452190,-5.37511800,1.90000000,-0.43450240,25.19999000,349.36060000,1,0,0,0,
	0.74784580,-5.39897200,1.90000000,-0.28228980,25.27999000,349.36060000,1,0,0,0,
	0.75233050,-5.39897200,1.90000000,-0.28228980,25.27999000,349.36060000,1,0,0,0,
	0.76209490,-5.39897200,1.90000000,-0.28228980,25.27999000,349.28060000,1,0,0,0,
	0.76545910,-5.39897200,1.90000000,-0.28228980,25.43999000,349.20060000,1,0,0,0,
	0.76951030,-5.42299200,2.01060000,-0.13010190,25.43999000,349.20060000,1,0,0,0,
	0.77376290,-5.42299200,2.01060000,-0.13010190,25.51999000,349.12060000,1,0,0,0,
	0.78117530,-5.42299200,2.01060000,-0.13010190,25.59999000,349.04060000,1,0,0,0,
	0.78670460,-5.42299200,2.01060000,-0.13010190,25.67999000,348.88060000,1,0,0,0,
	0.79498470,-5.44701300,2.11480000,0.02208603,25.83999000,348.72060000,1,0,0,0,
	0.79972350,-5.44701300,2.11480000,0.02208603,25.99999000,348.48070000,1,0,0,0,
	0.80470170,-5.44701300,2.11480000,0.02208603,26.07999000,348.40070000,1,0,0,0,
	0.80919480,-5.47103400,2.21260000,0.17427390,26.15998000,348.32070000,1,0,0,0,
	0.81704730,-5.47103400,2.21260000,0.17427390,26.23999000,348.24070000,1,0,1,0,
	0.82340310,-5.47103400,2.21260000,0.17427390,26.31999000,348.08070000,1,0,1,0,
	0.82802900,-5.49505400,2.30400000,0.32646180,26.39999000,348.00070000,1,0,1,0,
	0.83353420,-5.49505400,2.30400000,0.32646180,26.47999000,348.00070000,1,0,1,0,
	0.83709130,-5.49505400,2.30400000,0.32646180,26.47999000,347.92070000,1,0,1,0,
	0.84215150,-5.49505400,2.30400000,0.32646180,26.47999000,347.92070000,1,0,1,0,
	0.84498510,-5.49505400,2.30400000,0.32646180,26.55999000,347.92070000,1,0,1,0,
	0.84973140,-5.51907500,2.38900000,0.47864970,26.55999000,347.92070000,0,0,1,0,
	0.86340490,-5.51907500,2.38900000,0.47864970,26.55999000,347.92070000,0,0,1,0,
	0.88006870,-5.53694900,2.46760000,0.63215030,26.71999000,348.16070000,0,0,1,0,
	0.88667270,-5.53694900,2.46760000,0.63215030,26.87999000,349.44070000,0,0,1,0,
	0.89276980,-5.54931600,2.53980000,0.78664670,26.87999000,350.24070000,0,0,1,0,
	0.90144130,-5.54931600,2.53980000,0.78664670,26.95999000,351.20070000,0,0,1,0,
	0.90626360,-5.54931600,2.53980000,0.78664670,26.95999000,352.72070000,0,0,1,0,
	0.91192100,-5.55225800,2.60560000,0.94236490,27.03999000,353.76070000,0,0,1,0,
	0.92031310,-5.55225800,2.60560000,0.94236490,27.03999000,354.88070000,0,0,1,0,
	0.92488500,-5.55225800,2.60560000,0.94236490,27.03999000,356.80070000,0,0,1,0,
	0.93120800,-5.54414400,2.66500000,1.09875100,27.11999000,357.84070000,0,0,1,0,
	0.93706400,-5.54414400,2.66500000,1.09875100,27.11999000,359.20070000,0,0,1,0,
	0.94270520,-5.54414400,2.66500000,1.09875100,27.11999000,0.48069140,0,0,1,1,
	0.95031930,-5.52883100,2.71800000,1.25516000,27.11999000,1.84066400,0,0,1,1,
	0.95938460,-5.52883100,2.71800000,1.25516000,27.11999000,3.76068500,0,0,1,1,
	0.97325160,-5.51351900,2.76460000,1.41156900,27.11999000,6.08068200,0,0,0,1,
	0.98235010,-5.51351900,2.76460000,1.41156900,27.11999000,9.36067600,0,0,0,1,
	0.98819500,-5.50182600,2.80480000,1.56857500,27.11999000,11.20067000,0,0,0,1,
	0.99411500,-5.50182600,2.80480000,1.56857500,27.11999000,12.32069000,0,0,0,1,
	0.99957500,-5.50182600,2.80480000,1.56857500,27.11999000,13.36068000,0,0,0,1,
	1.00343800,-5.50182600,2.80480000,1.56857500,27.11999000,14.00070000,0,0,0,1,
	1.00845000,-5.49013400,2.83860000,1.72558100,27.11999000,14.56069000,0,0,0,1,
	1.01354100,-5.49013400,2.83860000,1.72558100,27.11999000,15.20071000,0,0,0,1,
	1.01733600,-5.49013400,2.83860000,1.72558100,27.11999000,15.68073000,0,0,0,1,
	1.02244200,-5.49013400,2.83860000,1.72558100,27.11999000,16.00074000,0,0,0,1,
	1.02671200,-5.49013400,2.83860000,1.72558100,27.11999000,16.32075000,0,0,0,1,
	1.03059400,-5.47844100,2.86600000,1.88258600,27.11999000,16.48074000,0,0,0,1,
	1.03412400,-5.47844100,2.86600000,1.88258600,27.11999000,16.56073000,0,0,0,1,
	1.03725000,-5.47844100,2.86600000,1.88258600,27.11999000,16.56073000,0,0,0,1,
	1.04091100,-5.47844100,2.86600000,1.88258600,27.11999000,16.56073000,0,0,0,1,
	1.04404500,-5.47844100,2.86600000,1.88258600,27.11999000,16.56073000,0,0,0,1,
	1.04760600,-5.46674900,2.88700000,2.03959200,27.11999000,16.56073000,0,0,0,1,
	1.05151700,-5.46674900,2.88700000,2.03959200,27.11999000,16.56073000,0,0,0,1,
	1.05621100,-5.46674900,2.88700000,2.03959200,27.11999000,16.56073000,0,0,0,1,
	1.06247100,-5.46674900,2.88700000,2.03959200,27.11999000,16.48074000,0,0,0,1,
	1.07443900,-5.45505600,2.90160000,2.19659800,27.11999000,16.24075000,0,0,0,1,
	1.07945100,-5.45505600,2.90160000,2.19659800,27.27999000,15.44078000,0,0,0,1,
	1.08452200,-5.45505600,2.90160000,2.19659800,27.35999000,14.96075000,0,0,0,1,
	1.08933500,-5.44336400,2.90980000,2.35360300,27.43999000,14.24076000,0,0,0,1,
	1.09377400,-5.44336400,2.90980000,2.35360300,27.51999000,13.52075000,0,0,0,1,
	1.09962900,-5.44336400,2.90980000,2.35360300,27.59999000,12.72077000,0,0,0,1,
	1.10432500,-5.44336400,2.90980000,2.35360300,27.67999000,11.60076000,0,0,0,1,
	1.11236400,-5.43167100,2.91160000,2.51060900,27.75999000,10.56077000,0,0,0,1,
	1.12015400,-5.43167100,2.91160000,2.51060900,27.83999000,8.72077000,0,0,0,1,
	1.12937700,-5.42803700,2.90700000,2.66859000,27.91999000,6.40074400,0,0,0,1,
	1.13527500,-5.42803700,2.90700000,2.66859000,27.99999000,3.60077600,0,0,0,1,
	1.14423300,-5.42803700,2.90700000,2.66859000,28.07999000,1.68075600,0,0,0,1,
	1.15046100,-5.44557800,2.89600000,2.82702800,28.15999000,358.72080000,0,0,0,1,
	1.15767400,-5.44557800,2.89600000,2.82702800,28.23998000,356.72080000,0,0,0,1,
	1.16323500,-5.44557800,2.89600000,2.82702800,28.23999000,354.40080000,0,0,0,1,
	1.16922900,-5.47973300,2.87860000,2.98392400,28.31999000,352.72080000,0,0,0,1,
	1.17455000,-5.47973300,2.87860000,2.98392400,28.31998000,350.72080000,0,0,0,1,
	1.18065300,-5.47973300,2.87860000,2.98392400,28.31999000,349.36080000,0,0,0,1,
	1.18633300,-5.47973300,2.87860000,2.98392400,28.39999000,347.52080000,0,0,0,1,
	1.19187500,-5.53212500,2.85480000,3.13712500,28.39998000,346.08080000,0,0,0,1,
	1.19848700,-5.53212500,2.85480000,3.13712500,28.39999000,344.48080000,0,0,0,1,
	1.20426500,-5.53212500,2.85480000,3.13712500,28.39998000,343.20080000,0,0,0,1,
	1.21557600,-5.59576200,2.82460000,3.28695200,28.39998000,341.92080000,0,0,1,0,
	1.22317200,-5.59576200,2.82460000,3.28695200,28.39998000,339.76080000,0,0,1,0,
	1.22977000,-5.63887400,2.78800000,3.44434600,28.39999000,338.64080000,0,0,1,0,
	1.23684900,-5.63887400,2.78800000,3.44434600,28.39999000,337.92080000,0,0,1,0,
	1.24310900,-5.63887400,2.78800000,3.44434600,28.39998000,337.28080000,0,0,1,0,
	1.24740900,-5.68198500,2.74500000,3.60174100,28.39999000,336.96080000,0,0,1,0,
	1.25107700,-5.68198500,2.74500000,3.60174100,28.39998000,336.88080000,0,0,1,0,
	1.25375500,-5.68198500,2.74500000,3.60174100,28.39998000,336.88080000,0,0,1,0,
	1.25686200,-5.68198500,2.74500000,3.60174100,28.39998000,336.88080000,0,0,1,0,
	1.25962600,-5.68198500,2.74500000,3.60174100,28.39998000,336.88080000,0,0,1,0,
	1.26233000,-5.68198500,2.74500000,3.60174100,28.39998000,336.88080000,0,0,1,0,
	1.26522400,-5.68198500,2.74500000,3.60174100,28.39998000,336.88080000,0,0,1,0,
	1.27004900,-5.72509600,2.69560000,3.75913600,28.39998000,336.88080000,0,0,1,0,
	1.27429200,-5.72509600,2.69560000,3.75913600,28.47999000,336.88080000,0,0,1,0,
	1.27956300,-5.72509600,2.69560000,3.75913600,28.47998000,337.04080000,0,0,1,0,
	1.28528900,-5.72509600,2.69560000,3.75913600,28.47999000,337.28080000,0,0,1,0,
	1.29345200,-5.76820800,2.63980000,3.91653100,28.47999000,337.76080000,0,0,1,0,
	1.29964100,-5.76820800,2.63980000,3.91653100,28.47998000,338.64080000,0,0,1,0,
	1.30653300,-5.76820800,2.63980000,3.91653100,28.47999000,339.36080000,0,0,1,0,
	1.31080300,-5.80917600,2.57760000,4.07468200,28.39998000,340.56080000,0,0,1,0,
	1.31862300,-5.80917600,2.57760000,4.07468200,28.39999000,341.44080000,0,0,1,0,
	1.32401800,-5.80917600,2.57760000,4.07468200,28.31999000,343.04080000,0,0,1,0,
	1.33028400,-5.83923700,2.50900000,4.23611200,28.23998000,344.56080000,0,0,1,0,
	1.33875900,-5.83923700,2.50900000,4.23611200,28.23998000,346.00080000,0,0,1,0,
	1.34593300,-5.83923700,2.50900000,4.23611200,28.15999000,348.24080000,0,0,1,0,
	1.35523600,-5.85336000,2.50180000,4.40081900,28.07998000,350.24080000,0,0,1,0,
	1.36140500,-5.85336000,2.50180000,4.40081900,27.99999000,353.28080000,0,0,1,0,
	1.37035300,-5.85303400,2.50036000,4.56702600,27.91999000,355.28080000,0,0,1,0,
	1.37750900,-5.85303400,2.50036000,4.56702600,27.83999000,358.16080000,0,0,1,0,
	1.38321100,-5.85303400,2.50036000,4.56702600,27.75998000,0.56079580,0,0,1,0,
	1.38898100,-5.83158900,2.61096000,4.73317200,27.67999000,2.56078400,0,0,1,0,
	1.39358300,-5.83158900,2.61096000,4.73317200,27.67999000,4.48080600,0,0,1,0,
	1.40090300,-5.83158900,2.61096000,4.73317200,27.59999000,6.08081800,0,0,1,0,
	1.40755600,-5.79295400,2.71516000,4.89734800,27.43999000,8.48081000,0,0,1,0,
	1.41426800,-5.79295400,2.71516000,4.89734800,27.35999000,10.48080000,0,0,1,0,
	1.42456600,-5.79295400,2.71516000,4.89734800,27.27999000,12.40082000,0,0,1,1,
	1.43332000,-5.74302200,2.81296000,5.05924200,27.19999000,14.80081000,0,0,1,1,
	1.43942100,-5.74302200,2.81296000,5.05924200,27.19999000,16.80080000,0,0,1,1,
	1.44557000,-5.74302200,2.81296000,5.05924200,27.11999000,17.92081000,0,0,1,1,
	1.45275800,-5.69309100,2.90436000,5.22113600,27.11999000,18.88078000,0,0,0,1,
	1.46064000,-5.69309100,2.90436000,5.22113600,27.11999000,20.00080000,0,0,0,1,
	1.46657700,-5.69309100,2.90436000,5.22113600,27.11999000,20.96079000,0,0,0,1,
	1.47306800,-5.64837200,2.98936000,5.38492700,27.11999000,21.44080000,0,0,0,1,
	1.47774000,-5.64837200,2.98936000,5.38492700,27.11999000,21.92079000,0,0,0,1,
	1.48283700,-5.64837200,2.98936000,5.38492700,27.11998000,22.16080000,0,0,0,1,
	1.48829300,-5.60365200,3.06796000,5.54871800,27.11999000,22.32080000,0,0,0,1,
	1.49317500,-5.60365200,3.06796000,5.54871800,27.11999000,22.48081000,0,0,0,1,
	1.49614200,-5.60365200,3.06796000,5.54871800,27.11999000,22.56078000,0,0,0,1,
	1.49939300,-5.60365200,3.06796000,5.54871800,27.11999000,22.56078000,0,0,0,1,
	1.50241700,-5.60365200,3.06796000,5.54871800,27.11999000,22.56078000,0,0,0,1,
	1.50554500,-5.60365200,3.06796000,5.54871800,27.11999000,22.56078000,0,0,0,1,
	1.50883700,-5.55893300,3.14016000,5.71251000,27.11999000,22.56078000,0,0,0,1,
	1.51206800,-5.55893300,3.14016000,5.71251000,27.11999000,22.56078000,0,0,0,1,
	1.51560700,-5.55893300,3.14016000,5.71251000,27.11999000,22.56078000,0,0,0,1,
	1.51886200,-5.55893300,3.14016000,5.71251000,27.11999000,22.56078000,0,0,0,1,
	1.52224800,-5.55893300,3.14016000,5.71251000,27.11999000,22.56078000,0,0,0,1,
	1.52504200,-5.55893300,3.14016000,5.71251000,27.11999000,22.56078000,0,0,0,1,
	1.52795000,-5.51421400,3.20596000,5.87630100,27.11999000,22.56078000,0,0,0,1,
	1.53119800,-5.51421400,3.20596000,5.87630100,27.11999000,22.56078000,0,0,0,1,
	1.53454600,-5.51421400,3.20596000,5.87630100,27.11999000,22.56078000,0,0,0,1,
	1.53871600,-5.51421400,3.20596000,5.87630100,27.11999000,22.56078000,0,0,0,1,
	1.54209800,-5.51421400,3.20596000,5.87630100,27.11999000,22.48081000,0,0,0,1,
	1.54674400,-5.51421400,3.20596000,5.87630100,27.11999000,22.48081000,0,0,0,1,
	1.55217900,-5.46949500,3.26536000,6.04009200,27.11999000,22.40082000,0,0,0,1,
	1.55767200,-5.46949500,3.26536000,6.04009200,27.11999000,22.24080000,0,0,0,1,
	1.56347200,-5.46949500,3.26536000,6.04009200,27.11999000,22.08081000,0,0,0,1,
	1.56907100,-5.42477600,3.31836000,6.20388300,27.11999000,21.84082000,0,0,0,1,
	1.57756700,-5.42477600,3.31836000,6.20388300,27.11999000,21.60084000,0,0,0,1,
	1.58377300,-5.42477600,3.31836000,6.20388300,27.03999000,21.20084000,0,0,0,1,
	1.59017400,-5.38005600,3.36496000,6.36767400,27.03999000,20.88083000,0,0,0,1,
	1.60459100,-5.38005600,3.36496000,6.36767400,27.03999000,20.40080000,0,0,0,1,
	1.61254200,-5.33734500,3.40516000,6.53216800,27.03999000,19.28081000,0,0,0,1,
	1.62033400,-5.33734500,3.40516000,6.53216800,26.95999000,18.48083000,0,0,0,1,
	1.62630400,-5.33734500,3.40516000,6.53216800,26.95999000,17.60084000,0,0,0,1,
	1.63241100,-5.30117600,3.43896000,6.69875200,26.87999000,16.96082000,0,0,0,1,
	1.63966800,-5.30117600,3.43896000,6.69875200,26.87998000,16.16081000,0,0,0,1,
	1.65097900,-5.26957800,3.46636000,6.86662700,26.79999000,15.36083000,0,0,0,1,
	1.65697000,-5.26957800,3.46636000,6.86662700,26.71999000,13.52083000,0,0,0,1,
	1.66131700,-5.26957800,3.46636000,6.86662700,26.71999000,12.72086000,0,0,0,1,
	1.66532300,-5.26957800,3.46636000,6.86662700,26.71999000,12.08084000,0,0,0,1,
	1.67114700,-5.24913000,3.48736000,7.03704000,26.63999000,11.52085000,0,0,0,1,
	1.67648900,-5.24913000,3.48736000,7.03704000,26.63999000,10.40086000,0,0,0,1,
	1.68208800,-5.24913000,3.48736000,7.03704000,26.63999000,9.60085100,0,0,0,1,
	1.68753400,-5.23788900,3.50196000,7.20898100,26.55999000,8.40084300,0,0,0,1,
	1.69241100,-5.23788900,3.50196000,7.20898100,26.47999000,7.52084100,0,0,0,1,
	1.69853000,-5.23788900,3.50196000,7.20898100,26.39998000,6.64083900,0,0,0,1,
	1.70391700,-5.23788900,3.50196000,7.20898100,26.31999000,5.44082900,0,0,0,1,
	1.70957800,-5.23884400,3.51016000,7.38216900,26.23999000,4.32081500,0,0,0,1,
	1.71652700,-5.23884400,3.51016000,7.38216900,26.15999000,3.36084600,0,0,0,1,
	1.72312900,-5.23884400,3.51016000,7.38216900,26.07999000,1.84085500,0,0,0,1,
	1.73021300,-5.25187300,3.51196000,7.55570000,25.91999000,0.32086500,0,0,0,1,
	1.73733100,-5.25187300,3.51196000,7.55570000,25.83999000,359.04090000,0,0,0,1,
	1.74339400,-5.25187300,3.51196000,7.55570000,25.75998000,357.52090000,0,0,0,1,
	1.74923000,-5.27751300,3.50736000,7.72868900,25.67999000,356.16090000,0,0,0,1,
	1.75558300,-5.27751300,3.50736000,7.72868900,25.59999000,355.12090000,0,0,0,1,
	1.76314700,-5.27751300,3.50736000,7.72868900,25.51999000,353.76090000,0,0,0,1,
	1.76860000,-5.31527000,3.49636000,7.90029200,25.43999000,352.16090000,0,0,0,1,
	1.77553700,-5.31527000,3.49636000,7.90029200,25.43999000,351.12090000,0,0,0,1,
	1.78164400,-5.31527000,3.49636000,7.90029200,25.35999000,349.84090000,0,0,0,1,
	1.78813400,-5.36412000,3.47896000,8.06988000,25.35999000,348.48090000,0,0,0,1,
	1.79426300,-5.36412000,3.47896000,8.06988000,25.27999000,347.20090000,0,0,0,1,
	1.80325200,-5.36412000,3.47896000,8.06988000,25.27999000,345.84090000,0,0,0,1,
	1.80971800,-5.42678800,3.45516000,8.23585500,25.19999000,343.84090000,0,0,0,1,
	1.81860400,-5.42678800,3.45516000,8.23585500,25.19999000,342.56090000,0,0,0,1,
	1.82419200,-5.42678800,3.45516000,8.23585500,25.19999000,340.56090000,0,0,0,1,
	1.83519000,-5.50277800,3.42496000,8.39718200,25.11999000,339.28090000,0,0,0,1,
	1.84201100,-5.50277800,3.42496000,8.39718200,25.11999000,336.64090000,0,0,0,1,
	1.84874300,-5.59192700,3.38836000,8.55258800,25.03999000,334.64090000,0,0,0,1,
	1.85555800,-5.59192700,3.38836000,8.55258800,25.03999000,333.28090000,0,0,0,1,
	1.86154300,-5.59192700,3.38836000,8.55258800,24.95999000,331.28090000,0,0,0,1,
	1.86733400,-5.69510000,3.34536000,8.70028500,24.95999000,329.52090000,0,0,0,1,
	1.87237400,-5.69510000,3.34536000,8.70028500,24.87999000,327.92090000,0,0,0,1,
	1.87959400,-5.69510000,3.34536000,8.70028500,24.79999000,326.32090000,0,0,0,1,
	1.88527100,-5.69510000,3.34536000,8.70028500,24.71999000,324.40090000,0,0,0,1,
	1.89164400,-5.81604400,3.29596000,8.83563600,24.71999000,322.64090000,0,0,0,1,
	1.89923500,-5.81604400,3.29596000,8.83563600,24.63999000,320.96090000,0,0,0,1,
	1.90592700,-5.81604400,3.29596000,8.83563600,24.55999000,318.72090000,0,0,0,1,
	1.91242400,-5.95107100,3.40656000,8.95860700,24.47999000,316.72090000,0,0,0,1,
	1.91959000,-5.95107100,3.40656000,8.95860700,24.47999000,315.04090000,0,0,0,1,
	1.92564500,-5.95107100,3.40656000,8.95860700,24.39999000,312.96090000,0,0,0,1,
	1.93153800,-6.09777500,3.51076000,9.06911300,24.39999000,311.36090000,0,0,0,1,
	1.93764100,-6.09777500,3.51076000,9.06911300,24.39999000,309.68090000,0,0,0,1,
	1.94456900,-6.09777500,3.51076000,9.06911300,24.39999000,308.08090000,0,0,0,1,
	1.94953500,-6.25442200,3.60856000,9.16689300,24.39999000,306.32090000,0,0,0,1,
	1.96109200,-6.25442200,3.60856000,9.16689300,24.39999000,305.04090000,0,0,0,1,
	1.96646800,-6.25442200,3.60856000,9.16689300,24.39999000,302.08090000,0,0,0,1,
	1.97652600,-6.42010000,3.69996000,9.25056600,24.39999000,301.12090000,0,0,0,1,
	1.98831500,-6.58939400,3.78496000,9.32766200,24.39999000,298.80090000,0,0,0,1,
	1.99609900,-6.58939400,3.78496000,9.32766200,24.31999000,296.24090000,0,0,0,1,
	2.00232100,-6.58939400,3.78496000,9.32766200,24.31999000,294.72090000,0,0,0,1,
	2.02352300,-6.76578000,3.86355900,9.38973300,24.31999000,293.68090000,0,0,1,0,
	2.03202700,-6.93555700,3.93576000,9.46920500,24.31999000,290.80090000,0,0,1,0,
	2.03643700,-6.93555700,3.93576000,9.46920500,24.31999000,290.00090000,0,0,1,0,
	2.04085000,-6.93555700,3.93576000,9.46920500,24.31999000,289.76090000,0,0,1,0,
	2.04521000,-6.93555700,3.93576000,9.46920500,24.31999000,289.60090000,0,0,1,0,
	2.04918400,-7.10533300,4.00156000,9.54867600,24.31999000,289.52090000,0,0,1,0,
	2.05266600,-7.10533300,4.00156000,9.54867600,24.31999000,289.52090000,0,0,1,0,
	2.05573400,-7.10533300,4.00156000,9.54867600,24.31999000,289.52090000,0,0,1,0,
	2.05867600,-7.10533300,4.00156000,9.54867600,24.31999000,289.52090000,0,0,1,0,
	2.06185200,-7.10533300,4.00156000,9.54867600,24.31999000,289.52090000,0,0,1,0,
	2.06639900,-7.10533300,4.00156000,9.54867600,24.31999000,289.52090000,0,0,1,0,
	2.07040600,-7.27511000,4.06096000,9.62814800,24.31999000,289.52090000,0,0,1,0,
	2.07370600,-7.27511000,4.06096000,9.62814800,24.31999000,289.52090000,0,0,1,0,
	2.07713000,-7.27511000,4.06096000,9.62814800,24.31999000,289.52090000,0,0,1,0,
	2.08254500,-7.27511000,4.06096000,9.62814800,24.31999000,289.52090000,0,0,1,0,
	2.08672700,-7.27511000,4.06096000,9.62814800,24.31999000,289.68090000,0,0,1,0,
	2.09688400,-7.44488600,4.11396000,9.70762000,24.31999000,289.84090000,0,0,1,0,
	2.10658900,-7.44488600,4.11396000,9.70762000,24.39999000,290.32100000,0,0,1,0,
	2.11653500,-7.61438100,4.16056000,9.78782200,24.55999000,291.04100000,0,0,1,0,
	2.12750300,-7.78290500,4.20075900,9.87044900,24.55999000,291.84090000,0,0,1,0,
	2.13351600,-7.78290500,4.20075900,9.87044900,24.71999000,293.04100000,0,0,1,0,
	2.14123700,-7.78290500,4.20075900,9.87044900,24.79999000,293.76100000,0,0,1,0,
	2.14833200,-7.94774200,4.23456000,9.96146200,24.87999000,294.64090000,0,0,1,0,
	2.15848700,-7.94774200,4.23456000,9.96146200,24.95999000,295.52100000,0,0,1,0,
	2.16857100,-8.10956400,4.26196000,10.05860000,25.11999000,296.72100000,0,0,1,0,
	2.17529900,-8.10956400,4.26196000,10.05860000,25.27999000,298.32100000,0,0,1,0,
	2.18379500,-8.10956400,4.26196000,10.05860000,25.43999000,299.52100000,0,0,1,0,
	2.19051600,-8.26435900,4.28295900,10.16810000,25.59999000,301.04100000,0,0,1,0,
	2.19636800,-8.26435900,4.28295900,10.16810000,25.67999000,302.08100000,0,0,1,0,
	2.20293000,-8.26435900,4.28295900,10.16810000,25.75998000,303.12100000,0,0,1,0,
	2.20956000,-8.41305600,4.29755900,10.28689000,25.91999000,304.40100000,0,0,1,0,
	2.22006100,-8.41305600,4.29755900,10.28689000,25.99999000,305.76100000,0,0,1,0,
	2.22547300,-8.41305600,4.29755900,10.28689000,26.15998000,307.92100000,0,0,1,0,
	2.23095500,-8.55253500,4.30575900,10.41768000,26.23999000,308.96100000,0,0,1,0,
	2.23698400,-8.55253500,4.30575900,10.41768000,26.31999000,310.08100000,0,0,1,0,
	2.24173600,-8.55253500,4.30575900,10.41768000,26.39999000,311.20100000,0,0,1,0,
	2.24797000,-8.68463400,4.30755900,10.55690000,26.47999000,312.32100000,0,0,1,0,
	2.25753600,-8.68463400,4.30755900,10.55690000,26.47999000,313.36100000,0,0,1,0,
	2.26233300,-8.68463400,4.30755900,10.55690000,26.63999000,314.96100000,0,0,1,0,
	2.26834300,-8.80844500,4.30295900,10.70450000,26.71999000,315.84100000,0,0,1,0,
	2.27541900,-8.80844500,4.30295900,10.70450000,26.79999000,316.88100000,0,0,1,0,
	2.28223900,-8.80844500,4.30295900,10.70450000,26.87999000,317.92100000,0,0,1,0,
	2.28624900,-8.80844500,4.30295900,10.70450000,26.95999000,318.88100000,0,0,1,0,
	2.29106300,-8.92283700,4.29195900,10.86052000,27.03999000,319.60100000,0,0,1,0,
	2.29548600,-8.92283700,4.29195900,10.86052000,27.03999000,320.24100000,0,0,1,0,
	2.30059800,-8.92283700,4.29195900,10.86052000,27.11999000,320.80100000,0,0,1,0,
	2.30661400,-8.92283700,4.29195900,10.86052000,27.19999000,321.44100000,0,0,1,0,
	2.31318300,-9.03050000,4.27455900,11.02194000,27.19999000,322.16100000,0,0,1,0,
	2.32006700,-9.03050000,4.27455900,11.02194000,27.35999000,323.04100000,0,0,1,0,
	2.32553300,-9.03050000,4.27455900,11.02194000,27.35999000,323.76100000,0,0,1,0,
	2.33053800,-9.13228300,4.25076000,11.18770000,27.43999000,324.32100000,0,0,1,0,
	2.34353600,-9.13228300,4.25076000,11.18770000,27.43999000,324.80100000,0,0,1,0,
	2.35028100,-9.22936400,4.22056000,11.35668000,27.59999000,326.00110000,0,0,1,0,
	2.35534400,-9.22936400,4.22056000,11.35668000,27.59999000,326.64110000,0,0,1,0,
	2.36374200,-9.22936400,4.22056000,11.35668000,27.67999000,327.04110000,0,0,1,0,
	2.36832400,-9.32165400,4.18395900,11.52874000,27.67999000,327.68110000,0,0,1,0,
	2.37471800,-9.32165400,4.18395900,11.52874000,27.67999000,328.08110000,0,0,1,0,
	2.38148800,-9.32165400,4.18395900,11.52874000,27.75998000,328.56110000,0,0,1,0,
	2.38726100,-9.40976000,4.14095900,11.70336000,27.75999000,329.12110000,0,0,1,0,
	2.39449200,-9.40976000,4.14095900,11.70336000,27.75999000,329.60110000,0,0,1,0,
	2.39951200,-9.40976000,4.14095900,11.70336000,27.83999000,330.16110000,0,0,1,0,
	2.40540100,-9.40976000,4.14095900,11.70336000,27.83999000,330.64110000,0,0,1,0,
	2.41192700,-9.49194000,4.09155900,11.88135000,27.83999000,331.12110000,0,0,1,0,
	2.41965600,-9.49194000,4.09155900,11.88135000,27.91999000,331.84110000,0,0,1,0,
	2.42558200,-9.49194000,4.09155900,11.88135000,27.91999000,332.48110000,0,0,1,0,
	2.43241000,-9.56830700,4.03575900,12.06237000,27.91999000,333.04110000,0,0,1,0,
	2.43871000,-9.56830700,4.03575900,12.06237000,27.99999000,333.68120000,0,0,1,0,
	2.44441300,-9.56830700,4.03575900,12.06237000,27.99999000,334.40120000,0,0,1,0,
	2.45316500,-9.63824800,3.97355900,12.24647000,27.99999000,335.12120000,0,0,1,0,
	2.46558000,-9.63824800,3.97355900,12.24647000,27.99999000,336.08110000,0,0,1,0,
	2.47047700,-9.70035300,3.90495900,12.43390000,28.07999000,337.60110000,0,0,1,0,
	2.47633500,-9.70035300,3.90495900,12.43390000,28.07999000,338.24110000,0,0,1,0,
	2.48062000,-9.70035300,3.90495900,12.43390000,28.07999000,339.20110000,0,0,1,0,
	2.48658200,-9.70035300,3.90495900,12.43390000,28.07998000,339.84120000,0,0,1,0,
	2.49322000,-9.75239100,3.90099200,12.62507000,28.07998000,340.72110000,0,0,1,0,
	2.49916700,-9.75239100,3.90099200,12.62507000,28.15999000,341.92120000,0,0,1,0,
	2.50428100,-9.75239100,3.90099200,12.62507000,28.15998000,342.96120000,0,0,1,0,
	2.51027400,-9.79439800,4.01159200,12.81936000,28.15998000,343.76110000,0,0,1,0,
	2.51757800,-9.79439800,4.01159200,12.81936000,28.23999000,345.04120000,0,0,1,0,
	2.52442700,-9.79439800,4.01159200,12.81936000,28.23999000,346.40120000,0,0,1,0,
	2.53321400,-9.82210400,4.11579200,13.01706000,28.31999000,348.00110000,0,0,1,0,
	2.53942700,-9.82210400,4.11579200,13.01706000,28.39998000,350.08110000,0,0,1,0,
	2.54518100,-9.82210400,4.11579200,13.01706000,28.39999000,351.68120000,0,0,1,0,
	2.55150900,-9.83105900,4.21359200,13.21751000,28.47999000,353.44120000,0,0,1,0,
	2.56232600,-9.83105900,4.21359200,13.21751000,28.47999000,354.96120000,0,0,1,0,
	2.57074000,-9.82210800,4.30499200,13.41874000,28.55999000,358.56120000,0,0,1,0,
	2.57801200,-9.82210800,4.30499200,13.41874000,28.63999000,1.20116700,0,0,1,0,
	2.58437900,-9.82210800,4.30499200,13.41874000,28.63998000,3.84117200,0,0,1,0,
	2.59213100,-9.78704500,4.38999200,13.61836000,28.63999000,6.00117800,0,0,1,0,
	2.59849200,-9.78704500,4.38999200,13.61836000,28.71998000,8.88119500,0,0,1,0,
	2.60347200,-9.78704500,4.38999200,13.61836000,28.71998000,11.28119000,0,0,1,0,
	2.60850000,-9.72668900,4.46859200,13.81312000,28.71999000,13.28118000,0,0,1,0,
	2.61782100,-9.72668900,4.46859200,13.81312000,28.71998000,15.20120000,0,0,1,0,
	2.62535800,-9.72668900,4.46859200,13.81312000,28.71999000,18.80120000,0,0,1,0,
	2.62934500,-9.63676100,4.54079200,13.99756000,28.79998000,22.08119000,0,0,1,0,
	2.63505300,-9.63676100,4.54079200,13.99756000,28.79998000,23.84122000,0,0,1,0,
	2.64257000,-9.63676100,4.54079200,13.99756000,28.79998000,26.32124000,0,0,1,0,
	2.64951100,-9.52359700,4.60659200,14.17016000,28.79999000,29.36125000,0,0,1,0,
	2.65661000,-9.52359700,4.60659200,14.17016000,28.79999000,32.40126000,0,0,1,0,
	2.66753700,-9.39271700,4.66599200,14.33089000,28.87998000,35.28124000,0,0,1,0,
	2.67252300,-9.39271700,4.66599200,14.33089000,28.95999000,40.16125000,0,0,1,0,
	2.67953500,-9.39271700,4.66599200,14.33089000,28.95999000,42.32125000,0,0,1,0,
	2.68424700,-9.39271700,4.66599200,14.33089000,28.95999000,45.44126000,0,0,1,0,
	2.69029800,-9.22933200,4.71899200,14.46112000,29.03998000,47.60127000,0,0,1,0,
	2.69442800,-9.22933200,4.71899200,14.46112000,29.03998000,50.08125000,0,0,1,0,
	2.70301600,-9.22933200,4.71899200,14.46112000,29.03998000,51.84129000,0,0,1,0,
	2.70852400,-9.04811700,4.76559200,14.56752000,29.11998000,55.76129000,0,0,1,0,
	2.71547200,-9.04811700,4.76559200,14.56752000,29.11998000,58.00126000,0,0,1,0,
	2.71939900,-9.04811700,4.76559200,14.56752000,29.11998000,61.04127000,0,0,1,0,
	2.72498300,-9.04811700,4.76559200,14.56752000,29.19998000,62.72128000,0,0,1,0,
	2.73127700,-8.85026400,4.80579100,14.64286000,29.19999000,65.36129000,0,0,1,0,
	2.73589700,-8.85026400,4.80579100,14.64286000,29.19999000,67.84131000,0,0,1,0,
	2.74135600,-8.85026400,4.80579100,14.64286000,29.27999000,69.60131000,0,0,1,0,
	2.74693900,-8.64370700,4.83959200,14.69431000,29.27998000,72.24133000,0,0,1,0,
	2.75254900,-8.64370700,4.83959200,14.69431000,29.35999000,74.64133000,0,0,1,0,
	2.75674400,-8.64370700,4.83959200,14.69431000,29.35999000,76.88131000,0,0,1,0,
	2.76356800,-8.64370700,4.83959200,14.69431000,29.35999000,78.56132000,0,0,1,0,
	2.76952400,-8.43006200,4.86699200,14.71231000,29.43999000,81.44130000,0,0,1,0,
	2.77512700,-8.43006200,4.86699200,14.71231000,29.51999000,83.84129000,0,0,1,0,
	2.78260300,-8.43006200,4.86699200,14.71231000,29.51998000,86.32130000,0,0,1,0,
	2.78748500,-8.21469800,4.88799100,14.70161000,29.59999000,89.12131000,0,0,1,0,
	2.79510100,-8.21469800,4.88799100,14.70161000,29.59999000,91.12129000,0,0,1,0,
	2.80300600,-8.21469800,4.88799100,14.70161000,29.67999000,94.00131000,0,0,1,0,
	2.80976400,-8.00164300,4.90259100,14.66119000,29.83999000,97.04131000,0,0,1,0,
	2.81664300,-8.00164300,4.90259100,14.66119000,29.91998000,99.52131000,0,0,1,0,
	2.82470800,-8.00164300,4.90259100,14.66119000,29.99998000,101.68130000,0,0,1,0,
	2.83048400,-7.79427400,4.91079100,14.59380000,30.07999000,104.32140000,0,0,1,0,
	2.83833400,-7.79427400,4.91079100,14.59380000,30.15998000,106.24130000,0,0,1,0,
	2.84561100,-7.79427400,4.91079100,14.59380000,30.23998000,108.72140000,0,0,1,0,
	2.85418600,-7.59491400,4.91259100,14.50276000,30.39998000,110.88140000,0,0,1,0,
	2.86119400,-7.59491400,4.91259100,14.50276000,30.47999000,113.52140000,0,0,1,0,
	2.87032600,-7.40259800,4.90799100,14.39611000,30.55998000,115.36140000,0,0,1,0,
	2.88756400,-7.21534900,4.89699100,14.27999000,30.63998000,118.16140000,0,0,1,0,
	2.90060500,-7.21534900,4.89699100,14.27999000,30.87999000,122.80140000,0,0,1,0,
	2.90632600,-7.21534900,4.89699100,14.27999000,30.95998000,126.56140000,0,0,1,0,
	2.91212700,-7.04999900,4.87959100,14.13264000,31.03999000,128.08140000,0,0,1,0,
	2.91905000,-7.04999900,4.87959100,14.13264000,31.11998000,129.84140000,0,0,1,0,
	2.92446800,-7.04999900,4.87959100,14.13264000,31.19998000,131.84140000,0,0,1,0,
	2.93379600,-6.89776700,4.85579200,13.97047000,31.19998000,133.20140000,0,0,1,0,
	2.94065800,-6.89776700,4.85579200,13.97047000,31.27999000,135.28140000,0,0,1,0,
	2.94796300,-6.75673800,4.82559200,13.79756000,31.35998000,137.20140000,0,0,1,0,
	2.95424400,-6.75673800,4.82559200,13.79756000,31.43999000,139.04140000,0,0,1,0,
	2.96303100,-6.75673800,4.82559200,13.79756000,31.51998000,140.16140000,0,0,1,0,
	2.96911900,-6.63011800,4.78899100,13.61275000,31.51998000,142.00140000,0,0,1,0,
	2.97538200,-6.63011800,4.78899100,13.61275000,31.59998000,143.12140000,0,0,1,0,
	2.98772700,-6.51003500,4.74599100,13.42311000,31.59998000,144.08130000,0,0,1,0,
	2.99853600,-6.51003500,4.74599100,13.42311000,31.67998000,145.92140000,0,0,1,0,
	3.00458300,-6.51003500,4.74599100,13.42311000,31.75999000,147.36140000,0,0,1,0,
	3.01165200,-6.40333300,4.69659100,13.22473000,31.75998000,148.16130000,0,0,1,0,
	3.01754100,-6.40333300,4.69659100,13.22473000,31.83999000,148.80130000,0,0,1,0,
	3.02785800,-6.30040000,4.80719100,13.02410000,31.83998000,149.28140000,0,0,1,1,
	3.03409200,-6.30040000,4.80719100,13.02410000,31.91998000,149.84140000,0,0,1,1,
	3.03801000,-6.30040000,4.80719100,13.02410000,31.91998000,149.92140000,0,0,1,1,
	3.04066400,-6.30040000,4.80719100,13.02410000,31.91998000,150.00130000,0,0,1,1,
	3.04420800,-6.30040000,4.80719100,13.02410000,31.91998000,150.00130000,0,0,1,1,
	3.04773200,-6.19746700,4.91139100,12.82346000,31.91998000,150.00130000,0,0,0,1,
	3.05476300,-6.19746700,4.91139100,12.82346000,31.91998000,150.00130000,0,0,0,1,
	3.05982000,-6.19746700,4.91139100,12.82346000,31.91998000,149.92140000,0,0,0,1,
	3.07392200,-6.07193900,5.00919100,12.63591000,31.99999000,149.76130000,0,0,0,1,
	3.08318700,-6.07193900,5.00919100,12.63591000,32.07999000,148.96140000,0,0,0,1,
	3.08926000,-5.94024600,5.10059100,12.45216000,32.07999000,147.92130000,0,0,0,1,
	3.09510000,-5.94024600,5.10059100,12.45216000,32.15999000,147.12140000,0,0,0,1,
	3.10035100,-5.94024600,5.10059100,12.45216000,32.15998000,146.16140000,0,0,0,1,
	3.10515400,-5.94024600,5.10059100,12.45216000,32.23998000,145.28140000,0,0,0,1,
	3.11035500,-5.79632100,5.18559100,12.27680000,32.23999000,144.16140000,0,0,0,1,
	3.11630000,-5.79632100,5.18559100,12.27680000,32.31999000,142.88140000,0,0,0,1,
	3.12444900,-5.79632100,5.18559100,12.27680000,32.31999000,141.28140000,0,0,0,1,
	3.13159800,-5.63624800,5.26419100,12.11472000,32.39999000,138.88140000,0,0,0,1,
	3.13838100,-5.63624800,5.26419100,12.11472000,32.39999000,136.72140000,0,0,0,1,
	3.14356700,-5.63624800,5.26419100,12.11472000,32.39999000,134.08140000,0,0,0,1,
	3.15070300,-5.45727800,5.33639100,11.97197000,32.39999000,132.08140000,0,0,0,1,
	3.15748100,-5.45727800,5.33639100,11.97197000,32.39999000,129.44140000,0,0,0,1,
	3.16299900,-5.45727800,5.33639100,11.97197000,32.39999000,126.56130000,0,0,0,1,
	3.16839300,-5.25935300,5.40219100,11.85458000,32.48000000,124.16130000,0,0,0,1,
	3.17753400,-5.25935300,5.40219100,11.85458000,32.48000000,121.92140000,0,0,0,1,
	3.18546300,-5.25935300,5.40219100,11.85458000,32.48000000,118.00130000,0,0,0,1,
	3.19469200,-5.04351600,5.46159100,11.77133000,32.48000000,114.56130000,0,0,0,1,
	3.20114900,-5.04351600,5.46159100,11.77133000,32.56000000,110.56140000,0,0,0,1,
	3.20755900,-4.81823000,5.51459100,11.71523000,32.56000000,107.44130000,0,0,0,1,
	3.21685100,-4.81823000,5.51459100,11.71523000,32.56000000,104.64140000,0,0,0,1,
	3.22629600,-4.81823000,5.51459100,11.71523000,32.56000000,100.48140000,0,0,0,1,
	3.23254200,-4.58508900,5.56119100,11.70545000,32.56000000,95.84133000,0,0,0,1,
	3.24023300,-4.58508900,5.56119100,11.70545000,32.56000000,92.96134000,0,0,0,1,
	3.24713400,-4.35160000,5.60139100,11.72275000,32.56000000,89.04131000,0,0,0,1,
	3.25340900,-4.35160000,5.60139100,11.72275000,32.48000000,85.76131000,0,0,0,1,
	3.26047300,-4.35160000,5.60139100,11.72275000,32.32000000,82.72131000,0,0,0,1,
	3.26450400,-4.35160000,5.60139100,11.72275000,32.23999000,79.36132000,0,0,0,1,
	3.26953100,-4.12499100,5.63519100,11.78758000,32.15998000,77.44132000,0,0,0,1,
	3.27733300,-4.12499100,5.63519100,11.78758000,32.07999000,75.04131000,0,0,0,1,
	3.28332100,-4.12499100,5.63519100,11.78758000,31.83999000,71.12129000,0,0,0,1,
	3.29052400,-3.91041800,5.66259100,11.88782000,31.67999000,68.24130000,0,0,0,1,
	3.29530400,-3.91041800,5.66259100,11.88782000,31.43999000,65.20130000,0,0,0,1,
	3.30212300,-3.91041800,5.66259100,11.88782000,31.27999000,62.96130000,0,0,0,1,
	3.31008900,-3.71182400,5.68359100,12.01902000,31.11999000,59.92128000,0,0,0,1,
	3.31649800,-3.71182400,5.68359100,12.01902000,30.79999000,56.64129000,0,0,0,1,
	3.32261200,-3.71182400,5.68359100,12.01902000,30.63999000,54.48129000,0,0,0,1,
	3.33161500,-3.53207800,5.69819100,12.17679000,30.47999000,52.08130000,0,0,0,1,
	3.34175000,-3.53207800,5.69819100,12.17679000,30.23999000,48.96129000,0,0,0,1,
	3.34750800,-3.37045400,5.70639100,12.35419000,29.99999000,45.68130000,0,0,0,1,
	3.35331000,-3.37045400,5.70639100,12.35419000,29.83999000,43.68131000,0,0,0,1,
	3.35903200,-3.37045400,5.70639100,12.35419000,29.75999000,42.00130000,0,0,0,1,
	3.36430500,-3.37045400,5.70639100,12.35419000,29.59999000,40.00131000,0,0,0,1,
	3.37028100,-3.23073700,5.70819100,12.55083000,29.51999000,38.72131000,0,0,0,1,
	3.37666100,-3.23073700,5.70819100,12.55083000,29.35999000,36.72132000,0,0,0,1,
	3.38543700,-3.23073700,5.70819100,12.55083000,29.27999000,34.96129000,0,0,0,1,
	3.39319500,-3.11237300,5.70359100,12.76220000,29.03999000,32.56129000,0,0,0,1,
	3.40049900,-3.11237300,5.70359100,12.76220000,28.87999000,30.40129000,0,0,0,1,
	3.40958500,-3.00811200,5.69259100,12.98160000,28.71999000,28.72131000,0,0,0,1,
	3.41663200,-3.00811200,5.69259100,12.98160000,28.55999000,26.48131000,0,0,0,1,
	3.42154300,-3.00811200,5.69259100,12.98160000,28.39999000,24.80132000,0,0,0,1,
	3.42629400,-3.00811200,5.69259100,12.98160000,28.31999000,23.60132000,0,0,0,1,
	3.43110700,-2.92788200,5.67519100,13.21208000,28.23999000,22.48133000,0,0,0,1,
	3.43625900,-2.92788200,5.67519100,13.21208000,28.16000000,21.52134000,0,0,0,1,
	3.44319600,-2.92788200,5.67519100,13.21208000,28.07999000,20.32133000,0,0,0,1,
	3.44838700,-2.86205100,5.65139100,13.44783000,27.91999000,18.88130000,0,0,0,1,
	3.45453600,-2.86205100,5.65139100,13.44783000,27.91999000,17.84131000,0,0,0,1,
	3.46055200,-2.86205100,5.65139100,13.44783000,27.83999000,16.72132000,0,0,0,1,
	3.46955900,-2.80963700,5.62119100,13.68759000,27.67999000,15.60131000,0,0,0,1,
	3.47626900,-2.80963700,5.62119100,13.68759000,27.59999000,13.92133000,0,0,0,1,
	3.48241900,-2.80963700,5.62119100,13.68759000,27.51999000,12.64132000,0,0,0,1,
	3.48843700,-2.77425800,5.58459100,13.93125000,27.43999000,11.52134000,0,0,0,1,
	3.49318800,-2.77425800,5.58459100,13.93125000,27.36000000,10.40132000,0,0,0,1,
	3.50032600,-2.77425800,5.58459100,13.93125000,27.27999000,9.36133000,0,0,0,1,
	3.50648500,-2.77425800,5.58459100,13.93125000,27.19999000,8.08132700,0,0,0,1,
	3.51140700,-2.75825100,5.54159100,14.17786000,27.11999000,6.96133900,0,0,0,1,
	3.52202600,-2.75825100,5.54159100,14.17786000,27.04000000,5.92131900,0,0,0,1,
	3.52748500,-2.75565200,5.49219100,14.42553000,26.95999000,3.84133600,0,0,0,1,
	3.53564000,-2.75565200,5.49219100,14.42553000,26.87999000,2.80131700,0,0,0,1,
	3.54282000,-2.75565200,5.49219100,14.42553000,26.79999000,1.04131300,0,0,0,1,
	3.55739300,-2.77103200,5.43639100,14.67352000,26.71999000,359.68130000,0,0,0,1,
	3.56622000,-2.77103200,5.43639100,14.67352000,26.55999000,356.64130000,0,0,0,1,
	3.57452800,-2.80682700,5.37419100,14.92011000,26.47999000,354.96130000,0,0,0,1,
	3.58473300,-2.80682700,5.37419100,14.92011000,26.39999000,353.36130000,0,0,0,1,
	3.58956700,-2.85641600,5.30559100,15.16489000,26.32000000,351.76130000,0,0,0,1,
	3.59932400,-2.85641600,5.30559100,15.16489000,26.32000000,351.04130000,0,0,0,1,
	3.60349000,-2.85641600,5.30559100,15.16489000,26.31999000,350.00130000,0,0,0,1,
	3.60748100,-2.91459300,5.30111800,15.40821000,26.31999000,349.76130000,0,0,0,1,
	3.61042500,-2.91459300,5.30111800,15.40821000,26.32000000,349.60130000,0,0,0,1,
	3.61368000,-2.91459300,5.30111800,15.40821000,26.32000000,349.60130000,0,0,0,1,
	3.61641000,-2.91459300,5.30111800,15.40821000,26.32000000,349.60130000,0,0,0,1,
	3.61919500,-2.91459300,5.30111800,15.40821000,26.32000000,349.60130000,0,0,0,1,
	3.62298300,-2.91459300,5.30111800,15.40821000,26.32000000,349.60130000,0,0,0,1,
	3.62931600,-2.97345500,5.30022300,15.65141000,26.31999000,349.68130000,0,0,0,1,
	3.64157500,-2.97345500,5.30022300,15.65141000,26.31999000,349.92130000,0,0,1,0,
	3.65176800,-3.00810900,5.41082300,15.89849000,26.31999000,350.88130000,0,0,1,0,
	3.65760900,-3.00810900,5.41082300,15.89849000,26.32000000,352.16130000,0,0,1,0,
	3.66253200,-3.00810900,5.41082300,15.89849000,26.32000000,353.20130000,0,0,1,0,
	3.67149600,-3.02030000,5.51502300,16.14847000,26.32000000,354.00130000,0,0,1,0,
	3.68128800,-3.02030000,5.51502300,16.14847000,26.32000000,355.76130000,0,0,1,0,
	3.68702500,-3.01539800,5.61282300,16.39936000,26.39999000,357.92130000,0,0,1,0,
	3.69470200,-3.01539800,5.61282300,16.39936000,26.39999000,359.12130000,0,0,1,0,
	3.70033000,-3.01539800,5.61282300,16.39936000,26.39999000,0.56131500,0,0,1,0,
	3.70650000,-3.01539800,5.61282300,16.39936000,26.39999000,1.68130200,0,0,1,0,
	3.71191500,-2.98912200,5.70422300,16.64988000,26.47999000,2.80128900,0,0,1,0,
	3.71831400,-2.98912200,5.70422300,16.64988000,26.48000000,3.76128600,0,0,1,0,
	3.72358100,-2.98912200,5.70422300,16.64988000,26.55999000,4.48129700,0,0,1,0,
	3.72829700,-2.95268300,5.78922300,16.89963000,26.55999000,5.12131400,0,0,1,0,
	3.73345600,-2.95268300,5.78922300,16.89963000,26.55999000,5.52128900,0,0,1,0,
	3.73863100,-2.95268300,5.78922300,16.89963000,26.63999000,5.84129800,0,0,1,0,
	3.74274800,-2.95268300,5.78922300,16.89963000,26.63999000,6.08128300,0,0,1,1,
	3.74791100,-2.91204100,5.86782300,17.14896000,26.63999000,6.08128300,0,0,1,1,
	3.75167700,-2.91204100,5.86782300,17.14896000,26.63999000,6.08128300,0,0,1,1,
	3.75456500,-2.91204100,5.86782300,17.14896000,26.63999000,6.08128300,0,0,1,1,
	3.75946200,-2.91204100,5.86782300,17.14896000,26.63999000,6.08128300,0,0,1,1,
	3.76379100,-2.91204100,5.86782300,17.14896000,26.72000000,6.08128300,0,0,1,1,
	3.77034600,-2.87139900,5.94002300,17.39828000,26.72000000,5.92129200,0,0,0,1,
	3.78154300,-2.87139900,5.94002300,17.39828000,26.79999000,5.68130700,0,0,0,1,
	3.78828300,-2.86425300,6.00582300,17.65062000,26.95999000,4.80130500,0,0,0,1,
	3.79452600,-2.86425300,6.00582300,17.65062000,27.11999000,3.92130400,0,0,0,1,
	3.80342400,-2.86425300,6.00582300,17.65062000,27.20000000,3.04127500,0,0,0,1,
	3.80950700,-2.87118600,6.06522300,17.90361000,27.35999000,1.60128000,0,0,0,1,
	3.81804000,-2.87118600,6.06522300,17.90361000,27.43999000,0.32127480,0,0,0,1,
	3.82417200,-2.87118600,6.06522300,17.90361000,27.59999000,358.32130000,0,0,0,1,
	3.82910100,-2.89896000,6.11822300,18.15602000,27.67999000,356.88130000,0,0,0,1,
	3.83645600,-2.89896000,6.11822300,18.15602000,27.75999000,355.60130000,0,0,0,1,
	3.84527100,-2.89896000,6.11822300,18.15602000,27.83999000,353.92130000,0,0,0,1,
	3.85156500,-2.94997600,6.16482300,18.40571000,27.91999000,351.60130000,0,0,0,1,
	3.85758700,-2.94997600,6.16482300,18.40571000,27.91999000,349.92130000,0,0,0,1,
	3.86635700,-2.94997600,6.16482300,18.40571000,28.00000000,348.24130000,0,0,0,1,
	3.87322900,-3.02568800,6.20502300,18.65005000,27.99999000,345.92130000,0,0,0,1,
	3.88079800,-3.02568800,6.20502300,18.65005000,27.99999000,344.32130000,0,0,0,1,
	3.88815300,-3.11543200,6.23882300,18.89023000,27.99999000,342.64130000,0,0,0,1,
	3.89472800,-3.11543200,6.23882300,18.89023000,27.99999000,340.72130000,0,0,0,1,
	3.90050700,-3.11543200,6.23882300,18.89023000,27.99999000,339.36130000,0,0,0,1,
	3.90616200,-3.11543200,6.23882300,18.89023000,27.91999000,338.08130000,0,0,0,1,
	3.91411300,-3.22924800,6.26622300,19.12117000,27.83999000,336.88130000,0,0,0,1,
	3.92013500,-3.22924800,6.26622300,19.12117000,27.75999000,335.44130000,0,0,0,1,
	3.92716100,-3.35315900,6.28722300,19.34740000,27.67999000,334.40130000,0,0,0,1,
	3.93177800,-3.35315900,6.28722300,19.34740000,27.51999000,333.44130000,0,0,0,1,
	3.93548700,-3.35315900,6.28722300,19.34740000,27.43999000,332.88130000,0,0,0,1,
	3.94046700,-3.35315900,6.28722300,19.34740000,27.35999000,332.56130000,0,0,0,1,
	3.94524200,-3.35315900,6.28722300,19.34740000,27.35999000,332.08130000,0,0,0,1,
	3.94966400,-3.48763300,6.30182300,19.56820000,27.27999000,331.76130000,0,0,0,1,
	3.95586400,-3.48763300,6.30182300,19.56820000,27.20000000,331.44130000,0,0,0,1,
	3.96063400,-3.48763300,6.30182300,19.56820000,27.11999000,331.20130000,0,0,0,1,
	3.96486300,-3.48763300,6.30182300,19.56820000,27.11999000,331.12130000,0,0,0,1,
	3.96825300,-3.62463700,6.31002300,19.78761000,27.04000000,331.12130000,0,0,0,1,
	3.97162500,-3.62463700,6.31002300,19.78761000,27.04000000,331.12130000,0,0,0,1,
	3.97492600,-3.62463700,6.31002300,19.78761000,27.04000000,331.12130000,0,0,0,1,
	3.97763200,-3.62463700,6.31002300,19.78761000,27.04000000,331.12130000,0,0,0,1,
	3.98041700,-3.62463700,6.31002300,19.78761000,27.04000000,331.12130000,0,0,0,1,
	3.98391700,-3.62463700,6.31002300,19.78761000,27.04000000,331.12130000,0,0,0,1,
	3.98878100,-3.76164100,6.31182300,20.00702000,27.04000000,331.12130000,0,0,0,1,
	3.99452200,-3.76164100,6.31182300,20.00702000,26.95999000,331.12130000,0,0,0,1,
	4.00354100,-3.76164100,6.31182300,20.00702000,26.95999000,331.20130000,0,0,1,0,
	4.01017900,-3.88282500,6.30722300,20.23510000,26.88000000,331.28130000,0,0,1,0,
	4.01739300,-3.88282500,6.30722300,20.23510000,26.79999000,331.44130000,0,0,1,0,
	4.02199000,-3.88282500,6.30722300,20.23510000,26.71999000,331.60130000,0,0,1,0,
	4.02590600,-3.88282500,6.30722300,20.23510000,26.71999000,331.76130000,0,0,1,0,
	4.03080600,-3.99240500,6.29622300,20.46949000,26.71999000,331.84120000,0,0,1,0,
	4.03742700,-3.99240500,6.29622300,20.46949000,26.63999000,332.00130000,0,0,1,0,
	4.04270300,-3.99240500,6.29622300,20.46949000,26.63999000,332.24120000,0,0,1,0,
	4.04641700,-3.99240500,6.29622300,20.46949000,26.63999000,332.40120000,0,0,1,0,
	4.05143300,-4.09911100,6.27882300,20.70539000,26.55999000,332.56120000,0,0,1,0,
	4.05768800,-4.09911100,6.27882300,20.70539000,26.55999000,332.72130000,0,0,1,0,
	4.06238700,-4.09911100,6.27882300,20.70539000,26.55999000,332.96120000,0,0,1,0,
	4.06951300,-4.20324200,6.25502300,20.94259000,26.55999000,333.20120000,0,0,1,0,
	4.07479600,-4.20324200,6.25502300,20.94259000,26.55999000,333.52120000,0,0,1,0,
	4.08749700,-4.30510800,6.22482300,21.18092000,26.47999000,333.76120000,0,0,1,0,
	4.09347200,-4.30510800,6.22482300,21.18092000,26.47999000,334.56120000,0,0,1,0,
	4.09769900,-4.30510800,6.22482300,21.18092000,26.47999000,334.96120000,0,0,1,0,
	4.10153200,-4.30510800,6.22482300,21.18092000,26.48000000,335.28120000,0,0,1,0,
	4.10677200,-4.39976800,6.18822300,21.42263000,26.47999000,335.52120000,0,0,1,0,
	4.11133100,-4.39976800,6.18822300,21.42263000,26.47999000,336.08120000,0,0,1,0,
	4.11734500,-4.39976800,6.18822300,21.42263000,26.47999000,336.48120000,0,0,1,0,
	4.12312600,-4.39976800,6.18822300,21.42263000,26.47999000,337.12120000,0,0,1,0,
	4.12839500,-4.48475900,6.29882300,21.66844000,26.48000000,337.84120000,0,0,1,0,
	4.13725100,-4.48475900,6.29882300,21.66844000,26.47999000,338.56120000,0,0,1,0,
	4.14603400,-4.48475900,6.29882300,21.66844000,26.47999000,339.84120000,0,0,1,0,
	4.15214000,-4.55541100,6.40302300,21.91944000,26.55999000,341.20120000,0,0,1,0,
	4.15830600,-4.55541100,6.40302300,21.91944000,26.56000000,342.24120000,0,0,1,0,
	4.16330500,-4.55541100,6.40302300,21.91944000,26.63999000,343.28120000,0,0,1,0,
	4.16797900,-4.61317300,6.50082300,22.17433000,26.63999000,344.16120000,0,0,1,0,
	4.17223500,-4.61317300,6.50082300,22.17433000,26.71999000,345.04120000,0,0,1,0,
	4.17758200,-4.61317300,6.50082300,22.17433000,26.71999000,345.84120000,0,0,1,0,
	4.18272100,-4.61317300,6.50082300,22.17433000,26.71999000,346.64120000,0,0,1,0,
	4.18946500,-4.65569200,6.59222300,22.43294000,26.71999000,347.60120000,0,0,1,0,
	4.19534800,-4.65569200,6.59222300,22.43294000,26.79999000,349.12120000,0,0,1,0,
	4.20153000,-4.65569200,6.59222300,22.43294000,26.79999000,350.24120000,0,0,1,0,
	4.20971600,-4.68054200,6.67722300,22.69459000,26.88000000,351.52120000,0,0,1,0,
	4.21945200,-4.68054200,6.67722300,22.69459000,26.88000000,353.28120000,0,0,1,0,
	4.22836600,-4.68602900,6.75582300,22.95802000,26.95999000,355.76120000,0,0,1,0,
	4.23548100,-4.68602900,6.75582300,22.95802000,27.04000000,358.08120000,0,0,1,0,
	4.24132300,-4.68602900,6.75582300,22.95802000,27.04000000,359.84120000,0,0,1,0,
	4.24953400,-4.66502300,6.82802200,23.22163000,27.11999000,1.52120200,0,0,1,0,
	4.25870600,-4.66502300,6.82802200,23.22163000,27.19999000,3.76120400,0,0,1,0,
	4.26398000,-4.66502300,6.82802200,23.22163000,27.27999000,6.16119600,0,0,1,0,
	4.26906000,-4.61499100,6.89382300,23.48232000,27.27999000,7.84117600,0,0,1,0,
	4.27526300,-4.61499100,6.89382300,23.48232000,27.35999000,9.20117700,0,0,1,0,
	4.28136700,-4.61499100,6.89382300,23.48232000,27.35999000,10.72117000,0,0,1,0,
	4.28745600,-4.54565700,6.95322300,23.73936000,27.35999000,12.08114000,0,0,1,0,
	4.29455800,-4.54565700,6.95322300,23.73936000,27.43999000,13.36114000,0,0,1,0,
	4.30329400,-4.54565700,6.95322300,23.73936000,27.43999000,15.36113000,0,0,1,0,
	4.31057900,-4.45199200,7.00622300,23.98955000,27.51999000,17.52114000,0,0,1,0,
	4.31839000,-4.45199200,7.00622300,23.98955000,27.51999000,19.20115000,0,0,1,0,
	4.32530900,-4.45199200,7.00622300,23.98955000,27.59999000,21.20114000,0,0,1,0,
	4.33014000,-4.33534900,7.05282300,24.23089000,27.67999000,22.80115000,0,0,1,0,
	4.33532000,-4.33534900,7.05282300,24.23089000,27.75999000,24.16112000,0,0,1,0,
	4.33999500,-4.33534900,7.05282300,24.23089000,27.75999000,25.44113000,0,0,1,0,
	4.34512900,-4.33534900,7.05282300,24.23089000,27.83999000,26.80113000,0,0,1,0,
	4.35305300,-4.19684700,7.09302200,24.46154000,27.91999000,28.00114000,0,0,1,0,
	4.35890300,-4.19684700,7.09302200,24.46154000,27.99999000,30.00113000,0,0,1,0,
	4.36653000,-4.19684700,7.09302200,24.46154000,28.07999000,31.36112000,0,0,1,0,
	4.37234800,-4.03813900,7.12682200,24.67987000,28.23999000,33.04111000,0,0,1,0,
	4.37857500,-4.03813900,7.12682200,24.67987000,28.31999000,34.32111000,0,0,1,0,
	4.38341100,-4.03813900,7.12682200,24.67987000,28.39999000,35.60111000,0,0,1,0,
	4.38951500,-3.86561800,7.15422200,24.88836000,28.47999000,36.64111000,0,0,1,0,
	4.39519900,-3.86561800,7.15422200,24.88836000,28.55999000,38.00111000,0,0,1,0,
	4.40118500,-3.86561800,7.15422200,24.88836000,28.63999000,39.28109000,0,0,1,0,
	4.40948200,-3.67904400,7.17522200,25.08539000,28.71999000,40.48109000,0,0,1,0,
	4.41640700,-3.67904400,7.17522200,25.08539000,28.87999000,42.16110000,0,0,1,0,
	4.42254800,-3.67904400,7.17522200,25.08539000,28.95999000,43.44110000,0,0,1,0,
	4.42941600,-3.47839000,7.18982200,25.26919000,29.11999000,44.56109000,0,0,1,0,
	4.43967800,-3.47839000,7.18982200,25.26919000,29.19999000,45.84110000,0,0,1,0,
	4.44773400,-3.26836500,7.19802200,25.44304000,29.35999000,47.44111000,0,0,1,0,
	4.48640100,-3.05457000,7.19982200,25.61260000,29.43999000,48.64112000,0,0,1,0,
	4.49331700,-2.83136200,7.19522200,25.77018000,29.67999000,51.84112000,0,0,1,0,
	4.49809500,-2.83136200,7.19522200,25.77018000,29.67999000,51.92111000,0,0,1,0,
	4.50308400,-2.83136200,7.19522200,25.77018000,29.67999000,51.92111000,0,0,1,1,
	4.51044400,-2.60792000,7.19904500,25.92746000,29.67999000,51.92111000,0,0,1,1,
	4.51500700,-2.60792000,7.19904500,25.92746000,29.67999000,51.92111000,0,0,1,1,
	4.51942100,-2.60792000,7.19904500,25.92746000,29.67999000,51.92111000,0,0,1,1,
	4.52445000,-2.60792000,7.19904500,25.92746000,29.67999000,51.92111000,0,0,0,1,
	4.53017000,-2.39068200,7.30964500,26.09266000,29.67999000,51.92111000,0,0,0,1,
	4.53618500,-2.39068200,7.30964500,26.09266000,29.67999000,51.92111000,0,0,0,1,
	4.54248000,-2.39068200,7.30964500,26.09266000,29.67999000,51.84112000,0,0,0,1,
	4.54868100,-2.18522300,7.41384500,26.27288000,29.75999000,51.68113000,0,0,0,1,
	4.55629700,-2.18522300,7.41384500,26.27288000,29.75998000,51.44112000,0,0,0,1,
	4.56231000,-2.18522300,7.41384500,26.27288000,29.83999000,50.88112000,0,0,0,1,
	4.56959800,-1.98362000,7.51164400,26.45782000,29.91999000,50.40112000,0,0,0,1,
	4.58099100,-1.98362000,7.51164400,26.45782000,29.91999000,49.60115000,0,0,0,1,
	4.58819600,-1.79013000,7.60304500,26.65190000,30.07999000,47.84112000,0,0,0,1,
	4.59438300,-1.79013000,7.60304500,26.65190000,30.07999000,46.32113000,0,0,0,1,
	4.60033700,-1.79013000,7.60304500,26.65190000,30.15999000,44.96115000,0,0,0,1,
	4.60581200,-1.79013000,7.60304500,26.65190000,30.15999000,43.52116000,0,0,0,1,
	4.61131500,-1.61580400,7.68804500,26.86471000,30.23999000,42.24115000,0,0,0,1,
	4.61968700,-1.61580400,7.68804500,26.86471000,30.23999000,40.64114000,0,0,0,1,
	4.62539300,-1.61580400,7.68804500,26.86471000,30.23999000,38.00113000,0,0,0,1,
	4.63118700,-1.46380500,7.76664400,27.09510000,30.23999000,36.32113000,0,0,0,1,
	4.63734300,-1.46380500,7.76664400,27.09510000,30.23999000,34.32114000,0,0,0,1,
	4.64453600,-1.46380500,7.76664400,27.09510000,30.15999000,32.32113000,0,0,0,1,
	4.65140400,-1.33726000,7.83884400,27.34150000,30.07999000,30.08115000,0,0,0,1,
	4.65824800,-1.33726000,7.83884400,27.34150000,29.99999000,27.44114000,0,0,0,1,
	4.66355500,-1.33726000,7.83884400,27.34150000,29.83999000,25.12112000,0,0,0,1,
	4.67027300,-1.24002500,7.90464400,27.60192000,29.75999000,23.36111000,0,0,0,1,
	4.67720300,-1.24002500,7.90464400,27.60192000,29.59999000,21.20111000,0,0,0,1,
	4.68533400,-1.24002500,7.90464400,27.60192000,29.35999000,18.80112000,0,0,0,1,
	4.68924400,-1.17477700,7.96404500,27.87318000,29.19999000,16.40113000,0,0,0,1,
	4.69332400,-1.17477700,7.96404500,27.87318000,29.03999000,15.04113000,0,0,0,1,
	4.69736400,-1.17477700,7.96404500,27.87318000,28.87999000,13.92114000,0,0,0,1,
	4.70144500,-1.17477700,7.96404500,27.87318000,28.71999000,12.64113000,0,0,0,1,
	4.70529200,-1.17477700,7.96404500,27.87318000,28.63999000,11.60114000,0,0,0,1,
	4.70912600,-1.13764600,8.01704500,28.15085000,28.47999000,10.48113000,0,0,0,1,
	4.71412200,-1.13764600,8.01704500,28.15085000,28.31999000,9.20114900,0,0,0,1,
	4.71878600,-1.13764600,8.01704500,28.15085000,28.23999000,8.08113400,0,0,0,1,
	4.72231700,-1.13764600,8.01704500,28.15085000,27.99999000,6.72116200,0,0,0,1,
	4.72647200,-1.13764600,8.01704500,28.15085000,27.91999000,6.08114600,0,0,0,1,
	4.73029000,-1.12613100,8.06364500,28.43180000,27.75999000,5.20114500,0,0,0,1,
	4.73423700,-1.12613100,8.06364500,28.43180000,27.67999000,4.40113800,0,0,0,1,
	4.74014000,-1.12613100,8.06364500,28.43180000,27.51999000,3.84114500,0,0,0,1,
	4.74651100,-1.12613100,8.06364500,28.43180000,27.35999000,3.20112800,0,0,1,1,
	4.75241800,-1.12440300,8.10384600,28.71340000,27.20000000,2.80115200,0,0,1,0,
	4.75871900,-1.12440300,8.10384600,28.71340000,27.11999000,2.72115700,0,0,1,0,
	4.76239400,-1.12440300,8.10384600,28.71340000,27.03999000,2.72115800,0,0,1,0,
	4.76681000,-1.09706100,8.13764600,28.99378000,26.95999000,2.72115800,0,0,1,0,
	4.77188100,-1.09706100,8.13764600,28.99378000,26.88000000,2.88117500,0,0,1,0,
	4.77796200,-1.09706100,8.13764600,28.99378000,26.79999000,3.12116100,0,0,1,0,
	4.78232100,-1.09706100,8.13764600,28.99378000,26.63999000,3.60115900,0,0,1,0,
	4.78751400,-1.06383400,8.16504600,29.27381000,26.56000000,3.92116600,0,0,1,0,
	4.79149000,-1.06383400,8.16504600,29.27381000,26.47999000,4.40119300,0,0,1,0,
	4.79556800,-1.06383400,8.16504600,29.27381000,26.47999000,4.96118600,0,0,1,0,
	4.79921000,-1.06383400,8.16504600,29.27381000,26.39999000,5.60120200,0,0,1,0,
	4.80556200,-1.06383400,8.16504600,29.27381000,26.32000000,6.08120100,0,0,1,0,
	4.81094500,-1.01455200,8.18604600,29.55216000,26.31999000,7.20118700,0,0,1,0,
	4.81650500,-1.01455200,8.18604600,29.55216000,26.23999000,8.24120800,0,0,1,0,
	4.82028700,-1.01455200,8.18604600,29.55216000,26.23999000,9.20120400,0,0,1,0,
	4.82455800,-1.01455200,8.18604600,29.55216000,26.23999000,10.08121000,0,0,1,0,
	4.82947400,-0.94813870,8.20064500,29.82768000,26.23999000,10.72122000,0,0,1,0,
	4.83511200,-0.94813870,8.20064500,29.82768000,26.23999000,11.76124000,0,0,1,0,
	4.84014900,-0.94813870,8.20064500,29.82768000,26.23999000,12.88123000,0,0,1,0,
	4.84626200,-0.94813870,8.20064500,29.82768000,26.23999000,13.84122000,0,0,1,0,
	4.85369500,-0.86131970,8.20884500,30.09834000,26.23999000,14.96121000,0,0,1,0,
	4.86338700,-0.86131970,8.20884500,30.09834000,26.24000000,16.08120000,0,0,1,1,
	4.87161500,-0.76916590,8.21064500,30.36747000,26.23999000,17.60119000,0,0,1,1,
	4.87747900,-0.76916590,8.21064500,30.36747000,26.23999000,18.64121000,0,0,1,1,
	4.88447800,-0.76916590,8.21064500,30.36747000,26.24000000,19.12121000,0,0,0,1,
	4.89020200,-0.68769020,8.20604500,30.64037000,26.23999000,19.44121000,0,0,0,1,
	4.89367000,-0.68769020,8.20604500,30.64037000,26.23999000,19.52121000,0,0,0,1,
	4.89629500,-0.68769020,8.20604500,30.64037000,26.23999000,19.52121000,0,0,0,1,
	4.89919100,-0.68769020,8.20604500,30.64037000,26.23999000,19.52121000,0,0,0,1,
	4.90182200,-0.68769020,8.20604500,30.64037000,26.23999000,19.52121000,0,0,0,1,
	4.90913200,-0.60621450,8.19504500,30.91326000,26.23999000,19.52121000,0,0,0,1,
	4.91990800,-0.60621450,8.19504500,30.91326000,26.23999000,19.44121000,0,0,0,1,
	4.92647400,-0.60621450,8.19504500,30.91326000,26.23999000,19.20123000,0,0,0,1,
	4.93061900,-0.52736770,8.17764600,31.18706000,26.23999000,18.88122000,0,0,0,1,
	4.93692700,-0.52736770,8.17764600,31.18706000,26.23999000,18.72123000,0,0,0,1,
	4.94176700,-0.52736770,8.17764600,31.18706000,26.23999000,18.48122000,0,0,0,1,
	4.94561500,-0.52736770,8.17764600,31.18706000,26.23999000,18.32123000,0,0,0,1,
	4.95207100,-0.45191480,8.15384600,31.46200000,26.23999000,18.16121000,0,0,0,1,
	4.95649900,-0.45191480,8.15384600,31.46200000,26.23999000,17.92122000,0,0,0,1,
	4.96201600,-0.45191480,8.15384600,31.46200000,26.15999000,17.84126000,0,0,0,1,
	4.96485900,-0.45191480,8.15384600,31.46200000,26.15999000,17.68124000,0,0,0,1,
	4.96925500,-0.37873330,8.12364600,31.73766000,26.15999000,17.68124000,0,0,0,1,
	4.97337000,-0.37873330,8.12364600,31.73766000,26.15999000,17.60124000,0,0,0,1,
	4.97816800,-0.37873330,8.12364600,31.73766000,26.15999000,17.52128000,0,0,0,1,
	4.98188600,-0.37873330,8.12364600,31.73766000,26.15999000,17.44128000,0,0,0,0,
	4.98774700,-0.30668950,8.08704600,32.01368000,26.15999000,17.44128000,0,0,0,0,
	4.99148300,-0.30668950,8.08704600,32.01368000,26.15999000,17.36129000,0,0,0,0,
	4.99715600,-0.30668950,8.08704600,32.01368000,26.15999000,17.36129000,0,0,0,0,
	5.00039400,-0.30668950,8.08704600,32.01368000,26.15999000,17.28132000,0,0,0,0,
	5.00330600,-0.30668950,8.08704600,32.01368000,26.15999000,17.28132000,0,0,0,0,
	5.00617400,-0.30668950,8.08704600,32.01368000,26.15999000,17.28132000,0,0,0,0,
	5.00954900,-0.23464580,8.04404500,32.28970000,26.15999000,17.28132000,0,0,0,0,
	5.01279700,-0.23464580,8.04404500,32.28970000,26.15999000,17.28132000,0,0,0,0,
	5.01582700,-0.23464580,8.04404500,32.28970000,26.15999000,17.28132000,0,0,0,0,
	5.01934000,-0.23464580,8.04404500,32.28970000,26.15999000,17.28132000,0,0,0,0,
	5.02225800,-0.23464580,8.04404500,32.28970000,26.15999000,17.28132000,0,0,0,0,
end
