map
	ez_square2
end

values
	0.00711070,2.95125000,1.90000000,-3.42896100,10.32000000,20.71998000,0,0,0,0,
	0.01420470,2.95125000,1.90000000,-3.42896100,10.32000000,20.71998000,0,0,0,0,
	0.02199650,2.95125000,1.90000000,-3.42896100,10.32000000,20.71998000,0,0,0,0,
	0.02962670,2.95125000,1.90000000,-3.42896100,10.32000000,20.71998000,0,0,0,0,
	0.03530610,2.95125000,1.90000000,-3.42896100,10.32000000,20.71998000,0,0,0,0,
	0.03996880,2.95125000,1.90000000,-3.42896100,10.32000000,20.71998000,0,0,0,0,
	0.04353960,2.95125000,1.90000000,-3.42896100,10.32000000,20.71998000,0,0,0,0,
	0.04822030,2.95125000,1.90000000,-3.42896100,10.32000000,20.71998000,0,0,0,0,
	0.05206150,2.95125000,1.90000000,-3.42896100,10.32000000,20.71998000,0,0,0,0,
	0.05609370,2.95125000,1.90000000,-3.42896100,10.32000000,20.71998000,0,0,0,0,
	0.06038950,2.95125000,1.90000000,-3.42896100,10.32000000,20.71998000,0,0,0,0,
	0.06428580,2.95125000,1.90000000,-3.42896100,10.32000000,20.71998000,0,0,0,0,
	0.06883160,2.95125000,1.90000000,-3.42896100,10.32000000,20.71998000,0,0,0,0,
	0.07246280,2.95125000,1.90000000,-3.42896100,10.32000000,20.71998000,0,0,0,0,
	0.07690450,2.95125000,1.90000000,-3.42896100,10.32000000,20.71998000,0,0,0,0,
	0.08142850,2.95125000,1.90000000,-3.42896100,10.32000000,20.71998000,0,0,0,0,
	0.08529450,2.95125000,1.90000000,-3.42896100,10.32000000,20.71998000,0,0,0,0,
	0.08954170,2.95125000,1.90000000,-3.42896100,10.32000000,20.71998000,0,0,0,0,
	0.09311950,2.95125000,1.90000000,-3.42896100,10.32000000,20.71998000,0,0,0,0,
	0.09718750,2.95125000,1.90000000,-3.42896100,10.32000000,20.71998000,0,0,0,0,
	0.10605030,2.95125000,1.90000000,-3.42896100,10.32000000,20.71998000,0,0,0,0,
	0.11552450,2.95125000,1.90000000,-3.42896100,10.32000000,20.71998000,0,0,0,0,
	0.11853040,2.95125000,1.90000000,-3.42896100,10.32000000,20.71998000,0,0,0,0,
	0.12293570,2.95125000,1.90000000,-3.42896100,10.32000000,20.71998000,0,0,0,0,
	0.12594140,2.95125000,1.90000000,-3.42896100,10.32000000,20.71998000,0,0,0,0,
	0.13012710,2.95125000,1.90000000,-3.42896100,10.32000000,20.71998000,0,0,0,0,
	0.13324150,2.95125000,1.90000000,-3.42896100,10.32000000,20.71998000,0,0,0,0,
	0.13755250,2.95125000,1.90000000,-3.42896100,10.32000000,20.71998000,0,0,0,0,
	0.14057420,2.95125000,1.90000000,-3.42896100,10.32000000,20.71998000,0,0,0,0,
	0.14515450,2.95125000,1.90000000,-3.42896100,10.32000000,20.71998000,0,0,0,0,
	0.14792690,2.95125000,1.90000000,-3.42896100,10.32000000,20.71998000,0,0,0,0,
	0.15211060,2.95125000,1.90000000,-3.42896100,10.32000000,20.71998000,0,0,0,0,
	0.15640870,2.95125000,1.90000000,-3.42896100,10.32000000,20.71998000,0,0,0,0,
	0.15983040,2.95125000,1.90000000,-3.42896100,10.32000000,20.71998000,0,0,0,0,
	0.16429260,2.95125000,1.90000000,-3.42896100,10.32000000,20.71998000,0,0,0,0,
	0.16745930,2.95125000,1.90000000,-3.42896100,10.32000000,20.71998000,0,0,0,0,
	0.17259790,2.95125000,1.90000000,-3.42896100,10.32000000,20.71998000,0,0,0,0,
	0.17602790,2.95125000,1.90000000,-3.42896100,10.32000000,20.71998000,0,0,0,0,
	0.18014060,2.95125000,1.90000000,-3.42896100,10.32000000,20.71998000,0,0,0,0,
	0.18413460,2.95125000,1.90000000,-3.42896100,10.32000000,20.71998000,0,0,0,0,
	0.18817300,2.95125000,1.90000000,-3.42896100,10.32000000,20.71998000,0,0,0,0,
	0.19240970,2.95125000,1.90000000,-3.42896100,10.32000000,20.71998000,0,0,0,0,
	0.19524900,2.95125000,1.90000000,-3.42896100,10.32000000,20.71998000,0,0,0,0,
	0.19920370,2.95125000,1.90000000,-3.42896100,10.32000000,20.71998000,0,0,0,0,
	0.20302700,2.95125000,1.90000000,-3.42896100,10.32000000,20.71998000,0,0,0,0,
	0.20768330,2.95125000,1.90000000,-3.42896100,10.32000000,20.71998000,0,0,0,0,
	0.21116610,2.95125000,1.90000000,-3.42896100,10.32000000,20.71998000,0,0,0,0,
	0.21611700,2.95125000,1.90000000,-3.42896100,10.32000000,20.71998000,0,0,0,0,
	0.22172970,2.95125000,1.90000000,-3.42896100,10.32000000,20.71998000,0,0,0,0,
	0.22557420,2.95125000,1.90000000,-3.42896100,10.32000000,20.71998000,0,0,0,0,
	0.22913700,2.95125000,1.90000000,-3.42896100,10.32000000,20.71998000,0,0,0,0,
	0.23271310,2.95125000,1.90000000,-3.42896100,10.32000000,20.71998000,0,0,0,0,
	0.23650990,2.95125000,1.90000000,-3.42896100,10.32000000,20.71998000,0,0,0,0,
	0.24006750,2.95125000,1.90000000,-3.42896100,10.32000000,20.71998000,0,0,0,0,
	0.24486150,2.95125000,1.90000000,-3.42896100,10.32000000,20.71998000,0,0,0,0,
	0.25027610,2.95125000,1.90000000,-3.42896100,10.32000000,20.79998000,0,0,0,0,
	0.25570450,2.95125000,1.90000000,-3.42896100,10.32000000,20.87998000,0,0,0,0,
	0.26025240,2.95125000,1.90000000,-3.42896100,10.32000000,20.95998000,0,0,0,0,
	0.26531150,2.95125000,1.90000000,-3.42896100,10.32000000,21.03998000,0,0,0,0,
	0.27062950,2.95125000,1.90000000,-3.42896100,10.32000000,21.19998000,0,0,0,0,
	0.27767810,2.95125000,1.90000000,-3.42896100,10.40000000,21.27998000,0,0,0,0,
	0.28362000,2.95125000,1.90000000,-3.42896100,10.48000000,21.43998000,0,0,0,0,
	0.28863320,2.95125000,1.90000000,-3.42896100,10.56000000,21.51998000,0,0,0,0,
	0.29229030,2.95125000,1.90000000,-3.42896100,10.64000000,21.51998000,0,0,0,0,
	0.29673490,2.95125000,1.90000000,-3.42896100,10.64000000,21.51998000,0,0,0,0,
	0.30000670,2.95125000,1.90000000,-3.42896100,10.64000000,21.51998000,0,0,0,0,
	0.30483180,2.95125000,1.90000000,-3.42896100,10.64000000,21.51998000,0,0,0,0,
	0.30768370,2.95125000,1.90000000,-3.42896100,10.64000000,21.51998000,0,0,0,0,
	0.31192970,2.95125000,1.90000000,-3.42896100,10.64000000,21.51998000,0,0,0,0,
	0.31476860,2.95125000,1.90000000,-3.42896100,10.64000000,21.51998000,0,0,0,0,
	0.31894330,2.95125000,1.90000000,-3.42896100,10.64000000,21.51998000,0,0,0,0,
	0.32237820,2.95125000,1.90000000,-3.42896100,10.64000000,21.51998000,0,0,0,0,
	0.32641840,2.95125000,1.90000000,-3.42896100,10.64000000,21.51998000,0,0,0,0,
	0.32993710,2.95125000,1.90000000,-3.42896100,10.64000000,21.51998000,0,0,0,0,
	0.33354480,2.95125000,1.90000000,-3.42896100,10.64000000,21.51998000,0,0,0,0,
	0.33695870,2.95125000,1.90000000,-3.42896100,10.64000000,21.51998000,0,0,0,0,
	0.34114770,2.95125000,1.90000000,-3.42896100,10.64000000,21.51998000,0,0,0,0,
	0.34563990,2.95125000,1.90000000,-3.42896100,10.64000000,21.51998000,0,0,0,0,
	0.34845680,2.95125000,1.90000000,-3.42896100,10.64000000,21.51998000,0,0,0,0,
	0.35253520,2.95125000,1.90000000,-3.42896100,10.64000000,21.51998000,0,0,0,0,
	0.35539520,2.95125000,1.90000000,-3.42896100,10.64000000,21.51998000,0,0,0,0,
	0.35949210,2.95125000,1.90000000,-3.42896100,10.64000000,21.51998000,0,0,0,0,
	0.36282780,2.95125000,1.90000000,-3.42896100,10.64000000,21.51998000,0,0,0,0,
	0.36680650,2.95125000,1.90000000,-3.42896100,10.64000000,21.51998000,0,0,0,0,
	0.36964120,2.95125000,1.90000000,-3.42896100,10.64000000,21.51998000,0,0,0,0,
	0.37411300,2.95125000,1.90000000,-3.42896100,10.64000000,21.51998000,0,0,0,0,
	0.37692410,2.95125000,1.90000000,-3.42896100,10.64000000,21.51998000,0,0,0,0,
	0.38085050,2.95125000,1.90000000,-3.42896100,10.64000000,21.51998000,0,0,0,0,
	0.38469410,2.95125000,1.90000000,-3.42896100,10.64000000,21.51998000,0,0,0,0,
	0.38880660,2.95125000,1.90000000,-3.42896100,10.64000000,21.51998000,0,0,0,0,
	0.39189010,2.95125000,1.90000000,-3.42896100,10.64000000,21.51998000,0,0,0,0,
	0.39586970,2.95125000,1.90000000,-3.42896100,10.64000000,21.51998000,0,0,0,0,
	0.39903770,2.95125000,1.90000000,-3.42896100,10.64000000,21.51998000,0,0,0,0,
	0.40425540,2.95125000,1.90000000,-3.42896100,10.64000000,21.51998000,0,0,0,0,
	0.40845880,2.95125000,1.90000000,-3.42896100,10.64000000,21.51998000,0,0,0,0,
	0.41141120,2.95125000,1.90000000,-3.42896100,10.64000000,21.51998000,0,0,0,0,
	0.41550670,2.95125000,1.90000000,-3.42896100,10.64000000,21.51998000,0,0,0,0,
	0.41916260,2.95125000,1.90000000,-3.42896100,10.64000000,21.51998000,0,0,0,0,
	0.42399520,2.95125000,1.90000000,-3.42896100,10.64000000,21.51998000,0,0,0,0,
	0.42757420,2.95125000,1.90000000,-3.42896100,10.64000000,21.51998000,0,0,0,0,
	0.43107730,2.95125000,1.90000000,-3.42896100,10.64000000,21.51998000,0,0,0,0,
	0.43509300,2.95125000,1.90000000,-3.42896100,10.64000000,21.51998000,0,0,0,0,
	0.43849760,2.95125000,1.90000000,-3.42896100,10.64000000,21.51998000,0,0,0,0,
	0.44315130,2.95125000,1.90000000,-3.42896100,10.64000000,21.51998000,0,0,0,0,
	0.44600340,2.95125000,1.90000000,-3.42896100,10.64000000,21.51998000,0,0,0,0,
	0.45022210,2.95125000,1.90000000,-3.42896100,10.64000000,21.51998000,0,0,0,0,
	0.45318270,2.95125000,1.90000000,-3.42896100,10.64000000,21.51998000,0,0,0,0,
	0.45710210,2.95125000,1.90000000,-3.42896100,10.64000000,21.51998000,0,0,0,0,
	0.45988490,2.95125000,1.90000000,-3.42896100,10.64000000,21.51998000,0,0,0,0,
	0.46457320,2.95125000,1.90000000,-3.42896100,10.64000000,21.51998000,0,0,0,0,
	0.46779980,2.95125000,1.90000000,-3.42896100,10.64000000,21.51998000,0,0,0,0,
	0.47214310,2.95125000,1.90000000,-3.42896100,10.64000000,21.51998000,0,0,0,0,
	0.47534310,2.95125000,1.90000000,-3.42896100,10.64000000,21.51998000,0,0,0,0,
	0.47926160,2.95125000,1.90000000,-3.42896100,10.64000000,21.51998000,0,0,0,0,
	0.48328620,2.95125000,1.90000000,-3.42896100,10.64000000,21.51998000,0,0,0,0,
	0.48691850,2.95125000,1.90000000,-3.42896100,10.64000000,21.51998000,0,0,0,0,
	0.49079440,2.95125000,1.90000000,-3.42896100,10.64000000,21.51998000,0,0,0,0,
	0.49407370,2.95125000,1.90000000,-3.42896100,10.64000000,21.51998000,0,0,0,0,
	0.49844790,2.95125000,1.90000000,-3.42896100,10.64000000,21.51998000,0,0,0,0,
	0.50191290,2.95125000,1.90000000,-3.42896100,10.64000000,21.51998000,0,0,0,0,
	0.50620270,2.95125000,1.90000000,-3.42896100,10.64000000,21.51998000,0,0,0,0,
	0.50900270,2.95125000,1.90000000,-3.42896100,10.64000000,21.51998000,0,0,0,0,
	0.51306050,2.95125000,1.90000000,-3.42896100,10.64000000,21.51998000,0,0,0,0,
	0.51598370,2.95125000,1.90000000,-3.42896100,10.64000000,21.51998000,0,0,0,0,
	0.52053870,2.95125000,1.90000000,-3.42896100,10.64000000,21.51998000,0,0,0,0,
	0.52407990,2.95125000,1.90000000,-3.42896100,10.64000000,21.51998000,0,0,0,0,
	0.52786800,2.95125000,1.90000000,-3.42896100,10.64000000,21.51998000,0,0,0,0,
	0.53145300,2.95125000,1.90000000,-3.42896100,10.64000000,21.51998000,0,0,0,0,
	0.53507530,2.95125000,1.90000000,-3.42896100,10.64000000,21.51998000,0,0,0,0,
	0.53827940,2.95125000,1.90000000,-3.42896100,10.64000000,21.51998000,0,0,0,0,
	0.54287960,2.95125000,1.90000000,-3.42896100,10.64000000,21.51998000,0,0,0,0,
	0.54710130,2.95125000,1.90000000,-3.42896100,10.64000000,21.51998000,0,0,0,0,
	0.55007850,2.95125000,1.90000000,-3.42896100,10.64000000,21.51998000,0,0,0,0,
	0.55399880,2.95125000,1.90000000,-3.42896100,10.64000000,21.51998000,0,0,0,0,
	0.55696460,2.95125000,1.90000000,-3.42896100,10.64000000,21.51998000,0,0,0,0,
	0.56154540,2.95125000,1.90000000,-3.42896100,10.64000000,21.51998000,0,0,0,0,
	0.56481920,2.95125000,1.90000000,-3.42896100,10.64000000,21.51998000,0,0,0,0,
	0.56926710,2.95125000,1.90000000,-3.42896100,10.64000000,21.51998000,0,0,0,0,
	0.57246340,2.95125000,1.90000000,-3.42896100,10.64000000,21.51998000,0,0,0,0,
	0.57663670,2.95125000,1.90000000,-3.42896100,10.64000000,21.51998000,0,0,0,0,
	0.58019500,2.95125000,1.90000000,-3.42896100,10.64000000,21.51998000,0,0,0,0,
	0.58424880,2.95125000,1.90000000,-3.42896100,10.64000000,21.51998000,0,0,0,0,
	0.58855520,2.95125000,1.90000000,-3.42896100,10.64000000,21.51998000,0,0,0,0,
	0.59165130,2.95125000,1.90000000,-3.42896100,10.64000000,21.51998000,0,0,0,0,
	0.59569970,2.95125000,1.90000000,-3.42896100,10.64000000,21.51998000,0,0,0,0,
	0.59871380,2.95125000,1.90000000,-3.42896100,10.64000000,21.51998000,0,0,0,0,
	0.60431980,2.95125000,1.90000000,-3.42896100,10.64000000,21.51998000,0,0,0,0,
	0.60739680,2.95125000,1.90000000,-3.42896100,10.64000000,21.51998000,0,0,0,0,
	0.61161050,2.95125000,1.90000000,-3.42896100,10.64000000,21.51998000,0,0,0,0,
	0.61539210,2.95125000,1.90000000,-3.42896100,10.64000000,21.51998000,0,0,0,0,
	0.61874930,2.95125000,1.90000000,-3.42896100,10.64000000,21.51998000,0,0,0,0,
	0.62341000,2.95125000,1.90000000,-3.42896100,10.64000000,21.51998000,0,0,0,0,
	0.62630250,2.95125000,1.90000000,-3.42896100,10.64000000,21.51998000,0,0,0,0,
	0.63036230,2.95125000,1.90000000,-3.42896100,10.64000000,21.51998000,0,0,0,0,
	0.63350240,2.95125000,1.90000000,-3.42896100,10.64000000,21.51998000,0,0,0,0,
	0.63783000,2.95125000,1.90000000,-3.42896100,10.64000000,21.51998000,0,0,0,0,
	0.64080480,2.95125000,1.90000000,-3.42896100,10.64000000,21.51998000,0,0,0,0,
	0.64535110,2.95125000,1.90000000,-3.42896100,10.64000000,21.51998000,0,0,0,0,
	0.64826950,2.95125000,1.90000000,-3.42896100,10.64000000,21.51998000,0,0,0,0,
	0.65260820,2.95125000,1.90000000,-3.42896100,10.64000000,21.51998000,0,0,0,0,
	0.65546480,2.95125000,1.90000000,-3.42896100,10.64000000,21.51998000,0,0,0,0,
	0.65937420,2.95125000,1.90000000,-3.42896100,10.64000000,21.51998000,0,0,0,0,
	0.66287050,2.95125000,1.90000000,-3.42896100,10.64000000,21.51998000,0,0,0,0,
	0.66703280,2.95125000,1.90000000,-3.42896100,10.64000000,21.51998000,0,0,0,0,
	0.67084460,2.95125000,1.90000000,-3.42896100,10.64000000,21.51998000,0,0,0,0,
	0.67457930,2.95125000,1.90000000,-3.42896100,10.64000000,21.51998000,0,0,0,0,
	0.67847880,2.95125000,1.90000000,-3.42896100,10.64000000,21.51998000,0,0,0,0,
	0.68243060,2.95125000,1.90000000,-3.42896100,10.64000000,21.51998000,0,0,0,0,
	0.68739190,2.95125000,1.90000000,-3.42896100,10.64000000,21.51998000,0,0,0,0,
	0.69054340,2.95125000,1.90000000,-3.42896100,10.64000000,21.51998000,0,0,0,0,
	0.69495740,2.95125000,1.90000000,-3.42896100,10.64000000,21.51998000,0,0,0,0,
	0.69953570,2.95125000,1.90000000,-3.42896100,10.64000000,21.51998000,0,0,0,0,
	0.70343330,2.95125000,1.90000000,-3.42896100,10.64000000,21.51998000,0,0,0,0,
	0.70796300,2.95125000,1.90000000,-3.42896100,10.64000000,21.51998000,0,0,0,0,
	0.71120460,2.95125000,1.90000000,-3.42896100,10.64000000,21.51998000,0,0,0,0,
	0.71583270,2.95125000,1.90000000,-3.42896100,10.64000000,21.51998000,0,0,0,0,
	0.72228430,2.95125000,1.90000000,-3.42896100,10.64000000,21.51998000,0,0,0,0,
	0.72802910,2.95125000,1.90000000,-3.42896100,10.56000000,21.67998000,0,0,0,0,
	0.73263740,2.95125000,1.90000000,-3.42896100,10.56000000,21.75998000,0,0,0,0,
	0.73710160,2.95125000,1.90000000,-3.42896100,10.48000000,21.75998000,0,0,0,0,
	0.74310600,2.95125000,1.90000000,-3.42896100,10.48000000,21.75998000,0,0,0,0,
	0.75004690,2.95125000,1.90000000,-3.42896100,10.56000000,21.59998000,0,0,0,0,
	0.75777290,2.95125000,1.90000000,-3.42896100,10.64000000,21.43998000,0,0,0,0,
	0.76317500,2.95125000,1.90000000,-3.42896100,10.80000000,21.19998000,0,0,0,0,
	0.77021120,2.95125000,1.90000000,-3.42896100,10.88000000,21.11998000,0,0,0,0,
	0.77474040,2.95125000,1.90000000,-3.42896100,10.96000000,20.95998000,0,0,0,0,
	0.78187680,2.95125000,1.90000000,-3.42896100,11.04000000,20.87998000,0,0,0,0,
	0.78744960,2.95125000,1.90000000,-3.42896100,11.12000000,20.71998000,0,0,0,0,
	0.79213590,2.95125000,1.90000000,-3.42896100,11.20000000,20.63998000,0,0,0,0,
	0.79559720,2.95125000,1.90000000,-3.42896100,11.20000000,20.63998000,0,0,0,0,
	0.80004650,2.95125000,1.90000000,-3.42896100,11.20000000,20.63998000,0,0,0,0,
	0.80494270,2.95125000,1.90000000,-3.42896100,11.20000000,20.63998000,0,0,0,0,
	0.80799030,2.95125000,1.90000000,-3.42896100,11.20000000,20.63998000,0,0,0,0,
	0.81226160,2.95125000,1.90000000,-3.42896100,11.20000000,20.63998000,0,0,0,0,
	0.81530510,2.95125000,1.90000000,-3.42896100,11.20000000,20.63998000,0,0,0,0,
	0.82005700,2.95125000,1.90000000,-3.42896100,11.20000000,20.63998000,0,0,0,0,
	0.82451400,2.95125000,1.90000000,-3.42896100,11.20000000,20.63998000,0,0,0,0,
	0.82810800,2.95125000,1.90000000,-3.42896100,11.20000000,20.63998000,0,0,0,0,
	0.83223610,2.95125000,1.90000000,-3.42896100,11.20000000,20.63998000,0,0,0,0,
	0.83525720,2.95125000,1.90000000,-3.42896100,11.20000000,20.63998000,0,0,0,0,
	0.84002040,2.95125000,1.90000000,-3.42896100,11.20000000,20.63998000,0,0,0,0,
	0.84340500,2.95125000,1.90000000,-3.42896100,11.20000000,20.63998000,0,0,0,0,
	0.84742440,2.95125000,1.90000000,-3.42896100,11.20000000,20.63998000,0,0,0,0,
	0.85144790,2.95125000,1.90000000,-3.42896100,11.20000000,20.63998000,0,0,0,0,
	0.85728690,2.95125000,1.90000000,-3.42896100,11.20000000,20.63998000,0,0,0,0,
	0.86183710,2.95125000,1.90000000,-3.42896100,11.28000000,20.63998000,0,0,0,0,
	0.87061820,2.95125000,1.90000000,-3.42896100,11.28000000,20.63998000,1,0,0,0,
	0.87812360,2.95464200,1.90000000,-3.41991700,11.36000000,20.55998000,1,0,0,0,
	0.88406770,2.95464200,1.90000000,-3.41991700,11.44000000,20.55998000,1,0,0,0,
	0.89051400,2.95464200,1.90000000,-3.41991700,11.44000000,20.47998000,1,0,0,0,
	0.89554290,2.95464200,1.90000000,-3.41991700,11.52000000,20.39998000,1,0,0,0,
	0.89992370,2.96150200,1.90000000,-3.40152600,11.60000000,20.39998000,1,0,0,0,
	0.90496670,2.96150200,1.90000000,-3.40152600,11.60000000,20.31998000,1,0,0,0,
	0.91014670,2.96150200,1.90000000,-3.40152600,11.68000000,20.31998000,1,0,0,0,
	0.91451220,2.96150200,1.90000000,-3.40152600,11.76000000,20.23998000,1,0,0,0,
	0.91874960,2.97096300,1.90000000,-3.37600600,11.76000000,20.23998000,1,0,0,0,
	0.92370880,2.97096300,1.90000000,-3.37600600,11.84000000,20.15998000,1,0,0,0,
	0.92808360,2.97096300,1.90000000,-3.37600600,11.84000000,20.15998000,1,0,0,0,
	0.93267630,2.97096300,1.90000000,-3.37600600,11.92000000,20.07998000,1,0,0,0,
	0.93864780,2.98288600,1.90000000,-3.34365100,12.00000000,20.07998000,1,0,0,0,
	0.94445030,2.98288600,1.90000000,-3.34365100,12.08000000,19.99998000,1,0,0,0,
	0.94901860,2.98288600,1.90000000,-3.34365100,12.16000000,19.99998000,1,0,0,0,
	0.95343930,2.98288600,1.90000000,-3.34365100,12.24000000,19.99998000,1,0,0,0,
	0.95925000,2.99760000,1.90000000,-3.30347300,12.32000000,19.91998000,1,0,0,0,
	0.96556930,2.99760000,1.90000000,-3.30347300,12.40000000,19.91998000,1,0,0,0,
	0.97171780,2.99760000,1.90000000,-3.30347300,12.56000000,19.91998000,1,0,0,0,
	0.97611520,2.99760000,1.90000000,-3.30347300,12.72000000,19.83998000,1,0,0,0,
	0.98239560,3.01534800,1.90000000,-3.25474700,12.80000000,19.83998000,1,0,0,0,
	0.98801550,3.01534800,1.90000000,-3.25474700,12.96000000,19.75998000,1,0,0,0,
	0.99414280,3.01534800,1.90000000,-3.25474700,13.12000000,19.75998000,1,0,0,0,
	1.00175000,3.03547900,1.90000000,-3.19921500,13.28000000,19.67998000,1,0,0,0,
	1.00766800,3.03547900,1.90000000,-3.19921500,13.44000000,19.67998000,1,0,0,0,
	1.01310200,3.03547900,1.90000000,-3.19921500,13.60000000,19.59998000,1,0,0,0,
	1.01948400,3.05809200,1.90000000,-3.13651700,13.76000000,19.51998000,1,0,0,0,
	1.02596400,3.05809200,1.90000000,-3.13651700,13.92000000,19.43998000,1,0,0,0,
	1.03213300,3.05809200,1.90000000,-3.13651700,14.16000000,19.35998000,1,0,0,0,
	1.03897700,3.08313400,1.90000000,-3.06660200,14.40000000,19.27998000,1,0,0,0,
	1.04499100,3.08313400,1.90000000,-3.06660200,14.64000000,19.19998000,1,0,0,0,
	1.05031100,3.08313400,1.90000000,-3.06660200,14.88000000,19.11998000,1,0,0,0,
	1.05680500,3.08313400,1.90000000,-3.06660200,15.12000000,19.11998000,1,0,0,0,
	1.06209100,3.11126200,1.90000000,-2.98731200,15.35999000,19.03999000,1,0,0,0,
	1.06721900,3.11126200,1.90000000,-2.98731200,15.60000000,18.95998000,1,0,0,0,
	1.07184500,3.11126200,1.90000000,-2.98731200,15.76000000,18.95998000,1,0,0,0,
	1.07718600,3.11126200,1.90000000,-2.98731200,16.00000000,18.95998000,1,0,0,0,
	1.08250200,3.14190800,1.90000000,-2.90026600,16.16000000,18.87998000,1,0,0,0,
	1.08818000,3.14190800,1.90000000,-2.90026600,16.40000000,18.87998000,1,0,0,0,
	1.09281500,3.14190800,1.90000000,-2.90026600,16.63999000,18.79998000,1,0,0,0,
	1.09843900,3.17447500,1.90000000,-2.80727000,16.79999000,18.79998000,1,0,0,0,
	1.10559600,3.17447500,1.90000000,-2.80727000,17.03999000,18.71998000,1,0,0,0,
	1.11109800,3.17447500,1.90000000,-2.80727000,17.27999000,18.71998000,1,0,0,0,
	1.11889200,3.20927400,1.90000000,-2.70730800,17.51999000,18.71998000,1,0,0,0,
	1.12522100,3.20927400,1.90000000,-2.70730800,17.75999000,18.63998000,1,0,0,0,
	1.13014100,3.20927400,1.90000000,-2.70730800,17.99999000,18.63998000,1,0,0,0,
	1.13550400,3.20927400,1.90000000,-2.70730800,18.15999000,18.63998000,1,0,0,0,
	1.14123700,3.24705100,1.90000000,-2.59804600,18.39999000,18.63998000,1,0,0,0,
	1.14741600,3.24705100,1.90000000,-2.59804600,18.55999000,18.63998000,1,0,0,0,
	1.15334200,3.24705100,1.90000000,-2.59804600,18.79999000,18.55998000,1,0,0,0,
	1.15854700,3.28700700,1.90000000,-2.48198900,19.03999000,18.55998000,1,0,0,0,
	1.16494500,3.28700700,1.90000000,-2.48198900,19.19999000,18.55998000,1,0,0,0,
	1.17075600,3.28700700,1.90000000,-2.48198900,19.43999000,18.55998000,1,0,0,0,
	1.17619000,3.28700700,1.90000000,-2.48198900,19.67999000,18.55998000,1,0,0,0,
	1.18348400,3.32976400,1.90000000,-2.35723200,19.83999000,18.55998000,1,0,0,0,
	1.19164900,3.32976400,1.90000000,-2.35723200,20.15999000,18.47998000,1,0,0,0,
	1.19659100,3.32976400,1.90000000,-2.35723200,20.47999000,18.47998000,1,0,0,0,
	1.20281400,3.37501000,1.90000000,-2.22470200,20.63999000,18.47998000,1,0,0,0,
	1.20934300,3.37501000,1.90000000,-2.22470200,20.87999000,18.39998000,1,0,0,0,
	1.21574400,3.37501000,1.90000000,-2.22470200,21.11999000,18.39998000,1,0,0,0,
	1.22123200,3.42257000,1.90000000,-2.08486700,21.35999000,18.31998000,1,0,0,0,
	1.22655700,3.42257000,1.90000000,-2.08486700,21.51999000,18.31998000,1,0,0,0,
	1.23156000,3.42257000,1.90000000,-2.08486700,21.75999000,18.31998000,1,0,0,0,
	1.23846100,3.47202300,1.90000000,-1.93901800,21.91999000,18.23998000,1,0,0,0,
	1.24518600,3.47202300,1.90000000,-1.93901800,22.15999000,18.23998000,1,0,0,0,
	1.25045500,3.47202300,1.90000000,-1.93901800,22.39999000,18.15998000,1,0,0,0,
	1.25597400,3.47202300,1.90000000,-1.93901800,22.55999000,18.15998000,1,0,0,0,
	1.26126000,3.52132300,1.90000000,-1.79311300,22.71999000,18.07998000,1,0,0,0,
	1.26649900,3.52132300,1.90000000,-1.79311300,22.95999000,18.07998000,1,0,0,0,
	1.27201600,3.52132300,1.90000000,-1.79311300,23.11999000,17.99998000,1,0,0,0,
	1.27793600,3.57050600,1.90000000,-1.64716900,23.27999000,17.99998000,1,0,0,0,
	1.28472800,3.57050600,1.90000000,-1.64716900,23.43999000,17.99999000,1,0,0,0,
	1.28938900,3.57050600,1.90000000,-1.64716900,23.67999000,17.91998000,1,0,0,0,
	1.29416500,3.57050600,1.90000000,-1.64716900,23.83999000,17.91998000,1,0,0,0,
	1.29948900,3.61951700,1.90000000,-1.50116300,23.99999000,17.83998000,1,0,0,0,
	1.30637000,3.61951700,1.90000000,-1.50116300,24.15999000,17.83998000,1,0,0,0,
	1.31288100,3.61951700,1.90000000,-1.50116300,24.39998000,17.75998000,1,0,0,0,
	1.31845300,3.66836000,1.90000000,-1.35509800,24.55999000,17.67998000,1,0,0,0,
	1.32531000,3.66836000,1.90000000,-1.35509800,24.71999000,17.67999000,1,0,0,0,
	1.33095300,3.66836000,1.90000000,-1.35509800,24.95998000,17.59998000,1,0,0,0,
	1.33594300,3.66836000,1.90000000,-1.35509800,25.11999000,17.51998000,1,0,0,0,
	1.34302700,3.71697000,1.90000000,-1.20895200,25.27999000,17.51998000,1,0,0,0,
	1.34857700,3.71697000,1.90000000,-1.20895200,25.43999000,17.43999000,1,0,0,0,
	1.35411400,3.71697000,1.90000000,-1.20895200,25.59999000,17.43999000,1,0,0,0,
	1.35838400,3.76538000,1.90000000,-1.06273600,25.67999000,17.35998000,1,0,0,0,
	1.36313400,3.76538000,1.90000000,-1.06273600,25.75999000,17.35998000,1,0,0,0,
	1.36923600,3.76538000,1.90000000,-1.06273600,25.91998000,17.35998000,1,0,0,0,
	1.37449500,3.76538000,1.90000000,-1.06273600,26.07998000,17.27998000,1,0,0,0,
	1.37875600,3.81356000,1.90000000,-0.91644470,26.15998000,17.27998000,1,0,0,0,
	1.38575500,3.81356000,1.90000000,-0.91644470,26.23999000,17.27999000,1,0,0,0,
	1.39095600,3.81356000,1.90000000,-0.91644470,26.39998000,17.19999000,1,0,0,0,
	1.39771200,3.81356000,1.90000000,-0.91644470,26.47999000,17.19998000,1,0,0,0,
	1.40387400,3.86147200,1.90000000,-0.77006240,26.63999000,17.11998000,1,0,0,0,
	1.41224100,3.86147200,1.90000000,-0.77006240,26.71998000,17.11998000,1,0,0,0,
	1.41741900,3.86147200,1.90000000,-0.77006240,26.87999000,17.03998000,1,0,0,0,
	1.42247500,3.90914800,1.90000000,-0.62360390,26.95998000,17.03998000,1,0,0,0,
	1.42731300,3.90914800,1.90000000,-0.62360390,27.03998000,17.03998000,1,0,0,0,
	1.43243300,3.90914800,1.90000000,-0.62360390,27.11999000,16.95998000,1,0,0,0,
	1.43728900,3.90914800,1.90000000,-0.62360390,27.19998000,16.95998000,1,0,0,0,
	1.44510700,3.95658900,1.90000000,-0.47706960,27.19998000,16.95998000,1,0,0,0,
	1.44944700,3.95658900,1.90000000,-0.47706960,27.35999000,16.87999000,1,0,0,0,
	1.45380300,3.95658900,1.90000000,-0.47706960,27.35999000,16.87999000,1,0,0,0,
	1.45807500,4.00383100,1.90000000,-0.33047120,27.43999000,16.87999000,1,0,0,0,
	1.46396600,4.00383100,1.90000000,-0.33047120,27.43999000,16.87999000,1,0,0,0,
	1.46704700,4.00383100,1.90000000,-0.33047120,27.51999000,16.79999000,1,0,0,0,
	1.47364700,4.00383100,1.90000000,-0.33047120,27.51999000,16.79999000,1,0,0,0,
	1.47768500,4.00383100,1.90000000,-0.33047120,27.59999000,16.79998000,1,0,0,0,
	1.48303200,4.05079400,1.90000000,-0.18378430,27.59999000,16.79998000,1,0,0,0,
	1.48798500,4.05079400,1.90000000,-0.18378430,27.67998000,16.71998000,1,0,0,0,
	1.49272500,4.05079400,1.90000000,-0.18378430,27.67998000,16.71998000,1,0,0,0,
	1.49579500,4.05079400,1.90000000,-0.18378430,27.75998000,16.71999000,1,0,0,0,
	1.49981100,4.09754600,1.90000000,-0.03703005,27.75998000,16.71999000,1,0,0,0,
	1.50850100,4.09754600,1.90000000,-0.03703005,27.75998000,16.71999000,1,0,0,0,
	1.51410300,4.09754600,1.90000000,-0.03703005,27.83999000,16.63998000,1,0,0,0,
	1.51958100,4.14425300,2.01060000,0.10973760,27.83999000,16.55998000,1,0,0,0,
	1.52501000,4.14425300,2.01060000,0.10973760,27.91998000,16.55998000,1,0,0,0,
	1.52905300,4.14425300,2.01060000,0.10973760,27.91998000,16.47998000,1,0,0,0,
	1.53506100,4.14425300,2.01060000,0.10973760,27.91998000,16.47998000,1,0,0,0,
	1.54125000,4.19096000,2.11480000,0.25650520,27.91999000,16.39998000,1,0,0,0,
	1.54683100,4.19096000,2.11480000,0.25650520,27.99998000,16.39998000,1,0,0,0,
	1.55051600,4.19096000,2.11480000,0.25650520,27.99998000,16.31998000,1,0,0,0,
	1.55481100,4.19096000,2.11480000,0.25650520,27.99998000,16.31998000,1,0,0,0,
	1.55801300,4.23766800,2.21260000,0.40327280,27.99998000,16.31998000,1,0,0,0,
	1.56258000,4.23766800,2.21260000,0.40327280,27.99998000,16.31998000,1,0,0,0,
	1.56576200,4.23766800,2.21260000,0.40327280,27.99998000,16.31998000,1,0,0,0,
	1.57137800,4.23766800,2.21260000,0.40327280,27.99998000,16.31998000,1,0,1,0,
	1.57750500,4.23766800,2.21260000,0.40327280,27.99998000,16.31998000,1,0,1,0,
	1.58140400,4.28437500,2.30400000,0.55004040,27.99998000,16.31998000,1,0,1,0,
	1.58714000,4.28437500,2.30400000,0.55004040,27.99998000,16.31998000,1,0,1,0,
	1.59261000,4.28437500,2.30400000,0.55004040,28.07998000,16.39998000,1,0,1,0,
	1.59848800,4.33108200,2.38900000,0.69680800,28.07998000,16.47998000,1,0,1,0,
	1.60499700,4.33108200,2.38900000,0.69680800,28.15998000,16.63998000,1,0,1,0,
	1.61416100,4.33108200,2.38900000,0.69680800,28.15998000,16.95998000,1,0,1,0,
	1.61990300,4.37778900,2.46760000,0.84357570,28.31998000,17.51998000,1,0,1,0,
	1.62930400,4.37778900,2.46760000,0.84357570,28.39998000,17.99998000,1,0,1,0,
	1.64622000,4.42449600,2.53980000,0.99034330,28.55998000,18.87998000,0,0,1,0,
	1.66023400,4.49537800,2.60560000,1.12726500,29.19998000,22.15998000,0,0,1,0,
	1.66810400,4.49537800,2.60560000,1.12726500,29.59999000,25.51999000,0,0,1,0,
	1.67491400,4.49537800,2.60560000,1.12726500,29.83998000,27.67998000,0,0,1,0,
	1.68162600,4.58387900,2.66500000,1.25514900,29.99998000,29.51998000,0,0,1,0,
	1.68823000,4.58387900,2.66500000,1.25514900,29.99998000,31.19998000,0,0,1,0,
	1.69535400,4.58387900,2.66500000,1.25514900,30.07998000,32.87998000,0,0,1,0,
	1.70861200,4.68368100,2.71800000,1.37574100,30.07998000,34.47998000,0,0,0,1,
	1.71609200,4.68368100,2.71800000,1.37574100,30.07998000,37.99998000,0,0,0,1,
	1.72276500,4.76898200,2.76460000,1.50766100,30.07998000,39.43998000,0,0,0,1,
	1.72879300,4.76898200,2.76460000,1.50766100,30.07998000,40.79998000,0,0,0,1,
	1.73418800,4.76898200,2.76460000,1.50766100,30.07998000,41.67998000,0,0,0,1,
	1.74156100,4.85428300,2.80480000,1.63958200,29.99998000,42.39998000,0,0,0,1,
	1.74758800,4.85428300,2.80480000,1.63958200,29.99998000,43.03999000,0,0,0,1,
	1.75208400,4.85428300,2.80480000,1.63958200,29.91998000,43.35998000,0,0,0,1,
	1.75649800,4.85428300,2.80480000,1.63958200,29.91999000,43.43998000,0,0,0,1,
	1.75958300,4.93958500,2.83860000,1.77150300,29.91999000,43.43998000,0,0,0,1,
	1.76723600,4.93958500,2.83860000,1.77150300,29.91999000,43.43998000,0,0,0,1,
	1.77925400,5.02488600,2.86600000,1.90342400,29.83998000,43.35999000,0,0,0,1,
	1.78678500,5.02488600,2.86600000,1.90342400,29.75998000,42.79998000,0,0,0,1,
	1.79222700,5.02488600,2.86600000,1.90342400,29.67998000,41.99998000,0,0,0,1,
	1.79913700,5.11018800,2.88700000,2.03534500,29.59999000,41.35998000,0,0,0,1,
	1.80737300,5.11018800,2.88700000,2.03534500,29.43998000,40.31998000,0,0,0,1,
	1.81431600,5.11018800,2.88700000,2.03534500,29.27998000,38.55998000,0,0,0,1,
	1.82022200,5.19321800,2.90160000,2.16897500,29.11998000,36.95998000,0,0,0,1,
	1.82781400,5.19321800,2.90160000,2.16897500,29.03998000,35.59998000,0,0,0,1,
	1.83476300,5.19321800,2.90160000,2.16897500,28.79998000,33.43998000,0,0,0,1,
	1.84769200,5.26377300,2.90980000,2.31079900,28.63998000,31.51999000,0,0,0,1,
	1.85600000,5.26377300,2.90980000,2.31079900,28.15998000,27.35998000,0,0,0,1,
	1.86213800,5.31831000,2.91160000,2.46062000,27.91999000,25.03998000,0,0,0,1,
	1.87064800,5.31831000,2.91160000,2.46062000,27.67999000,23.03999000,0,0,0,1,
	1.87746800,5.31831000,2.91160000,2.46062000,27.43999000,20.31998000,0,0,0,1,
	1.88273900,5.35469500,2.90700000,2.61718200,27.19998000,18.07998000,0,0,0,1,
	1.89007200,5.35469500,2.90700000,2.61718200,27.11999000,16.47999000,0,0,0,1,
	1.89779600,5.35469500,2.90700000,2.61718200,26.87999000,14.55998000,0,0,0,1,
	1.90466100,5.37586800,2.89600000,2.77763200,26.63999000,12.47998000,0,0,0,1,
	1.91704900,5.37586800,2.89600000,2.77763200,26.47999000,10.55998000,0,0,1,1,
	1.93144800,5.39172300,2.87860000,2.93907200,26.07998000,7.59998500,0,0,1,0,
	1.94090400,5.41969500,2.85480000,3.09946200,25.75999000,4.95998500,0,0,1,0,
	1.94711800,5.41969500,2.85480000,3.09946200,25.51999000,3.75998400,0,0,1,0,
	1.95413700,5.41969500,2.85480000,3.09946200,25.35999000,3.19998400,0,0,1,0,
	1.95911700,5.44766800,2.82460000,3.25985100,25.27999000,2.87998400,0,0,1,0,
	1.96273500,5.44766800,2.82460000,3.25985100,25.27999000,2.79998400,0,0,1,0,
	1.96649400,5.44766800,2.82460000,3.25985100,25.27999000,2.79998400,0,0,1,0,
	1.97046600,5.44766800,2.82460000,3.25985100,25.27999000,2.79998400,0,0,1,0,
	1.97542400,5.44766800,2.82460000,3.25985100,25.27999000,2.79998400,0,0,1,0,
	1.98061800,5.47564000,2.78800000,3.42024000,25.19999000,2.79998400,0,0,1,0,
	1.98645900,5.47564000,2.78800000,3.42024000,25.19999000,2.87998400,0,0,1,0,
	1.99144600,5.47564000,2.78800000,3.42024000,25.11999000,2.95998400,0,0,1,0,
	1.99566200,5.47564000,2.78800000,3.42024000,25.03999000,3.11998400,0,0,1,0,
	2.00362700,5.50361200,2.74500000,3.58062900,24.95999000,3.27998400,0,0,1,0,
	2.00982500,5.50361200,2.74500000,3.58062900,24.87999000,3.75998400,0,0,1,0,
	2.01808900,5.53158400,2.69560000,3.74101800,24.71999000,4.07998400,0,0,1,0,
	2.02378100,5.53158400,2.69560000,3.74101800,24.63999000,4.71998400,0,0,1,0,
	2.03092100,5.53158400,2.69560000,3.74101800,24.55999000,5.19998400,0,0,1,0,
	2.03704100,5.53158400,2.69560000,3.74101800,24.47999000,5.91998400,0,0,1,0,
	2.04513500,5.56406500,2.63980000,3.90092800,24.47999000,6.55998400,0,0,1,0,
	2.05452600,5.56406500,2.63980000,3.90092800,24.39999000,7.51998400,0,0,1,0,
	2.06327600,5.60284600,2.57760000,4.05992400,24.31999000,8.79998400,0,0,1,0,
	2.07098400,5.60284600,2.57760000,4.05992400,24.23999000,10.15998000,0,0,1,0,
	2.07868200,5.64924200,2.68820000,4.21746200,24.23999000,11.51998000,0,0,1,0,
	2.08611700,5.64924200,2.68820000,4.21746200,24.15999000,12.87998000,0,0,1,0,
	2.09362900,5.64924200,2.68820000,4.21746200,24.07999000,14.15998000,0,0,1,0,
	2.10105300,5.70718100,2.79240000,4.37205800,23.91999000,15.67998000,0,0,1,0,
	2.11227800,5.70718100,2.79240000,4.37205800,23.83999000,17.19999000,0,0,1,0,
	2.11903300,5.77516200,2.89020000,4.52330000,23.75999000,19.35998000,0,0,1,0,
	2.12590300,5.77516200,2.89020000,4.52330000,23.75999000,20.79998000,0,0,1,0,
	2.13223300,5.77516200,2.89020000,4.52330000,23.75999000,22.31999000,0,0,1,0,
	2.14023300,5.85407100,2.98160000,4.67010600,23.75998000,23.43999000,0,0,1,0,
	2.14893600,5.85407100,2.98160000,4.67010600,23.67999000,25.11999000,0,0,1,0,
	2.15710600,5.85407100,2.98160000,4.67010600,23.67999000,26.95999000,0,0,1,0,
	2.16392000,5.94646100,3.06660000,4.81007100,23.67999000,28.63999000,0,0,1,0,
	2.17064700,5.94646100,3.06660000,4.81007100,23.67999000,30.23999000,0,0,1,0,
	2.17609400,5.94646100,3.06660000,4.81007100,23.67999000,31.75998000,0,0,1,0,
	2.18309800,6.04942300,3.14520000,4.94356000,23.67999000,32.87999000,0,0,1,0,
	2.19436200,6.04942300,3.14520000,4.94356000,23.67999000,34.23999000,0,0,1,0,
	2.20220500,6.16079900,3.21740000,5.07103300,23.67999000,36.39999000,0,0,1,0,
	2.21080000,6.16079900,3.21740000,5.07103300,23.67999000,38.07999000,0,0,1,0,
	2.21825400,6.27953000,3.28320000,5.19259100,23.67999000,39.59998000,0,0,1,0,
	2.22519900,6.27953000,3.28320000,5.19259100,23.67999000,40.79999000,0,0,1,0,
	2.23213700,6.27953000,3.28320000,5.19259100,23.75999000,42.07999000,0,0,1,0,
	2.23806300,6.40635500,3.34260000,5.30684800,23.75999000,43.27999000,0,0,1,0,
	2.24398200,6.40635500,3.34260000,5.30684800,23.75999000,44.23999000,0,0,1,0,
	2.25201000,6.40635500,3.34260000,5.30684800,23.75999000,45.27998000,0,0,1,0,
	2.25886500,6.54002300,3.39560000,5.41414700,23.75999000,46.55999000,0,0,1,0,
	2.26598100,6.54002300,3.39560000,5.41414700,23.75999000,47.67999000,0,0,1,0,
	2.27312800,6.54002300,3.39560000,5.41414700,23.75999000,48.79998000,0,0,1,0,
	2.28017500,6.68000100,3.44220000,5.51426500,23.75999000,49.75999000,0,0,1,0,
	2.28783600,6.68000100,3.44220000,5.51426500,23.75999000,50.79998000,0,0,1,0,
	2.29509600,6.68000100,3.44220000,5.51426500,23.75999000,51.91998000,0,0,1,0,
	2.30181100,6.82561800,3.48240000,5.60721800,23.75999000,52.79998000,0,0,1,0,
	2.30784400,6.82561800,3.48240000,5.60721800,23.75999000,53.59999000,0,0,1,0,
	2.31466700,6.82561800,3.48240000,5.60721800,23.75998000,54.15998000,0,0,1,0,
	2.32122600,6.97503300,3.51620000,5.69489600,23.75999000,54.95998000,0,0,1,0,
	2.32965800,6.97503300,3.51620000,5.69489600,23.75999000,55.51998000,0,0,1,0,
	2.33595300,6.97503300,3.51620000,5.69489600,23.83999000,56.31999000,0,0,1,0,
	2.34406600,7.12753700,3.54360000,5.77796000,23.83999000,56.79999000,0,0,1,0,
	2.35077600,7.12753700,3.54360000,5.77796000,23.91999000,57.59998000,0,0,1,0,
	2.35774500,7.12753700,3.54360000,5.77796000,24.07999000,58.15998000,0,0,1,0,
	2.36303600,7.28335600,3.56460000,5.85567700,24.15999000,58.87999000,0,0,1,0,
	2.36894500,7.28335600,3.56460000,5.85567700,24.23999000,59.27998000,0,0,1,0,
	2.37548900,7.28335600,3.56460000,5.85567700,24.23999000,59.75998000,0,0,1,0,
	2.38036800,7.44125000,3.57920000,5.92983100,24.39999000,60.23999000,0,0,1,0,
	2.38580800,7.44125000,3.57920000,5.92983100,24.39999000,60.71999000,0,0,1,0,
	2.39325900,7.44125000,3.57920000,5.92983100,24.47999000,61.19999000,0,0,1,0,
	2.39839500,7.60136500,3.58739900,5.99993700,24.55998000,61.75999000,0,0,1,0,
	2.40719700,7.60136500,3.58739900,5.99993700,24.63999000,62.15999000,0,0,1,0,
	2.41815700,7.76304700,3.58920000,6.06701500,24.79999000,62.87999000,0,0,1,0,
	2.42352800,7.76304700,3.58920000,6.06701500,24.87998000,63.76000000,0,0,1,0,
	2.42777300,7.76304700,3.58920000,6.06701500,24.95999000,64.24000000,0,0,1,0,
	2.43844200,7.92707400,3.58459900,6.12926800,25.03999000,64.63999000,0,0,1,0,
	2.44522300,7.92707400,3.58459900,6.12926800,25.19999000,65.52000000,0,0,1,0,
	2.45913100,8.09300500,3.57360000,6.18728400,25.27999000,66.16000000,0,0,1,0,
	2.46828100,8.09300500,3.57360000,6.18728400,25.51999000,67.59998000,0,0,1,0,
	2.47618500,8.09300500,3.57360000,6.18728400,25.67999000,68.63999000,0,0,1,0,
	2.48212600,8.26255600,3.55620000,6.23618900,25.75999000,69.35999000,0,0,1,0,
	2.48758900,8.26255600,3.55620000,6.23618900,25.83999000,70.07999000,0,0,1,0,
	2.49652100,8.26255600,3.55620000,6.23618900,25.91999000,70.71999000,0,0,1,0,
	2.50217800,8.43443900,3.53240000,6.27835300,26.07999000,71.67999000,0,0,1,0,
	2.51021000,8.43443900,3.53240000,6.27835300,26.15998000,72.16000000,0,0,1,0,
	2.51674800,8.43443900,3.53240000,6.27835300,26.31998000,73.12000000,0,0,1,0,
	2.52422900,8.60844600,3.50220000,6.31342800,26.39998000,74.07999000,0,0,1,0,
	2.53150900,8.60844600,3.50220000,6.31342800,26.55998000,74.95999000,0,0,1,0,
	2.53670200,8.60844600,3.50220000,6.31342800,26.71998000,76.23999000,0,0,1,0,
	2.54363500,8.78470900,3.46560000,6.33937200,26.79999000,77.11999000,0,0,1,0,
	2.55186200,8.78470900,3.46560000,6.33937200,26.95999000,78.39999000,0,0,1,0,
	2.56113700,8.96256000,3.42260000,6.35702100,27.11999000,79.84000000,0,0,1,0,
	2.57021500,8.96256000,3.42260000,6.35702100,27.27999000,81.67998000,0,0,1,0,
	2.57823100,9.14186700,3.37319900,6.36354800,27.43999000,83.43998000,0,0,1,0,
	2.58594400,9.14186700,3.37319900,6.36354800,27.59999000,85.11999000,0,0,1,0,
	2.59200600,9.14186700,3.37319900,6.36354800,27.67998000,86.71999000,0,0,1,0,
	2.59877200,9.32204700,3.31740000,6.35583200,27.83998000,87.99998000,0,0,1,0,
	2.60857300,9.32204700,3.31740000,6.35583200,27.91999000,89.35999000,0,0,1,0,
	2.61408200,9.32204700,3.31740000,6.35583200,27.99998000,91.75999000,0,0,1,0,
	2.61950800,9.50184800,3.30348000,6.33251600,28.07998000,92.95999000,0,0,1,0,
	2.62708600,9.50184800,3.30348000,6.33251600,28.15998000,94.31998000,0,0,1,0,
	2.63393700,9.50184800,3.30348000,6.33251600,28.15998000,96.31998000,0,0,1,0,
	2.64224100,9.67971100,3.30069600,6.29235600,28.23999000,98.31998000,0,0,1,0,
	2.65404200,9.67971100,3.30069600,6.29235600,28.31998000,100.56000000,0,0,1,0,
	2.66019000,9.85362000,3.41129600,6.23456700,28.39998000,104.00000000,0,0,1,0,
	2.67017900,9.85362000,3.41129600,6.23456700,28.39998000,105.60000000,0,0,1,0,
	2.67693700,9.85362000,3.41129600,6.23456700,28.39998000,108.48000000,0,0,1,0,
	2.68417300,10.02128000,3.51549600,6.15782500,28.39998000,110.24000000,0,0,1,0,
	2.68978400,10.02128000,3.51549600,6.15782500,28.39998000,112.16000000,0,0,1,0,
	2.69537800,10.02128000,3.51549600,6.15782500,28.39998000,113.52000000,0,0,1,0,
	2.70391900,10.18314000,3.61329600,6.06761400,28.39998000,114.80000000,0,0,1,0,
	2.71211000,10.18314000,3.61329600,6.06761400,28.39998000,117.04000000,0,0,1,0,
	2.71968100,10.33923000,3.70469600,5.96641800,28.39998000,118.64000000,0,0,1,0,
	2.73069500,10.33923000,3.70469600,5.96641800,28.39998000,120.32000000,0,0,1,0,
	2.73817000,10.48925000,3.78969600,5.85525000,28.47998000,122.24000000,0,0,1,0,
	2.74403000,10.48925000,3.78969600,5.85525000,28.47998000,123.28000000,0,0,1,0,
	2.75275600,10.48925000,3.78969600,5.85525000,28.47998000,124.08000000,0,0,1,0,
	2.76096500,10.63400000,3.86829600,5.73632600,28.47998000,125.12000000,0,0,1,1,
	2.77186800,10.63400000,3.86829600,5.73632600,28.47999000,125.76000000,0,0,0,1,
	2.77949600,10.79164000,3.94049600,5.63498900,28.47998000,126.24000000,0,0,0,1,
	2.78329000,10.79164000,3.94049600,5.63498900,28.47998000,126.40000000,0,0,0,1,
	2.78716300,10.79164000,3.94049600,5.63498900,28.47998000,126.40000000,0,0,0,1,
	2.79021200,10.79164000,3.94049600,5.63498900,28.47998000,126.40000000,0,0,0,1,
	2.79383000,10.79164000,3.94049600,5.63498900,28.47998000,126.40000000,0,0,0,1,
	2.79670200,10.79164000,3.94049600,5.63498900,28.47998000,126.40000000,0,0,0,1,
	2.80080100,10.95048000,4.00629600,5.53527600,28.47998000,126.40000000,0,0,0,1,
	2.80529100,10.95048000,4.00629600,5.53527600,28.47998000,126.40000000,0,0,0,1,
	2.80840100,10.95048000,4.00629600,5.53527600,28.47998000,126.40000000,0,0,0,1,
	2.81206600,10.95048000,4.00629600,5.53527600,28.47998000,126.40000000,0,0,0,1,
	2.81527400,10.95048000,4.00629600,5.53527600,28.47998000,126.40000000,0,0,0,1,
	2.81895400,11.10932000,4.06569600,5.43556400,28.47998000,126.40000000,0,0,0,1,
	2.82290200,11.10932000,4.06569600,5.43556400,28.47998000,126.40000000,0,0,0,1,
	2.82779800,11.10932000,4.06569600,5.43556400,28.47998000,126.40000000,0,0,0,1,
	2.83075500,11.10932000,4.06569600,5.43556400,28.47998000,126.32000000,0,0,0,1,
	2.83602600,11.10932000,4.06569600,5.43556400,28.47998000,126.32000000,0,0,0,1,
	2.84149400,11.26847000,4.11869600,5.33627200,28.47998000,126.24000000,0,0,0,1,
	2.84722600,11.26847000,4.11869600,5.33627200,28.47998000,126.16000000,0,0,0,1,
	2.85313300,11.26847000,4.11869600,5.33627200,28.47998000,126.00000000,0,0,0,1,
	2.85871500,11.42838000,4.16529600,5.23803700,28.47998000,125.84000000,0,0,0,1,
	2.86440300,11.42838000,4.16529600,5.23803700,28.47998000,125.68000000,0,0,0,1,
	2.87045000,11.42838000,4.16529600,5.23803700,28.47999000,125.44000000,0,0,0,1,
	2.87627100,11.42838000,4.16529600,5.23803700,28.47998000,125.20000000,0,0,0,1,
	2.88148300,11.58996000,4.20549600,5.14215000,28.47998000,124.96000000,0,0,0,1,
	2.88631200,11.58996000,4.20549600,5.14215000,28.47998000,124.64000000,0,0,0,1,
	2.89282000,11.58996000,4.20549600,5.14215000,28.47998000,124.40000000,0,0,0,1,
	2.89935300,11.75374000,4.23929600,5.04951400,28.47998000,123.76000000,0,0,0,1,
	2.90671200,11.75374000,4.23929600,5.04951400,28.47998000,123.36000000,0,0,0,1,
	2.91241400,11.75374000,4.23929600,5.04951400,28.47998000,122.64000000,0,0,0,1,
	2.91797000,11.92049000,4.26669600,4.96151700,28.47999000,122.08000000,0,0,0,1,
	2.92336800,11.92049000,4.26669600,4.96151700,28.47999000,121.44000000,0,0,0,1,
	2.92771900,11.92049000,4.26669600,4.96151700,28.47998000,120.96000000,0,0,0,1,
	2.93471400,11.92049000,4.26669600,4.96151700,28.47998000,120.48000000,0,0,0,1,
	2.94212700,12.09138000,4.28769600,4.88054100,28.47998000,119.60000000,0,0,0,1,
	2.94869800,12.09138000,4.28769600,4.88054100,28.47998000,118.80000000,0,0,0,1,
	2.95411500,12.09138000,4.28769600,4.88054100,28.47998000,118.00000000,0,0,0,1,
	2.96213300,12.26586000,4.30229600,4.80631400,28.39998000,117.28000000,0,0,0,1,
	2.96882900,12.26586000,4.30229600,4.80631400,28.39998000,116.32000000,0,0,0,1,
	2.97616500,12.26586000,4.30229600,4.80631400,28.39998000,115.44000000,0,0,0,1,
	2.98262400,12.44431000,4.31049600,4.74044600,28.39998000,114.48000000,0,0,0,1,
	2.98950500,12.44431000,4.31049600,4.74044600,28.39998000,113.52000000,0,0,0,1,
	2.99623000,12.44431000,4.31049600,4.74044600,28.39998000,112.64000000,0,0,0,1,
	3.00368600,12.62615000,4.31229600,4.68265200,28.39998000,111.84000000,0,0,0,1,
	3.00979400,12.62615000,4.31229600,4.68265200,28.39998000,110.56000000,0,0,0,1,
	3.01705200,12.62615000,4.31229600,4.68265200,28.39998000,109.68000000,0,0,0,1,
	3.02464100,12.81149000,4.30769600,4.63462800,28.39998000,108.72000000,0,0,0,1,
	3.03182500,12.81149000,4.30769600,4.63462800,28.39998000,107.44000000,0,0,0,1,
	3.03818200,12.99916000,4.29669600,4.59426500,28.39998000,106.32000000,0,0,0,1,
	3.04591000,12.99916000,4.29669600,4.59426500,28.39998000,105.36000000,0,0,0,1,
	3.05769500,12.99916000,4.29669600,4.59426500,28.39998000,103.84000000,0,0,0,1,
	3.06415600,13.19027000,4.27929600,4.56850400,28.39998000,101.84000000,0,0,0,1,
	3.07231400,13.19027000,4.27929600,4.56850400,28.39998000,100.80000000,0,0,0,1,
	3.07918000,13.38276000,4.25549600,4.55042000,28.39998000,99.51998000,0,0,0,1,
	3.08892800,13.38276000,4.25549600,4.55042000,28.39998000,98.31998000,0,0,0,1,
	3.09535600,13.38276000,4.25549600,4.55042000,28.39998000,96.71999000,0,0,0,1,
	3.10100400,13.57676000,4.22529600,4.54465100,28.39998000,95.83999000,0,0,0,1,
	3.10785100,13.57676000,4.22529600,4.54465100,28.39998000,94.87999000,0,0,0,1,
	3.11619400,13.57676000,4.22529600,4.54465100,28.39998000,93.75999000,0,0,0,1,
	3.12303500,13.77146000,4.18869600,4.54995900,28.47998000,92.55999000,0,0,0,1,
	3.12882300,13.77146000,4.18869600,4.54995900,28.47998000,91.35999000,0,0,0,1,
	3.13487900,13.77146000,4.18869600,4.54995900,28.47998000,90.31998000,0,0,0,1,
	3.14078200,13.96625000,4.14569600,4.56613600,28.47998000,89.35999000,0,0,0,1,
	3.14651800,13.96625000,4.14569600,4.56613600,28.47998000,88.48000000,0,0,0,1,
	3.15393600,13.96625000,4.14569600,4.56613600,28.47998000,87.43999000,0,0,0,1,
	3.16212200,14.16046000,4.09629600,4.59375000,28.47998000,85.99999000,0,0,0,1,
	3.16884400,14.16046000,4.09629600,4.59375000,28.47999000,84.48000000,0,0,0,1,
	3.17702600,14.16046000,4.09629600,4.59375000,28.47998000,83.20000000,0,0,0,1,
	3.18277500,14.35289000,4.04049600,4.63604100,28.47998000,81.68000000,0,0,0,1,
	3.18981400,14.35289000,4.04049600,4.63604100,28.47998000,80.55999000,0,0,0,1,
	3.19769600,14.35289000,4.04049600,4.63604100,28.55999000,79.28000000,0,0,0,1,
	3.20521200,14.54277000,3.97829600,4.69155800,28.55998000,77.76000000,0,0,0,1,
	3.21193000,14.54277000,3.97829600,4.69155800,28.63998000,76.40000000,0,0,0,1,
	3.21917100,14.73025000,4.08889600,4.75643200,28.63999000,74.96000000,0,0,0,1,
	3.22799400,14.73025000,4.08889600,4.75643200,28.71999000,73.52000000,0,0,0,1,
	3.23917200,14.91422000,4.19309600,4.83238600,28.79998000,71.59999000,0,0,0,1,
	3.24918600,14.91422000,4.19309600,4.83238600,28.87998000,69.20000000,0,0,0,1,
	3.25466000,14.91422000,4.19309600,4.83238600,28.87998000,66.88000000,0,0,0,1,
	3.26172300,15.08987000,4.29089500,4.92835200,28.87998000,65.36000000,0,0,0,1,
	3.27592800,15.08987000,4.29089500,4.92835200,28.87998000,63.60001000,0,0,0,1,
	3.28212300,15.25633000,4.38229600,5.04095000,28.87998000,59.92000000,0,0,0,1,
	3.28911900,15.25633000,4.38229600,5.04095000,28.87999000,58.40000000,0,0,0,1,
	3.29671900,15.25633000,4.38229600,5.04095000,28.87998000,56.64000000,0,0,0,1,
	3.30418400,15.41255000,4.46729600,5.16896900,28.95999000,54.64000000,0,0,0,1,
	3.31191700,15.41255000,4.46729600,5.16896900,28.95998000,53.04000000,0,0,0,1,
	3.32118100,15.56094000,4.54589600,5.30697000,28.95998000,51.04000000,0,0,0,1,
	3.32882300,15.56094000,4.54589600,5.30697000,28.95998000,48.72001000,0,0,0,1,
	3.33519700,15.56094000,4.54589600,5.30697000,28.95998000,46.88000000,0,0,0,1,
	3.34210400,15.69610000,4.61809500,5.45932100,28.95998000,45.52000000,0,0,0,1,
	3.35112600,15.69610000,4.61809500,5.45932100,28.95998000,43.84001000,0,0,0,1,
	3.35888300,15.82079000,4.68389600,5.62127100,28.95998000,41.52001000,0,0,0,1,
	3.36666300,15.82079000,4.68389600,5.62127100,28.95998000,39.52000000,0,0,0,1,
	3.37275800,15.82079000,4.68389600,5.62127100,28.87999000,37.28000000,0,0,0,1,
	3.37822500,15.92873000,4.74329600,5.79609300,28.71999000,35.60001000,0,0,0,1,
	3.38509600,15.92873000,4.74329600,5.79609300,28.63998000,34.24000000,0,0,0,1,
	3.39106200,15.92873000,4.74329600,5.79609300,28.39998000,32.24001000,0,0,0,1,
	3.39818900,16.02138000,4.79629600,5.98055000,28.23999000,30.56001000,0,0,0,1,
	3.40514900,16.02138000,4.79629600,5.98055000,27.99998000,28.64000000,0,0,0,1,
	3.41379000,16.02138000,4.79629600,5.98055000,27.83998000,26.72000000,0,0,0,1,
	3.42163100,16.09309000,4.84289600,6.17531800,27.59999000,24.08000000,0,0,0,1,
	3.42799100,16.09309000,4.84289600,6.17531800,27.43999000,22.16000000,0,0,0,1,
	3.43384400,16.09309000,4.84289600,6.17531800,27.27999000,20.40000000,0,0,0,1,
	3.44271700,16.14717000,4.88309500,6.37671400,27.19999000,18.88000000,0,0,0,1,
	3.44833700,16.14717000,4.88309500,6.37671400,27.03999000,16.24000000,0,0,0,1,
	3.45427400,16.14717000,4.88309500,6.37671400,26.87998000,14.48000000,0,0,0,1,
	3.46112200,16.18128000,4.91689500,6.58346300,26.87999000,13.20000000,0,0,0,1,
	3.46994000,16.18128000,4.91689500,6.58346300,26.71999000,10.96000000,0,0,0,1,
	3.48119300,16.19693000,4.94429500,6.79325000,26.47999000,8.08000300,0,0,0,1,
	3.48909900,16.19693000,4.94429500,6.79325000,26.15999000,4.72000200,0,0,0,1,
	3.49608800,16.19693000,4.94429500,6.79325000,25.91998000,2.08000100,0,0,0,1,
	3.50507700,16.18145000,4.96529500,7.00433900,25.59999000,359.60000000,0,0,0,1,
	3.51161700,16.18145000,4.96529500,7.00433900,25.27999000,356.56000000,0,0,0,1,
	3.51707800,16.18145000,4.96529500,7.00433900,25.03999000,354.24000000,0,0,0,1,
	3.52483100,16.14124000,4.97989500,7.21326900,24.87999000,352.88000000,0,0,0,1,
	3.53617700,16.14124000,4.97989500,7.21326900,24.63999000,350.32000000,0,0,0,1,
	3.54321500,16.07865000,4.98809500,7.41752900,24.39999000,346.72000000,0,0,0,1,
	3.55340800,16.07865000,4.98809500,7.41752900,24.23999000,344.40000000,0,0,0,1,
	3.56124000,15.99422000,4.98989500,7.61469400,23.99999000,340.56000000,0,0,0,1,
	3.56762900,15.99422000,4.98989500,7.61469400,23.83999000,338.00000000,0,0,0,1,
	3.57397900,15.99422000,4.98989500,7.61469400,23.67999000,335.52000000,0,0,0,1,
	3.58677500,15.88547000,4.98529500,7.80093100,23.51999000,333.44000000,0,0,0,1,
	3.59703800,15.88547000,4.98529500,7.80093100,23.11999000,328.64000000,0,0,0,1,
	3.60894300,15.75113000,4.97429500,7.97074600,22.71999000,325.36000000,0,0,0,1,
	3.63122700,15.60455000,4.95689500,8.13071500,22.31999000,321.20000000,0,0,0,1,
	3.65539600,15.44166000,4.93309500,8.27444700,21.59999000,315.12000000,0,0,0,1,
	3.66424600,15.26493000,4.90289500,8.40130200,21.11999000,309.36000000,0,0,0,1,
	3.68085900,15.08324000,4.86629500,8.52163200,20.95999000,307.20000000,0,0,0,1,
	3.68968300,15.08324000,4.86629500,8.52163200,20.79999000,304.32000000,0,0,0,1,
	3.69782600,15.08324000,4.86629500,8.52163200,20.79999000,303.04000000,0,0,0,1,
	3.70594000,14.89126000,4.82329500,8.62652200,20.71999000,302.32000000,0,0,0,1,
	3.71230400,14.89126000,4.82329500,8.62652200,20.71999000,302.16000000,0,0,0,1,
	3.71930300,14.69896000,4.77389500,8.73089600,20.71999000,302.16000000,0,0,0,1,
	3.72954700,14.69896000,4.77389500,8.73089600,20.71999000,302.32000000,0,0,0,1,
	3.74733300,14.50666000,4.88449500,8.83527000,20.71999000,302.88000000,0,0,1,0,
	3.75927800,14.33474000,4.98869500,8.96879900,20.71999000,304.96000000,0,0,1,0,
	3.76708900,14.33474000,4.98869500,8.96879900,20.79999000,307.12000000,0,0,1,0,
	3.77592000,14.33474000,4.98869500,8.96879900,20.87999000,309.04000000,0,0,1,0,
	3.78429000,14.18007000,5.08649500,9.12362300,21.11999000,311.36000000,0,0,1,0,
	3.79499900,14.18007000,5.08649500,9.12362300,21.27999000,313.60000000,0,0,1,0,
	3.80214800,14.04044000,5.17789500,9.29320900,21.59999000,316.88000000,0,0,1,0,
	3.81031300,14.04044000,5.17789500,9.29320900,21.75999000,319.28000000,0,0,1,0,
	3.81762900,14.04044000,5.17789500,9.29320900,21.99999000,322.24000000,0,0,1,0,
	3.82537700,13.92611000,5.26289500,9.48224400,22.23999000,325.20000000,0,0,1,0,
	3.83625500,13.92611000,5.26289500,9.48224400,22.39999000,327.60000000,0,0,1,0,
	3.84450200,13.83232000,5.34149500,9.68318800,22.71999000,331.36000000,0,0,1,0,
	3.85187100,13.83232000,5.34149500,9.68318800,23.03999000,334.40000000,0,0,1,0,
	3.86059200,13.75594000,5.41369500,9.89220000,23.19999000,336.32000000,0,0,1,0,
	3.87992000,13.68795000,5.47949500,10.10449000,23.51999000,338.64000000,0,0,1,1,
	3.89395700,13.68795000,5.47949500,10.10449000,23.91999000,342.00000000,0,0,0,1,
	3.90226800,13.60954000,5.53889500,10.31360000,24.15999000,343.04000000,0,0,0,1,
	3.90792200,13.60954000,5.53889500,10.31360000,24.15999000,343.12000000,0,0,0,1,
	3.91252900,13.60954000,5.53889500,10.31360000,24.23998000,343.12000000,0,0,0,1,
	3.91647000,13.60954000,5.53889500,10.31360000,24.23999000,342.96000000,0,0,0,1,
	3.92087700,13.53054000,5.59189500,10.52253000,24.23999000,342.88000000,0,0,0,1,
	3.92693000,13.53054000,5.59189500,10.52253000,24.31999000,342.56000000,0,0,0,1,
	3.93274500,13.53054000,5.59189500,10.52253000,24.39999000,342.16000000,0,0,0,1,
	3.93713100,13.53054000,5.59189500,10.52253000,24.39999000,341.52000000,0,0,0,1,
	3.94192700,13.44414000,5.63849500,10.72900000,24.47999000,340.88000000,0,0,0,1,
	3.94775200,13.44414000,5.63849500,10.72900000,24.47998000,340.24000000,0,0,0,1,
	3.95393500,13.44414000,5.63849500,10.72900000,24.47998000,339.04000000,0,0,0,1,
	3.95785500,13.44414000,5.63849500,10.72900000,24.47999000,337.92000000,0,0,0,1,
	3.96295700,13.34351000,5.67869500,10.92984000,24.47999000,336.96000000,0,0,0,1,
	3.96881800,13.34351000,5.67869500,10.92984000,24.39999000,335.68000000,0,0,0,1,
	3.97450100,13.34351000,5.67869500,10.92984000,24.31999000,334.16000000,0,0,0,1,
	3.97991300,13.22765000,5.71249500,11.12328000,24.15999000,332.64000000,0,0,0,1,
	3.98464500,13.22765000,5.71249500,11.12328000,24.07999000,331.36000000,0,0,0,1,
	3.99073000,13.22765000,5.71249500,11.12328000,23.91999000,329.84000000,0,0,0,1,
	3.99614100,13.22765000,5.71249500,11.12328000,23.83999000,328.40000000,0,0,0,1,
	4.00272300,13.09314000,5.73989500,11.30558000,23.67999000,327.12000000,0,0,0,1,
	4.00856000,13.09314000,5.73989500,11.30558000,23.43999000,325.12000000,0,0,0,1,
	4.01274600,13.09314000,5.73989500,11.30558000,23.27999000,323.84000000,0,0,0,1,
	4.01877000,12.94477000,5.76089500,11.47789000,23.19999000,322.80000000,0,0,0,1,
	4.02442100,12.94477000,5.76089500,11.47789000,23.03999000,321.52000000,0,0,0,1,
	4.03048500,12.94477000,5.76089500,11.47789000,22.87999000,320.24000000,0,0,0,1,
	4.03607500,12.94477000,5.76089500,11.47789000,22.71999000,319.04000000,0,0,0,1,
	4.04012600,12.78255000,5.77549500,11.63856000,22.63999000,318.24000000,0,0,0,1,
	4.04653000,12.78255000,5.77549500,11.63856000,22.55999000,317.60000000,0,0,0,1,
	4.05210200,12.78255000,5.77549500,11.63856000,22.47999000,316.64000000,0,0,0,1,
	4.06238900,12.61407000,5.78369500,11.79333000,22.39999000,316.08000000,0,0,1,0,
	4.07243400,12.61407000,5.78369500,11.79333000,22.23999000,315.04000000,0,0,1,0,
	4.07796000,12.46021000,5.78549500,11.96270000,22.07999000,314.24000000,0,0,1,0,
	4.08201800,12.46021000,5.78549500,11.96270000,21.99999000,313.92000000,0,0,1,0,
	4.08716600,12.46021000,5.78549500,11.96270000,21.99999000,313.76000000,0,0,1,0,
	4.09254700,12.46021000,5.78549500,11.96270000,21.99999000,313.52000000,0,0,1,0,
	4.09757700,12.46021000,5.78549500,11.96270000,21.91999000,313.44000000,0,0,1,0,
	4.10302700,12.30635000,5.78089500,12.13208000,21.91999000,313.36000000,0,0,1,0,
	4.10976300,12.30635000,5.78089500,12.13208000,21.91999000,313.28000000,0,0,1,0,
	4.11381100,12.30635000,5.78089500,12.13208000,21.83999000,313.28000000,0,0,1,0,
	4.11649000,12.30635000,5.78089500,12.13208000,21.83999000,313.28000000,0,0,1,0,
	4.12041400,12.15249000,5.76989500,12.30145000,21.83999000,313.28000000,0,0,1,0,
	4.12395100,12.15249000,5.76989500,12.30145000,21.83999000,313.28000000,0,0,1,0,
	4.12784400,12.15249000,5.76989500,12.30145000,21.83999000,313.28000000,0,0,1,0,
	4.13049400,12.15249000,5.76989500,12.30145000,21.83999000,313.28000000,0,0,1,0,
	4.13448500,12.15249000,5.76989500,12.30145000,21.83999000,313.28000000,0,0,1,0,
	4.13749200,12.15249000,5.76989500,12.30145000,21.83999000,313.28000000,0,0,1,0,
	4.14173600,11.99862000,5.75249500,12.47083000,21.83999000,313.28000000,0,0,1,0,
	4.14509300,11.99862000,5.75249500,12.47083000,21.83999000,313.28000000,0,0,1,0,
	4.14898700,11.99862000,5.75249500,12.47083000,21.83999000,313.28000000,0,0,1,0,
	4.15218100,11.99862000,5.75249500,12.47083000,21.83999000,313.28000000,0,0,1,0,
	4.15625300,11.99862000,5.75249500,12.47083000,21.83999000,313.28000000,0,0,1,0,
	4.15898200,11.84476000,5.72869500,12.64020000,21.83999000,313.28000000,0,0,1,0,
	4.16354400,11.84476000,5.72869500,12.64020000,21.83999000,313.28000000,0,0,1,0,
	4.16684200,11.84476000,5.72869500,12.64020000,21.83999000,313.28000000,0,0,1,0,
	4.17078200,11.84476000,5.72869500,12.64020000,21.83999000,313.28000000,0,0,1,0,
	4.17417400,11.84476000,5.72869500,12.64020000,21.83999000,313.28000000,0,0,1,0,
	4.17766300,11.84476000,5.72869500,12.64020000,21.83999000,313.28000000,0,0,1,0,
	4.18116300,11.69090000,5.69849500,12.80958000,21.83999000,313.28000000,0,0,1,0,
	4.18563900,11.69090000,5.69849500,12.80958000,21.83999000,313.28000000,0,0,1,0,
	4.18985900,11.69090000,5.69849500,12.80958000,21.83999000,313.28000000,0,0,1,0,
	4.19287900,11.69090000,5.69849500,12.80958000,21.83999000,313.28000000,0,0,1,0,
	4.19736200,11.69090000,5.69849500,12.80958000,21.83999000,313.28000000,0,0,1,0,
	4.20248900,11.53704000,5.66189500,12.97895000,21.83999000,313.28000000,0,0,1,0,
	4.20750600,11.53704000,5.66189500,12.97895000,21.83999000,313.36000000,0,0,1,0,
	4.21332700,11.53704000,5.66189500,12.97895000,21.83999000,313.36000000,0,0,1,0,
	4.21810900,11.38318000,5.61889500,13.14832000,21.83999000,313.44000000,0,0,1,0,
	4.22387000,11.38318000,5.61889500,13.14832000,21.83999000,313.44000000,0,0,1,0,
	4.22719900,11.38318000,5.61889500,13.14832000,21.75998000,313.52000000,0,0,1,0,
	4.23287200,11.38318000,5.61889500,13.14832000,21.75998000,313.52000000,0,0,1,0,
	4.23795100,11.22931000,5.60377900,13.31770000,21.67999000,313.60000000,0,0,1,0,
	4.24441200,11.22931000,5.60377900,13.31770000,21.67999000,313.68000000,0,0,1,0,
	4.24924900,11.22931000,5.60377900,13.31770000,21.59999000,313.84000000,0,0,1,0,
	4.25503500,11.22931000,5.60377900,13.31770000,21.51999000,314.00000000,0,0,1,0,
	4.26093100,11.07568000,5.60075600,13.48730000,21.51999000,314.32000000,0,0,1,0,
	4.27197500,11.07568000,5.60075600,13.48730000,21.35999000,314.72000000,0,0,1,0,
	4.28864000,10.92544000,5.71135600,13.66027000,21.19999000,315.52000000,0,0,1,0,
	4.29588400,10.92544000,5.71135600,13.66027000,20.95999000,317.76000000,0,0,1,0,
	4.30476000,10.78495000,5.81555600,13.84200000,20.88000000,318.80000000,0,0,1,0,
	4.31110800,10.78495000,5.81555600,13.84200000,20.87999000,320.32000000,0,0,1,0,
	4.31861800,10.65266000,5.91335500,14.03041000,20.79999000,321.44000000,0,0,1,0,
	4.32825400,10.65266000,5.91335500,14.03041000,20.79999000,322.96000000,0,0,1,0,
	4.33345900,10.65266000,5.91335500,14.03041000,20.79999000,324.96000000,0,0,1,0,
	4.34133900,10.53611000,6.00475500,14.22998000,20.71999000,326.24000000,0,0,1,0,
	4.34842300,10.53611000,6.00475500,14.22998000,20.71999000,328.24000000,0,0,1,0,
	4.35316700,10.53611000,6.00475500,14.22998000,20.71999000,329.84000000,0,0,1,0,
	4.35989700,10.43680000,6.08975600,14.43968000,20.63999000,331.20000000,0,0,1,0,
	4.36684100,10.43680000,6.08975600,14.43968000,20.63999000,333.28000000,0,0,1,0,
	4.37596900,10.43680000,6.08975600,14.43968000,20.55999000,335.28000000,0,0,1,0,
	4.38524800,10.36199000,6.16835500,14.66047000,20.47999000,337.84000000,0,0,1,0,
	4.39263200,10.36199000,6.16835500,14.66047000,20.39999000,341.12000000,0,0,1,0,
	4.39875800,10.31013000,6.24055500,14.88858000,20.39999000,343.76000000,0,0,1,0,
	4.40699300,10.31013000,6.24055500,14.88858000,20.39999000,345.76000000,0,0,1,0,
	4.41395400,10.31013000,6.24055500,14.88858000,20.39999000,348.40000000,0,0,1,0,
	4.42803300,10.28676000,6.30635500,15.12248000,20.39999000,350.88000000,0,0,1,0,
	4.43671400,10.28676000,6.30635500,15.12248000,20.55999000,355.68000000,0,0,1,0,
	4.44271700,10.29517000,6.36575600,15.35814000,20.71999000,358.64000000,0,0,1,0,
	4.44854300,10.29517000,6.36575600,15.35814000,20.71999000,0.56000710,0,0,1,0,
	4.45586200,10.29517000,6.36575600,15.35814000,20.79999000,2.24000800,0,0,1,0,
	4.46348900,10.32792000,6.41875600,15.59270000,20.87999000,4.56000800,0,0,1,0,
	4.47023800,10.32792000,6.41875600,15.59270000,20.95999000,6.88000900,0,0,1,0,
	4.47672100,10.32792000,6.41875600,15.59270000,21.03999000,8.64000800,0,0,1,0,
	4.49018300,10.38553000,6.46535500,15.82349000,21.11999000,10.64001000,0,0,1,0,
	4.49592400,10.38553000,6.46535500,15.82349000,21.19999000,14.16001000,0,0,1,0,
	4.50055300,10.46432000,6.50555500,16.04870000,21.19999000,15.92001000,0,0,1,0,
	4.50594900,10.46432000,6.50555500,16.04870000,21.19999000,16.80001000,0,0,1,0,
	4.51577700,10.46432000,6.50555500,16.04870000,21.27999000,18.08001000,0,0,1,0,
	4.51973200,10.56075000,6.53935500,16.26783000,21.27999000,20.40001000,0,0,1,0,
	4.52597300,10.56075000,6.53935500,16.26783000,21.35999000,21.20001000,0,0,1,0,
	4.53208500,10.56075000,6.53935500,16.26783000,21.35999000,22.32001000,0,0,1,0,
	4.53788900,10.56075000,6.53935500,16.26783000,21.43999000,23.36001000,0,0,1,0,
	4.54481100,10.67257000,6.56675500,16.48046000,21.51999000,24.40001000,0,0,1,0,
	4.55118100,10.67257000,6.56675500,16.48046000,21.51999000,25.52001000,0,0,1,0,
	4.55888300,10.79164000,6.58775500,16.68957000,21.59999000,26.32001000,0,0,1,0,
	4.56717600,10.79164000,6.58775500,16.68957000,21.67999000,27.36001000,0,0,1,0,
	4.57923000,10.91783000,6.60235500,16.89493000,21.75998000,28.24001000,0,0,1,0,
	4.58683100,10.91783000,6.60235500,16.89493000,21.91999000,29.36001000,0,0,1,0,
	4.59137700,10.91783000,6.60235500,16.89493000,21.99999000,30.00001000,0,0,1,0,
	4.59765900,10.91783000,6.60235500,16.89493000,21.99999000,30.32001000,0,0,1,0,
	4.60750700,11.05306000,6.61055500,17.09510000,22.07999000,30.72001000,0,0,1,0,
	4.61393400,11.05306000,6.61055500,17.09510000,22.15999000,31.36001000,0,0,1,0,
	4.61858100,11.19231000,6.61235500,17.29280000,22.23999000,31.84001000,0,0,1,0,
	4.62543900,11.19231000,6.61235500,17.29280000,22.23999000,32.08001000,0,0,1,0,
	4.63024600,11.19231000,6.61235500,17.29280000,22.31999000,32.48001000,0,0,1,0,
	4.63820400,11.33469000,6.60775500,17.48852000,22.31999000,32.72002000,0,0,1,0,
	4.64441100,11.33469000,6.60775500,17.48852000,22.31999000,33.20001000,0,0,1,0,
	4.65059600,11.33469000,6.60775500,17.48852000,22.39999000,33.52001000,0,0,1,0,
	4.65725800,11.33469000,6.60775500,17.48852000,22.39999000,33.76001000,0,0,1,0,
	4.66227300,11.48157000,6.59675500,17.68124000,22.39999000,34.00002000,0,0,1,0,
	4.66893000,11.48157000,6.59675500,17.68124000,22.39999000,34.16002000,0,0,1,0,
	4.67241000,11.48157000,6.59675500,17.68124000,22.39999000,34.24002000,0,0,1,0,
	4.67659700,11.48157000,6.59675500,17.68124000,22.39999000,34.24002000,0,0,1,0,
	4.67959400,11.62930000,6.57935500,17.87340000,22.39999000,34.24002000,0,0,1,0,
	4.68420800,11.62930000,6.57935500,17.87340000,22.39999000,34.24002000,0,0,1,0,
	4.68701100,11.62930000,6.57935500,17.87340000,22.39999000,34.24002000,0,0,1,0,
	4.69147000,11.62930000,6.57935500,17.87340000,22.39999000,34.24002000,0,0,1,0,
	4.69414400,11.62930000,6.57935500,17.87340000,22.39999000,34.24002000,0,0,1,0,
	4.69901200,11.77702000,6.55555500,18.06556000,22.39999000,34.24002000,0,0,1,0,
	4.70311900,11.77702000,6.55555500,18.06556000,22.39999000,34.24002000,0,0,1,0,
	4.70613800,11.77702000,6.55555500,18.06556000,22.39999000,34.24002000,0,0,1,0,
	4.70953200,11.77702000,6.55555500,18.06556000,22.39999000,34.24002000,0,0,1,0,
	4.71308500,11.77702000,6.55555500,18.06556000,22.39999000,34.24002000,0,0,1,0,
	4.71650500,11.77702000,6.55555500,18.06556000,22.39999000,34.24002000,0,0,1,0,
	4.71992200,11.92474000,6.52535500,18.25772000,22.39999000,34.24002000,0,0,1,0,
	4.72698500,11.92474000,6.52535500,18.25772000,22.39999000,34.24002000,0,0,1,1,
	4.73384700,11.92474000,6.52535500,18.25772000,22.39999000,34.16002000,0,0,1,1,
	4.73944400,12.07246000,6.48875500,18.44987000,22.39999000,34.08002000,0,0,1,1,
	4.74495500,12.07246000,6.48875500,18.44987000,22.47999000,33.92002000,0,0,1,1,
	4.75234400,12.07246000,6.48875500,18.44987000,22.47999000,33.76001000,0,0,1,1,
	4.75775700,12.07246000,6.48875500,18.44987000,22.55999000,33.44001000,0,0,0,1,
	4.76454900,12.21112000,6.44575500,18.64796000,22.55999000,33.20001000,0,0,0,1,
	4.77074100,12.21112000,6.44575500,18.64796000,22.63999000,32.72002000,0,0,0,1,
	4.77794000,12.32786000,6.39635500,18.85997000,22.71999000,32.08001000,0,0,0,1,
	4.78558300,12.32786000,6.39635500,18.85997000,22.71999000,31.44001000,0,0,0,1,
	4.79475400,12.32786000,6.39635500,18.85997000,22.71999000,30.56001000,0,0,0,1,
	4.80414500,12.43441000,6.34055500,19.07792000,22.71999000,29.36001000,0,0,0,1,
	4.81620200,12.43441000,6.34055500,19.07792000,22.71999000,28.16001000,0,0,0,1,
	4.82309200,12.53073000,6.27835500,19.30116000,22.71999000,26.64002000,0,0,0,1,
	4.83034400,12.53073000,6.27835500,19.30116000,22.79999000,25.68001000,0,0,0,1,
	4.83724200,12.53073000,6.27835500,19.30116000,22.79999000,24.80001000,0,0,0,1,
	4.84552800,12.61596000,6.20975500,19.52950000,22.79999000,23.76001000,0,0,0,1,
	4.85093300,12.61596000,6.20975500,19.52950000,22.79999000,22.48001000,0,0,0,1,
	4.85799800,12.69363000,6.13475500,19.76094000,22.87999000,21.84001000,0,0,0,1,
	4.86548500,12.69363000,6.13475500,19.76094000,22.87999000,20.48001000,0,0,0,1,
	4.87202000,12.69363000,6.13475500,19.76094000,22.95999000,19.12001000,0,0,0,1,
	4.87863200,12.75586000,6.05335500,19.99777000,23.03999000,18.00001000,0,0,0,1,
	4.88536800,12.75586000,6.05335500,19.99777000,23.11999000,16.32001000,0,0,0,1,
	4.89213500,12.75586000,6.05335500,19.99777000,23.11999000,15.04001000,0,0,0,1,
	4.89635700,12.75586000,6.05335500,19.99777000,23.19999000,13.28001000,0,0,0,1,
	4.90353300,12.79458000,6.16395500,20.24065000,23.19999000,12.32001000,0,0,0,1,
	4.91321700,12.79458000,6.16395500,20.24065000,23.19999000,10.72001000,0,0,0,1,
	4.92116600,12.81669000,6.26815500,20.48626000,23.19999000,8.40001000,0,0,0,1,
	4.93035500,12.81669000,6.26815500,20.48626000,23.19999000,6.40001000,0,0,0,1,
	4.93778600,12.81669000,6.26815500,20.48626000,23.19999000,4.16001000,0,0,0,1,
	4.94635900,12.81340000,6.36595500,20.73384000,23.11999000,2.48000900,0,0,0,1,
	4.95075800,12.81340000,6.36595500,20.73384000,23.03999000,0.64000910,0,0,0,1,
	4.95571100,12.81340000,6.36595500,20.73384000,23.03999000,359.52000000,0,0,0,1,
	4.96180100,12.79318000,6.45735500,20.98137000,22.95999000,358.56000000,0,0,0,1,
	4.96853500,12.79318000,6.45735500,20.98137000,22.95999000,357.28000000,0,0,0,1,
	4.97613300,12.79318000,6.45735500,20.98137000,22.87999000,355.92000000,0,0,0,1,
	4.98159900,12.75497000,6.54235500,21.22757000,22.79999000,354.40000000,0,0,0,1,
	4.98928200,12.75497000,6.54235500,21.22757000,22.79999000,353.36000000,0,0,0,1,
	4.99602400,12.75497000,6.54235500,21.22757000,22.71999000,351.60000000,0,0,0,1,
	5.00166800,12.69784000,6.62095500,21.47092000,22.63999000,350.00000000,0,0,0,1,
	5.01199900,12.69784000,6.62095500,21.47092000,22.63999000,348.96000000,0,0,0,1,
	5.01925500,12.62508000,6.69315500,21.71067000,22.47999000,346.32000000,0,0,0,1,
	5.02600500,12.62508000,6.69315500,21.71067000,22.39999000,344.64000000,0,0,0,1,
	5.03363700,12.62508000,6.69315500,21.71067000,22.23999000,343.04000000,0,0,0,1,
	5.04005600,12.53058000,6.75895500,21.94373000,22.07999000,341.12000000,0,0,0,1,
	5.04606100,12.53058000,6.75895500,21.94373000,21.99999000,339.84000000,0,0,0,1,
	5.05323600,12.53058000,6.75895500,21.94373000,21.83999000,338.56000000,0,0,0,1,
	5.05926800,12.41944000,6.81835500,22.17018000,21.75999000,337.04000000,0,0,0,1,
	5.06596800,12.41944000,6.81835500,22.17018000,21.59999000,335.92000000,0,0,0,1,
	5.07282400,12.41944000,6.81835500,22.17018000,21.51999000,334.56000000,0,0,0,1,
	5.08084200,12.29398000,6.87135500,22.38985000,21.51999000,333.44000000,0,0,0,1,
	5.08709700,12.29398000,6.87135500,22.38985000,21.43999000,331.92000000,0,0,0,1,
	5.09303200,12.29398000,6.87135500,22.38985000,21.35999000,331.04000000,0,0,0,1,
	5.10004000,12.15552000,6.91795500,22.60237000,21.35999000,330.08000000,0,0,0,1,
	5.10826300,12.15552000,6.91795500,22.60237000,21.27999000,328.96000000,0,0,0,1,
	5.11387400,12.15552000,6.91795500,22.60237000,21.19999000,327.92000000,0,0,0,1,
	5.12319900,12.00595000,6.95815500,22.80796000,21.19999000,327.12000000,0,0,0,1,
	5.13216400,12.00595000,6.95815500,22.80796000,21.11999000,326.08000000,0,0,0,1,
	5.13926400,11.84935000,6.99195500,23.00875000,21.11999000,325.20000000,0,0,0,1,
	5.14525600,11.84935000,6.99195500,23.00875000,21.03999000,324.72000000,0,0,0,1,
	5.15077900,11.84935000,6.99195500,23.00875000,21.03999000,324.48000000,0,0,0,1,
	5.15510100,11.84935000,6.99195500,23.00875000,20.95999000,324.32000000,0,0,0,1,
	5.15842200,11.68956000,7.01935500,23.20728000,20.95999000,324.32000000,0,0,0,1,
	5.16306900,11.68956000,7.01935500,23.20728000,20.95999000,324.32000000,0,0,0,1,
	5.16568100,11.68956000,7.01935500,23.20728000,20.95999000,324.32000000,0,0,0,1,
	5.16933900,11.68956000,7.01935500,23.20728000,20.95999000,324.32000000,0,0,0,1,
	5.17222000,11.68956000,7.01935500,23.20728000,20.95999000,324.32000000,0,0,0,1,
	5.17600700,11.68956000,7.01935500,23.20728000,20.95999000,324.32000000,0,0,0,1,
	5.17880300,11.52977000,7.04035500,23.40581000,20.95999000,324.32000000,0,0,0,1,
	5.18340300,11.52977000,7.04035500,23.40581000,20.95999000,324.32000000,0,0,0,1,
	5.18671500,11.52977000,7.04035500,23.40581000,20.95999000,324.32000000,0,0,0,1,
	5.19404300,11.52977000,7.04035500,23.40581000,20.95999000,324.32000000,0,0,1,0,
	5.20111400,11.38189000,7.05495500,23.61289000,20.87999000,324.32000000,0,0,1,0,
	5.20728800,11.38189000,7.05495500,23.61289000,20.87999000,324.48000000,0,0,1,0,
	5.21341700,11.38189000,7.05495500,23.61289000,20.79999000,324.56000000,0,0,1,0,
	5.21961900,11.24602000,7.06315500,23.82854000,20.79999000,324.64000000,0,0,1,0,
	5.22565900,11.24602000,7.06315500,23.82854000,20.71999000,324.80000000,0,0,1,0,
	5.23013100,11.24602000,7.06315500,23.82854000,20.63999000,324.96000000,0,0,1,0,
	5.23470500,11.24602000,7.06315500,23.82854000,20.63999000,325.04000000,0,0,1,0,
	5.24065700,11.11220000,7.06495500,24.04562000,20.63999000,325.20000000,0,0,1,0,
	5.24722300,11.11220000,7.06495500,24.04562000,20.55999000,325.44000000,0,0,1,0,
	5.25217700,11.11220000,7.06495500,24.04562000,20.55999000,325.76000000,0,0,1,0,
	5.25975500,10.98131000,7.06035500,24.26471000,20.55999000,326.00000000,0,0,1,0,
	5.26574800,10.98131000,7.06035500,24.26471000,20.55999000,326.72000000,0,0,1,0,
	5.27596400,10.98131000,7.06035500,24.26471000,20.55999000,327.12000000,0,0,1,0,
	5.28279200,10.85914000,7.04935500,24.48932000,20.55999000,328.32000000,0,0,1,0,
	5.28926400,10.85914000,7.04935500,24.48932000,20.55999000,329.12000000,0,0,1,0,
	5.30214100,10.74313000,7.03195500,24.71756000,20.55999000,329.92000000,0,0,1,0,
	5.30909700,10.74313000,7.03195500,24.71756000,20.55999000,331.68000000,0,0,1,0,
	5.31344800,10.74313000,7.03195500,24.71756000,20.55999000,332.72000000,0,0,1,0,
	5.31896400,10.64007000,7.00815500,24.95262000,20.55999000,333.20000000,0,0,1,0,
	5.32581900,10.64007000,7.00815500,24.95262000,20.55999000,334.24000000,0,0,1,0,
	5.33262000,10.64007000,7.00815500,24.95262000,20.63999000,335.28000000,0,0,1,0,
	5.34011500,10.55071000,6.97795500,25.19393000,20.63999000,336.56000000,0,0,1,0,
	5.34788800,10.55071000,6.97795500,25.19393000,20.71999000,337.76000000,0,0,1,0,
	5.35314700,10.55071000,6.97795500,25.19393000,20.71999000,339.52000000,0,0,1,0,
	5.35979700,10.47848000,7.08855500,25.44172000,20.71999000,340.64000000,0,0,1,0,
	5.36604700,10.47848000,7.08855500,25.44172000,20.79999000,342.16000000,0,0,1,0,
	5.37227300,10.47848000,7.08855500,25.44172000,20.79999000,343.76000000,0,0,1,0,
	5.37999100,10.42562000,7.19275500,25.69519000,20.87999000,345.12000000,0,0,1,0,
	5.38678600,10.42562000,7.19275500,25.69519000,20.88000000,347.04000000,0,0,1,0,
	5.39468800,10.42562000,7.19275500,25.69519000,20.95999000,348.72000000,0,0,1,0,
	5.40006800,10.39723000,7.29055500,25.95351000,21.03999000,350.64000000,0,0,1,0,
	5.40686200,10.39723000,7.29055500,25.95351000,21.11999000,352.00000000,0,0,1,0,
	5.41481900,10.39723000,7.29055500,25.95351000,21.19999000,353.52000000,0,0,1,0,
	5.42294000,10.38976000,7.38195500,26.21412000,21.35999000,355.28000000,0,0,1,0,
	5.42884300,10.38976000,7.38195500,26.21412000,21.51999000,356.96000000,0,0,1,0,
	5.43504600,10.38976000,7.38195500,26.21412000,21.59999000,358.32000000,0,0,1,0,
	5.44316100,10.40194000,7.46695500,26.47536000,21.75999000,359.60000000,0,0,1,0,
	5.44933500,10.40194000,7.46695500,26.47536000,21.99999000,1.44002000,0,0,1,0,
	5.45576300,10.40194000,7.46695500,26.47536000,22.15999000,2.80002000,0,0,1,0,
	5.46234000,10.43636000,7.54555500,26.73548000,22.39999000,4.48002100,0,0,1,0,
	5.46927100,10.43636000,7.54555500,26.73548000,22.55999000,5.92002100,0,0,1,0,
	5.47601300,10.43636000,7.54555500,26.73548000,22.79999000,7.60002000,0,0,1,0,
	5.48318500,10.49221000,7.61775400,26.99273000,22.95999000,9.20002200,0,0,1,0,
	5.49259100,10.49221000,7.61775400,26.99273000,23.19999000,10.80002000,0,0,1,0,
	5.49816500,10.56424000,7.68355500,27.24657000,23.35999000,12.80002000,0,0,1,0,
	5.50399000,10.56424000,7.68355500,27.24657000,23.43999000,13.84002000,0,0,1,0,
	5.51055000,10.56424000,7.68355500,27.24657000,23.51999000,14.96002000,0,0,1,0,
	5.51545500,10.56424000,7.68355500,27.24657000,23.59998000,16.24002000,0,0,1,0,
	5.52079100,10.65473000,7.74295500,27.49532000,23.59999000,16.96002000,0,0,1,0,
	5.52692500,10.65473000,7.74295500,27.49532000,23.67999000,18.00002000,0,0,1,0,
	5.53295900,10.65473000,7.74295500,27.49532000,23.67999000,18.96002000,0,0,1,0,
	5.54021400,10.75747000,7.79595500,27.73989000,23.75999000,19.76002000,0,0,1,0,
	5.54686000,10.75747000,7.79595500,27.73989000,23.75999000,20.72002000,0,0,1,0,
	5.55392000,10.75747000,7.79595500,27.73989000,23.83999000,21.52002000,0,0,1,0,
	5.55978400,10.87054000,7.84255500,27.98042000,23.83999000,22.16002000,0,0,1,0,
	5.56548900,10.87054000,7.84255500,27.98042000,23.91999000,22.64002000,0,0,1,0,
	5.57014100,10.87054000,7.84255500,27.98042000,23.91999000,22.96002000,0,0,1,0,
	5.57513600,10.87054000,7.84255500,27.98042000,23.91999000,23.20002000,0,0,1,0,
	5.58044200,10.98874000,7.88275400,28.21877000,23.91999000,23.36002000,0,0,1,0,
	5.58392600,10.98874000,7.88275400,28.21877000,23.99999000,23.36002000,0,0,1,0,
	5.58767500,10.98874000,7.88275400,28.21877000,23.99999000,23.36002000,0,0,1,0,
	5.59053200,10.98874000,7.88275400,28.21877000,23.99999000,23.36002000,0,0,1,0,
	5.59454200,10.98874000,7.88275400,28.21877000,23.99999000,23.36002000,0,0,1,0,
	5.59705500,10.98874000,7.88275400,28.21877000,23.99999000,23.36002000,0,0,1,0,
	5.60097300,11.10694000,7.91655400,28.45713000,23.99999000,23.36002000,0,0,1,0,
	5.60420600,11.10694000,7.91655400,28.45713000,23.99999000,23.36002000,0,0,1,0,
	5.60861700,11.10694000,7.91655400,28.45713000,23.99999000,23.36002000,0,0,1,0,
	5.61349200,11.10694000,7.91655400,28.45713000,23.99999000,23.28002000,0,0,1,0,
	5.61780100,11.10694000,7.91655400,28.45713000,23.99999000,23.12002000,0,0,1,0,
	5.62285700,11.22514000,7.94395400,28.69549000,23.99999000,22.96002000,0,0,1,0,
	5.63279400,11.22514000,7.94395400,28.69549000,23.99999000,22.72001000,0,0,1,1,
	5.64477100,11.34334000,7.96495400,28.93385000,23.99999000,22.08002000,0,0,0,1,
	5.65275400,11.34334000,7.96495400,28.93385000,23.91999000,21.04002000,0,0,0,1,
	5.65996100,11.42420000,7.97955400,29.18631000,23.91999000,20.16002000,0,0,0,1,
	5.66694400,11.42420000,7.97955400,29.18631000,23.83999000,19.44002000,0,0,0,1,
	5.67447500,11.42420000,7.97955400,29.18631000,23.83999000,18.48002000,0,0,0,1,
	5.67983300,11.49109000,7.98775400,29.44348000,23.75999000,17.60002000,0,0,0,1,
	5.68843200,11.49109000,7.98775400,29.44348000,23.75999000,16.64002000,0,0,0,1,
	5.69411400,11.49109000,7.98775400,29.44348000,23.75999000,15.36002000,0,0,0,1,
	5.69960300,11.54332000,7.98955400,29.70469000,23.67999000,14.32002000,0,0,0,1,
	5.70594500,11.54332000,7.98955400,29.70469000,23.67999000,13.28002000,0,0,0,1,
	5.71372300,11.54332000,7.98955400,29.70469000,23.67999000,12.16002000,0,0,0,1,
	5.72120700,11.57807000,7.98495400,29.96953000,23.59999000,10.48002000,0,0,0,1,
	5.72695800,11.57807000,7.98495400,29.96953000,23.59999000,8.80001800,0,0,0,1,
	5.73411800,11.57807000,7.98495400,29.96953000,23.51999000,7.52001900,0,0,0,1,
	5.74055700,11.59062000,7.97395400,30.23719000,23.43999000,5.68001700,0,0,0,1,
	5.74683700,11.59062000,7.97395400,30.23719000,23.27999000,3.92001800,0,0,0,1,
	5.75146300,11.59062000,7.97395400,30.23719000,23.19999000,2.48001800,0,0,0,1,
	5.75771400,11.59062000,7.97395400,30.23719000,23.19999000,1.44001700,0,0,0,1,
	5.76745700,11.57475000,7.95655400,30.50578000,23.03999000,359.60000000,0,0,0,1,
	5.77564700,11.57475000,7.95655400,30.50578000,22.87999000,356.96000000,0,0,0,1,
	5.78197400,11.53714000,7.93275500,30.77288000,22.79999000,354.96000000,0,0,0,1,
	5.78908500,11.53714000,7.93275500,30.77288000,22.71999000,353.68000000,0,0,0,1,
	5.79811200,11.48534000,7.90255500,31.03815000,22.71999000,351.92000000,0,0,0,1,
	5.80466100,11.48534000,7.90255500,31.03815000,22.55999000,350.08000000,0,0,0,1,
	5.81210800,11.48534000,7.90255500,31.03815000,22.39999000,348.72000000,0,0,0,1,
	5.81781200,11.48534000,7.90255500,31.03815000,22.31999000,347.44000000,0,0,0,1,
	5.82414100,11.40765000,7.86595400,31.29811000,22.15999000,346.32000000,0,0,0,1,
	5.83118400,11.40765000,7.86595400,31.29811000,22.07999000,345.12000000,0,0,0,1,
	5.83740600,11.40765000,7.86595400,31.29811000,21.91999000,344.08000000,0,0,0,1,
	5.84338400,11.31503000,7.82295400,31.55382000,21.83999000,343.04000000,0,0,0,1,
	5.84897100,11.31503000,7.82295400,31.55382000,21.75999000,342.32000000,0,0,0,1,
	5.85646900,11.31503000,7.82295400,31.55382000,21.59999000,341.52000000,0,0,0,1,
	5.86572600,11.21233000,7.77355400,31.80616000,21.51999000,340.80000000,0,0,0,1,
	5.87201400,11.21233000,7.77355400,31.80616000,21.43999000,340.00000000,0,0,0,1,
	5.87750300,11.21233000,7.77355400,31.80616000,21.43999000,339.76000000,0,0,0,1,
	5.88270500,11.10392000,7.71775400,32.05642000,21.35999000,339.52000000,0,0,0,1,
	5.88847900,11.10392000,7.71775400,32.05642000,21.35999000,339.36000000,0,0,0,1,
	5.89288000,11.10392000,7.71775400,32.05642000,21.35999000,339.28000000,0,0,0,1,
	5.89549000,11.10392000,7.71775400,32.05642000,21.35999000,339.28000000,0,0,0,1,
	5.89902100,10.99444000,7.65555400,32.30627000,21.35999000,339.28000000,0,0,0,1,
	5.90247000,10.99444000,7.65555400,32.30627000,21.35999000,339.28000000,0,0,0,1,
	5.90678600,10.99444000,7.65555400,32.30627000,21.35999000,339.28000000,0,0,0,1,
	5.90948100,10.99444000,7.65555400,32.30627000,21.35999000,339.28000000,0,0,0,1,
	5.91330000,10.99444000,7.65555400,32.30627000,21.35999000,339.28000000,0,0,0,1,
	5.91608100,10.99444000,7.65555400,32.30627000,21.35999000,339.28000000,0,0,0,1,
	5.91997100,10.88497000,7.58695400,32.55612000,21.35999000,339.28000000,0,0,0,1,
	5.92384900,10.88497000,7.58695400,32.55612000,21.35999000,339.28000000,0,0,0,1,
	5.92745900,10.88497000,7.58695400,32.55612000,21.35999000,339.28000000,0,0,0,1,
	5.93009600,10.88497000,7.58695400,32.55612000,21.35999000,339.28000000,0,0,0,1,
	5.93369000,10.88497000,7.58695400,32.55612000,21.35999000,339.28000000,0,0,0,1,
	5.93801700,10.77549000,7.51195400,32.80597000,21.35999000,339.28000000,0,0,0,1,
	5.94296000,10.77549000,7.51195400,32.80597000,21.35999000,339.36000000,0,0,0,1,
	5.94592200,10.77549000,7.51195400,32.80597000,21.35999000,339.36000000,0,0,0,1,
	5.94976800,10.77549000,7.51195400,32.80597000,21.35999000,339.36000000,0,0,0,1,
	5.95253700,10.77549000,7.51195400,32.80597000,21.35999000,339.36000000,0,0,0,1,
	5.95631800,10.77549000,7.51195400,32.80597000,21.35999000,339.36000000,0,0,0,1,
	5.95880300,10.66601000,7.43055400,33.05582000,21.35999000,339.36000000,0,0,0,1,
	5.96324900,10.66601000,7.43055400,33.05582000,21.35999000,339.36000000,0,0,0,1,
	5.96601400,10.66601000,7.43055400,33.05582000,21.35999000,339.36000000,0,0,0,1,
	5.97000200,10.66601000,7.43055400,33.05582000,21.35999000,339.36000000,0,0,0,1,
	5.97258500,10.66601000,7.43055400,33.05582000,21.35999000,339.36000000,0,0,0,1,
	5.97686600,10.66601000,7.43055400,33.05582000,21.35999000,339.36000000,0,0,0,1,
	5.97954900,10.55653000,7.34275400,33.30567000,21.35999000,339.36000000,0,0,0,1,
	5.98408700,10.55653000,7.34275400,33.30567000,21.35999000,339.36000000,0,0,0,1,
	5.98664700,10.55653000,7.34275400,33.30567000,21.35999000,339.36000000,0,0,0,1,
	5.99105700,10.55653000,7.34275400,33.30567000,21.35999000,339.36000000,0,0,0,1,
	5.99369200,10.55653000,7.34275400,33.30567000,21.35999000,339.36000000,0,0,0,1,
	5.99752100,10.55653000,7.34275400,33.30567000,21.35999000,339.36000000,0,0,0,1,
	6.00005300,10.44705000,7.24855400,33.55552000,21.35999000,339.36000000,0,0,0,1,
	6.00455500,10.44705000,7.24855400,33.55552000,21.35999000,339.36000000,0,0,0,1,
	6.00729800,10.44705000,7.24855400,33.55552000,21.35999000,339.36000000,0,0,0,1,
	6.01238000,10.44705000,7.24855400,33.55552000,21.35999000,339.36000000,0,0,0,1,
	6.01569500,10.44705000,7.24855400,33.55552000,21.35999000,339.44000000,0,0,0,1,
	6.01908100,10.33758000,7.14795400,33.80537000,21.35999000,339.44000000,0,0,0,1,
	6.02380400,10.33758000,7.14795400,33.80537000,21.35999000,339.44000000,0,0,0,1,
	6.02677200,10.33758000,7.14795400,33.80537000,21.35999000,339.44000000,0,0,0,1,
	6.02975500,10.33758000,7.14795400,33.80537000,21.35999000,339.44000000,0,0,0,1,
	6.03478900,10.33758000,7.14795400,33.80537000,21.35999000,339.44000000,0,1,0,1,
	6.04043600,10.22393000,7.04095400,34.04606000,21.35999000,339.44000000,0,1,0,1,
	6.04610600,10.22393000,7.04095400,34.04606000,21.35999000,339.44000000,0,1,0,1,
	6.04917700,10.22393000,7.04095400,34.04606000,21.35999000,339.52000000,0,1,0,1,
	6.05412900,10.22393000,7.04095400,34.04606000,21.35999000,339.52000000,0,1,0,0,
	6.06071000,10.10183000,7.15155400,34.25128000,21.35999000,339.52000000,0,1,0,0,
	6.08843100,9.98432500,7.25575400,34.44417000,21.35999000,339.52000000,0,1,0,0,
	6.09393100,9.98432500,7.25575400,34.44417000,21.35999000,339.52000000,0,1,0,0,
	6.09986300,9.89007100,7.35355400,34.57481000,21.35999000,339.52000000,0,1,0,0,
	6.10670600,9.89007100,7.35355400,34.57481000,21.35999000,339.52000000,0,1,0,0,
	6.11074900,9.89007100,7.35355400,34.57481000,21.35999000,339.52000000,0,1,0,0,
	6.11503300,9.89007100,7.35355400,34.57481000,21.35999000,339.52000000,0,1,0,0,
	6.11811800,9.81058300,7.44495400,34.51506000,21.35999000,339.52000000,0,1,0,0,
	6.12351700,9.81058300,7.44495400,34.51506000,21.35999000,339.52000000,0,1,0,0,
	6.12713500,9.81058300,7.44495400,34.51506000,21.35999000,339.52000000,0,1,0,0,
	6.13093400,9.81058300,7.44495400,34.51506000,21.35999000,339.52000000,0,1,0,0,
	6.13524400,9.81058300,7.44495400,34.51506000,21.35999000,339.52000000,0,1,0,0,
	6.13858400,9.74523800,7.52995400,34.47719000,21.35999000,339.52000000,0,1,0,0,
	6.14478300,9.74523800,7.52995400,34.47719000,21.35999000,339.52000000,0,1,0,0,
	6.14951700,9.74523800,7.52995400,34.47719000,21.35999000,339.52000000,0,1,0,0,
	6.15310100,9.74523800,7.52995400,34.47719000,21.35999000,339.52000000,0,1,0,0,
	6.15777600,9.74523800,7.52995400,34.47719000,21.35999000,339.52000000,0,1,0,0,
	6.16047700,9.68037900,7.60855400,34.43802000,21.35999000,339.52000000,0,1,0,0,
	6.16488600,9.68037900,7.60855400,34.43802000,21.35999000,339.52000000,0,1,0,0,
	6.16811600,9.68037900,7.60855400,34.43802000,21.35999000,339.52000000,0,1,0,0,
	6.17220100,9.68037900,7.60855400,34.43802000,21.35999000,339.52000000,0,1,0,0,
	6.17524100,9.68037900,7.60855400,34.43802000,21.35999000,339.52000000,0,1,0,0,
	6.17894900,9.61552000,7.68075400,34.39885000,21.35999000,339.52000000,0,1,0,0,
	6.18322300,9.61552000,7.68075400,34.39885000,21.35999000,339.52000000,0,1,0,0,
	6.18658600,9.61552000,7.68075400,34.39885000,21.35999000,339.52000000,0,1,0,0,
	6.19021300,9.61552000,7.68075400,34.39885000,21.35999000,339.52000000,0,1,0,0,
	6.19335700,9.61552000,7.68075400,34.39885000,21.35999000,339.52000000,0,1,0,0,
	6.19659300,9.61552000,7.68075400,34.39885000,21.35999000,339.52000000,0,1,0,0,
	6.20082400,9.55066000,7.74655400,34.35968000,21.35999000,339.52000000,0,1,0,0,
	6.20571300,9.55066000,7.74655400,34.35968000,21.35999000,339.52000000,0,1,0,0,
	6.20870800,9.55066000,7.74655400,34.35968000,21.35999000,339.52000000,0,1,0,0,
	6.21336800,9.55066000,7.74655400,34.35968000,21.35999000,339.52000000,0,1,0,0,
	6.21667000,9.55066000,7.74655400,34.35968000,21.35999000,339.52000000,0,1,0,0,
	6.22106300,9.48580100,7.80595400,34.32051000,21.35999000,339.52000000,0,1,0,0,
	6.22634100,9.48580100,7.80595400,34.32051000,21.35999000,339.52000000,0,1,0,0,
	6.22956300,9.48580100,7.80595400,34.32051000,21.35999000,339.52000000,0,1,0,0,
	6.23602700,9.48580100,7.80595400,34.32051000,21.35999000,339.52000000,0,0,0,0,
	6.24264000,9.42094100,7.85895400,34.28135000,21.35999000,339.52000000,0,0,0,0,
	6.24755700,9.42094100,7.85895400,34.28135000,21.35999000,339.52000000,0,0,0,0,
	6.25075500,9.42094100,7.85895400,34.28135000,21.35999000,339.52000000,0,0,0,0,
	6.25517000,9.42094100,7.85895400,34.28135000,21.35999000,339.52000000,0,0,0,0,
	6.25842700,9.35608200,7.90555400,34.24218000,21.35999000,339.52000000,0,0,0,0,
	6.26306200,9.35608200,7.90555400,34.24218000,21.35999000,339.52000000,0,0,0,0,
	6.26713700,9.35608200,7.90555400,34.24218000,21.35999000,339.52000000,0,0,0,0,
	6.27037300,9.35608200,7.90555400,34.24218000,21.35999000,339.52000000,0,0,0,0,
	6.27537500,9.35608200,7.90555400,34.24218000,21.35999000,339.52000000,0,0,0,0,
	6.27970100,9.29122300,7.94575400,34.20301000,21.35999000,339.52000000,0,0,0,0,
	6.28527000,9.29122300,7.94575400,34.20301000,21.35999000,339.52000000,0,0,0,0,
	6.28937600,9.29122300,7.94575400,34.20301000,21.35999000,339.52000000,0,0,0,0,
	6.29218700,9.29122300,7.94575400,34.20301000,21.35999000,339.52000000,0,0,0,0,
	6.29617300,9.29122300,7.94575400,34.20301000,21.35999000,339.52000000,0,0,0,0,
	6.29873100,9.22636300,7.97955400,34.16384000,21.35999000,339.52000000,0,0,0,0,
	6.30366100,9.22636300,7.97955400,34.16384000,21.35999000,339.52000000,0,0,0,0,
	6.30630900,9.22636300,7.97955400,34.16384000,21.35999000,339.52000000,0,0,0,0,
	6.31057000,9.22636300,7.97955400,34.16384000,21.35999000,339.52000000,0,0,0,0,
	6.31338700,9.22636300,7.97955400,34.16384000,21.35999000,339.52000000,0,0,0,0,
	6.31733600,9.22636300,7.97955400,34.16384000,21.35999000,339.52000000,0,0,0,0,
	6.32004100,9.16150400,8.00695300,34.12467000,21.35999000,339.52000000,0,0,0,0,
	6.32494000,9.16150400,8.00695300,34.12467000,21.35999000,339.52000000,0,0,0,0,
	6.32744900,9.16150400,8.00695300,34.12467000,21.35999000,339.52000000,0,0,0,0,
	6.33156200,9.16150400,8.00695300,34.12467000,21.35999000,339.52000000,0,0,0,0,
	6.33649500,9.16150400,8.00695300,34.12467000,21.35999000,339.52000000,0,0,0,0,
	6.34003600,9.09664400,8.02795300,34.08550000,21.35999000,339.52000000,0,0,0,0,
	6.34451100,9.09664400,8.02795300,34.08550000,21.35999000,339.52000000,0,0,0,0,
end
